181.241 25.943
181.495 34.276
181.749 33.276
182.003 34.276
182.257 20.943
182.511 14.610
182.765 14.943
183.019 18.943
183.273 9.943
183.528 2.610
183.782 -7.724
184.036 2.276
184.290 7.943
184.544 17.609
184.798 13.609
185.052 16.943
185.306 2.609
185.560 8.276
185.814 -1.057
186.068 -0.724
186.322 -14.391
186.576 -6.391
186.830 3.942
187.084 27.609
187.339 21.942
187.593 19.609
187.847 11.609
188.101 12.276
188.355 16.609
188.609 24.609
188.863 5.609
189.117 -5.724
189.371 -15.391
189.625 6.275
189.879 5.609
190.133 0.609
190.387 5.609
190.641 17.942
190.895 21.609
191.150 15.275
191.404 16.275
191.658 0.275
191.912 -0.725
192.166 -3.725
192.420 7.275
192.674 6.608
192.928 1.942
193.182 -2.058
193.436 -12.392
193.690 -13.392
193.944 -9.058
194.198 -13.392
194.452 -18.058
194.706 -15.058
194.961 8.275
195.215 39.608
195.469 41.275
195.723 31.941
195.977 14.608
196.231 20.275
196.485 28.608
196.739 39.941
196.993 26.608
197.247 14.941
197.501 -3.725
197.755 -1.392
198.009 -11.726
198.263 -10.059
198.517 -17.726
198.772 -6.392
199.026 5.274
199.280 18.941
199.534 21.608
199.788 0.608
200.042 7.608
200.296 4.941
200.550 19.941
200.804 12.941
201.058 17.607
201.312 15.607
201.566 9.941
201.820 13.274
202.074 10.941
202.328 30.274
202.583 36.607
202.837 46.941
203.091 43.940
203.345 19.607
203.599 20.274
203.853 3.274
204.107 8.940
204.361 -2.060
204.615 -15.726
204.869 2.607
205.123 6.274
205.377 23.940
205.631 18.274
205.885 5.273
206.139 21.607
206.394 15.607
206.648 34.940
206.902 17.607
207.156 20.273
207.410 8.940
207.664 3.940
207.918 3.273
208.172 20.607
208.426 31.940
208.680 28.273
208.934 12.606
209.188 6.606
209.442 0.940
209.696 8.273
209.950 -2.727
210.205 -0.727
210.459 -15.727
210.713 -0.394
210.967 11.940
211.221 27.939
211.475 36.273
211.729 30.606
211.983 17.273
212.237 9.273
212.491 5.606
212.745 0.273
212.999 5.939
213.253 -0.061
213.507 3.606
213.761 -2.728
214.016 29.606
214.270 36.939
214.524 42.939
214.778 2.939
215.032 4.939
215.286 0.939
215.540 12.272
215.794 21.606
216.048 6.272
216.302 17.939
216.556 8.272
216.810 13.605
217.064 -5.395
217.318 1.605
217.572 1.605
217.827 1.605
218.081 -3.728
218.335 1.605
218.589 7.939
218.843 2.272
219.097 13.605
219.351 20.605
219.605 31.938
219.859 45.938
220.113 41.605
220.367 34.272
220.621 6.272
220.875 6.938
221.129 15.272
221.383 23.605
221.638 25.271
221.892 10.938
222.146 7.605
222.400 13.271
222.654 23.271
222.908 29.271
223.162 20.605
223.416 6.938
223.670 -10.395
223.924 4.271
224.178 -6.062
224.432 0.271
224.686 -7.396
224.940 9.938
225.195 20.604
225.449 18.604
225.703 13.938
225.957 7.938
226.211 5.271
226.465 22.604
226.719 31.937
226.973 48.604
227.227 45.271
227.481 26.604
227.735 12.604
227.989 -6.063
228.243 -5.729
228.497 5.271
228.751 27.270
229.006 23.604
229.260 14.937
229.514 -8.063
229.768 -2.396
230.022 -16.730
230.276 -14.730
230.530 -14.063
230.784 -14.730
231.038 -1.063
231.292 3.603
231.546 24.270
231.800 25.937
232.054 20.270
232.308 11.270
232.562 10.937
232.817 21.603
233.071 18.270
233.325 23.270
233.579 13.937
233.833 8.603
234.087 -13.064
234.341 -23.730
234.595 -19.397
234.849 -0.730
235.103 23.936
235.357 21.270
235.611 20.603
235.865 14.936
236.119 27.936
236.373 16.269
236.628 7.936
236.882 4.269
237.136 11.603
237.390 19.603
237.644 17.603
237.898 22.603
238.152 7.269
238.406 6.269
238.660 -9.731
238.914 6.269
239.168 3.602
239.422 4.936
239.676 3.269
239.930 7.269
240.184 15.602
240.439 33.936
240.693 26.269
240.947 2.602
241.201 -17.065
241.455 -7.065
241.709 10.269
241.963 12.602
242.217 -1.731
242.471 -6.065
242.725 -4.398
242.979 2.269
243.233 11.602
243.487 7.935
243.741 0.935
243.995 2.268
244.250 7.935
244.504 8.935
244.758 1.268
245.012 -6.065
245.266 10.602
245.520 22.601
245.774 45.268
246.028 38.935
246.282 38.268
246.536 15.935
246.790 8.268
247.044 18.268
247.298 22.601
247.552 26.601
247.806 23.935
248.061 31.268
248.315 35.268
248.569 18.601
248.823 5.601
249.077 -5.399
249.331 -8.066
249.585 -5.066
249.839 16.601
250.093 29.934
250.347 26.267
250.601 17.267
250.855 15.934
251.109 15.601
251.363 9.267
251.617 10.934
251.872 5.267
252.126 14.267
252.380 17.267
252.634 41.600
252.888 35.934
253.142 27.267
253.396 9.267
253.650 6.600
253.904 5.934
254.159 -0.733
254.413 3.600
254.667 23.934
254.922 33.933
255.176 35.600
255.431 22.600
255.685 23.600
255.939 14.267
256.194 11.600
256.448 8.600
256.702 20.933
256.957 20.933
257.211 6.600
257.465 -2.067
257.720 -6.067
257.974 22.600
258.228 38.933
258.483 19.266
258.737 3.266
258.992 -23.400
259.246 -4.401
259.500 8.933
259.755 33.599
260.009 53.933
260.263 40.599
260.518 22.266
260.772 5.599
261.026 13.933
261.281 23.266
261.535 24.599
261.789 18.266
262.044 30.932
262.298 13.266
262.553 10.266
262.807 -12.068
263.061 5.932
263.316 13.599
263.570 22.266
263.824 6.265
264.079 8.932
264.333 12.932
264.587 27.932
264.842 9.932
265.096 4.265
265.351 7.932
265.605 20.599
265.859 17.265
266.114 13.932
266.368 28.598
266.622 34.265
266.877 24.598
267.131 11.932
267.385 3.598
267.640 9.932
267.894 1.265
268.148 -1.402
268.403 11.265
268.657 23.931
268.912 46.931
269.166 45.265
269.420 43.265
269.675 30.265
269.929 18.598
270.183 12.931
270.438 9.264
270.692 6.931
270.946 9.598
271.201 2.931
271.455 -4.736
271.709 -22.069
271.964 4.598
272.218 27.264
272.473 45.597
272.727 39.931
272.981 27.264
273.236 22.597
273.490 22.264
273.744 8.264
273.999 13.597
274.253 20.931
274.507 34.597
274.762 32.264
275.016 29.930
275.271 31.930
275.525 36.930
275.779 20.597
276.034 25.930
276.288 21.264
276.542 2.597
276.797 -2.070
277.051 6.263
277.305 46.930
277.560 51.263
277.814 28.263
278.068 -2.070
278.323 -16.070
278.577 -9.403
278.832 -5.404
279.086 -2.404
279.340 -10.070
279.595 -1.404
279.849 16.930
280.103 35.263
280.358 50.263
280.612 41.263
280.866 17.596
281.121 0.263
281.375 6.596
281.629 31.929
281.884 27.263
282.138 24.929
282.393 13.929
282.647 23.263
282.901 15.596
283.156 16.596
283.410 7.262
283.664 7.596
283.919 7.596
284.173 22.596
284.427 37.262
284.682 45.929
284.936 40.595
285.191 16.929
285.445 11.929
285.699 11.929
285.954 20.262
286.208 14.929
286.462 2.595
286.717 -13.071
286.971 6.595
287.225 17.595
287.480 31.928
287.734 23.928
287.988 20.262
288.243 22.928
288.497 18.928
288.752 20.595
289.006 17.928
289.260 32.928
289.515 30.595
289.769 13.928
290.023 -13.739
290.278 -18.405
290.532 -10.405
290.786 11.595
291.041 23.928
291.295 36.261
291.549 27.928
291.804 12.261
292.058 14.928
292.313 5.928
292.567 7.928
292.821 -15.072
293.076 -9.406
293.330 -10.739
293.584 4.594
293.839 11.261
294.093 25.261
294.347 29.594
294.602 27.261
294.856 14.594
295.111 22.594
295.365 25.594
295.619 37.594
295.874 29.260
296.128 44.260
296.382 64.927
296.637 62.260
296.891 67.927
297.145 69.927
297.400 96.593
297.654 84.927
297.908 77.260
298.163 78.927
298.417 95.927
298.672 117.927
298.926 137.260
299.180 157.593
299.435 176.926
299.689 200.926
299.943 224.593
300.198 237.926
300.452 233.593
300.706 259.926
300.961 293.593
301.215 350.593
301.469 399.926
301.724 456.259
301.978 495.926
302.233 547.593
302.487 609.593
302.741 683.592
302.996 730.592
303.250 813.259
303.504 903.926
303.759 998.592
304.013 1082.259
304.267 1167.259
304.522 1281.259
304.776 1388.592
305.031 1498.925
305.285 1612.592
305.539 1721.259
305.794 1882.592
306.048 2017.592
306.302 2193.592
306.557 2332.592
306.811 2520.258
307.065 2668.925
307.320 2823.592
307.574 2939.925
307.828 3014.258
308.083 3133.925
308.337 3256.925
308.592 3416.258
308.846 3522.591
309.100 3608.591
309.355 3724.925
309.609 3777.591
309.863 3831.591
310.118 3812.925
310.372 3788.258
310.626 3744.924
310.881 3723.924
311.135 3662.924
311.389 3583.591
311.644 3477.591
311.898 3419.924
312.153 3337.924
312.407 3231.924
312.661 3108.591
312.916 2962.257
313.170 2848.591
313.429 2737.257
313.688 2619.924
313.947 2463.257
314.206 2298.257
314.465 2200.924
314.724 2117.924
314.983 2025.924
315.242 1897.924
315.501 1776.257
315.760 1632.590
316.019 1523.923
316.278 1444.590
316.536 1417.257
316.795 1355.590
317.054 1253.257
317.313 1172.923
317.572 1095.257
317.831 1055.590
318.090 998.256
318.349 971.923
318.608 919.590
318.867 885.590
319.126 870.590
319.385 837.923
319.644 785.590
319.903 708.256
320.162 685.923
320.421 649.256
320.680 618.589
320.939 558.256
321.198 537.923
321.457 524.923
321.716 536.589
321.975 520.922
322.234 494.256
322.493 445.589
322.752 418.922
323.010 389.922
323.269 372.922
323.528 353.922
323.787 345.922
324.046 333.922
324.305 340.255
324.564 313.589
324.823 312.589
325.082 295.922
325.341 288.588
325.600 273.588
325.859 234.255
326.118 228.255
326.377 220.922
326.636 226.588
326.895 213.588
327.154 192.588
327.413 177.921
327.672 168.921
327.931 151.588
328.190 132.255
328.449 134.588
328.708 130.921
328.967 138.254
329.226 123.588
329.485 123.921
329.743 136.921
330.002 131.921
330.261 117.254
330.520 83.921
330.779 82.587
331.038 91.254
331.297 96.921
331.556 85.587
331.815 84.254
332.074 72.254
332.333 70.587
332.592 53.920
332.851 55.254
333.110 53.920
333.369 65.254
333.628 81.920
333.887 100.920
334.146 91.253
334.405 80.920
334.664 64.920
334.923 72.920
335.182 70.920
335.441 69.920
335.700 52.253
335.959 40.253
336.217 33.253
336.476 30.253
336.735 42.586
336.994 50.253
337.253 62.920
337.512 55.586
337.771 46.253
338.030 49.586
338.289 46.586
338.548 52.253
338.807 47.919
339.066 44.586
339.325 39.586
339.584 22.919
339.843 23.252
340.102 15.252
340.361 25.252
340.620 29.252
340.879 26.586
341.138 32.585
341.397 39.252
341.656 51.585
341.915 38.919
342.174 18.252
342.433 9.252
342.691 8.585
342.950 14.585
343.209 22.252
343.468 17.918
343.727 24.252
343.986 29.252
344.245 42.585
344.504 33.251
344.763 23.585
345.022 11.585
345.281 14.251
345.540 -0.749
345.799 -6.749
346.058 -1.082
346.317 34.918
346.576 67.251
346.835 69.251
347.094 50.918
347.353 25.918
347.612 18.918
347.871 9.917
348.130 4.251
348.389 -10.083
348.648 -5.749
348.907 3.251
349.166 21.917
349.424 39.584
349.683 50.584
349.942 50.250
350.201 28.250
350.460 -7.083
350.719 -20.750
350.978 -20.750
351.237 -8.083
351.496 8.250
351.755 16.250
352.014 29.583
352.273 22.250
352.532 17.917
352.791 10.250
353.050 9.916
353.309 10.250
353.568 7.916
353.827 4.250
354.086 2.250
354.345 -5.084
354.604 -17.084
354.863 -17.751
355.122 -12.751
355.381 17.916
355.640 21.249
355.898 19.249
356.157 9.916
356.416 8.249
356.675 25.582
356.934 26.249
357.193 27.249
357.452 27.582
357.711 17.249
357.970 12.582
358.229 5.249
358.488 3.582
358.747 4.249
359.006 14.249
359.265 24.249
359.524 37.915
359.783 51.248
360.042 60.248
360.301 48.248
360.560 25.915
360.819 20.915
361.078 29.915
361.337 42.581
361.596 30.915
361.855 22.248
362.114 12.248
362.372 16.248
362.631 24.581
362.890 31.248
363.149 38.248
363.408 31.581
363.667 3.248
363.926 -11.752
364.185 -8.086
364.444 13.247
364.703 31.581
364.962 24.914
365.221 14.247
365.480 2.247
365.741 -0.753
366.002 6.247
366.264 10.914
366.525 20.247
366.786 17.914
367.047 13.914
367.308 16.913
367.570 10.580
367.831 9.913
368.092 5.580
368.353 27.913
368.614 22.247
368.876 10.580
369.137 -5.087
369.398 -10.087
369.659 -2.087
369.920 -11.087
370.182 -15.087
370.443 -22.754
370.704 -18.754
370.965 -12.087
371.226 5.246
371.488 14.579
371.749 29.579
372.010 20.912
372.271 17.579
372.532 14.912
372.794 8.579
373.055 28.579
373.316 39.912
373.577 36.912
373.838 22.912
374.100 11.912
374.361 27.579
374.622 21.245
374.883 33.245
375.144 32.578
375.406 22.578
375.667 1.578
375.928 -10.422
376.189 1.912
376.450 13.245
376.712 9.578
376.973 3.245
377.234 1.578
377.495 6.578
377.756 17.911
378.018 7.578
378.279 -2.756
378.540 -10.089
378.801 -9.756
379.062 10.911
379.324 18.578
379.585 33.577
379.846 24.244
380.107 12.911
380.368 11.911
380.630 8.244
380.891 6.577
381.152 -1.423
381.413 2.577
381.674 8.577
381.936 12.577
382.197 -0.423
382.458 0.910
382.719 6.577
382.980 23.243
383.242 42.577
383.503 29.910
383.764 28.910
384.025 17.910
384.286 27.910
384.548 37.910
384.809 30.243
385.070 13.576
385.331 3.243
385.592 -8.757
385.854 -5.424
386.115 -5.091
386.376 5.243
386.637 16.243
386.898 21.909
387.160 24.576
387.421 23.909
387.682 30.576
387.943 39.909
388.204 44.576
388.466 32.242
388.727 15.242
388.988 2.575
389.249 -5.091
389.510 0.909
389.772 16.242
390.033 30.575
390.294 26.908
390.555 2.242
390.816 -19.425
391.078 -20.758
391.339 -1.759
391.600 14.241
391.861 29.241
392.122 17.908
392.384 22.241
392.645 16.908
392.906 28.574
393.167 27.574
393.428 20.574
393.690 23.241
393.951 25.574
394.212 41.241
394.473 52.907
394.734 54.907
394.996 42.574
395.257 22.241
395.518 13.574
395.779 1.240
396.040 -11.760
396.302 -0.760
396.563 6.574
396.824 13.574
397.085 8.907
397.346 2.907
397.608 -8.093
397.869 -10.760
398.130 -1.427
398.391 24.573
398.652 25.906
398.914 33.240
399.175 24.573
399.436 36.906
399.697 43.240
399.958 30.573
400.220 22.573
400.481 -2.427
400.742 -0.094
401.003 2.239
401.264 23.239
401.526 41.239
401.787 31.906
402.048 21.572
402.309 15.239
402.570 0.239
402.832 1.572
403.093 7.572
403.354 14.239
403.615 0.239
403.876 -8.095
404.138 11.238
404.399 38.572
404.660 52.905
404.931 35.238
405.202 28.572
405.473 29.238
405.745 45.238
406.016 46.238
406.287 37.238
406.558 29.238
406.829 19.571
407.100 21.904
407.371 31.571
407.642 43.238
407.914 46.238
408.185 52.237
408.456 35.571
408.727 6.571
408.998 -4.429
409.269 -5.429
409.540 2.570
409.811 11.904
410.083 8.237
410.354 19.904
410.625 -3.763
410.896 1.904
411.167 4.237
411.438 7.903
411.709 13.903
411.981 -0.430
412.252 19.237
412.523 29.236
412.794 38.570
413.065 37.236
413.336 43.236
413.607 51.903
413.878 45.903
414.150 38.569
414.421 35.903
414.692 35.903
414.963 25.236
415.234 28.569
415.505 33.569
415.776 30.902
416.047 36.902
416.319 18.569
416.590 15.569
416.861 -4.098
417.132 -7.098
417.403 1.902
417.674 0.235
417.945 1.902
418.217 4.568
418.488 -7.098
418.759 14.235
419.030 21.568
419.301 40.568
419.572 33.568
419.843 35.901
420.114 49.568
420.386 53.901
420.657 44.901
420.928 44.901
421.199 28.901
421.470 29.901
421.741 13.901
422.012 22.901
422.283 9.901
422.555 7.901
422.826 7.567
423.097 28.567
423.368 29.234
423.639 31.567
423.910 37.567
424.181 37.567
424.453 33.567
424.724 12.233
424.995 7.233
425.266 3.233
425.537 39.567
425.808 50.900
426.079 65.233
426.350 49.233
426.622 35.233
426.893 26.233
427.164 21.566
427.435 27.566
427.706 25.233
427.977 13.566
428.248 31.233
428.519 43.899
428.791 58.566
429.062 41.566
429.333 29.566
429.604 0.566
429.875 -2.768
430.146 -8.768
430.417 -0.435
430.689 8.899
430.960 18.232
431.231 25.232
431.502 27.898
431.773 21.565
432.044 19.232
432.315 12.898
432.586 0.231
432.858 9.231
433.129 23.898
433.400 34.898
433.671 32.898
433.942 27.231
434.213 32.898
434.484 25.898
434.755 41.564
435.027 48.564
435.298 60.231
435.569 69.564
435.840 82.564
436.114 85.564
436.388 86.564
436.663 83.230
436.937 74.564
437.211 57.564
437.485 28.897
437.759 32.897
438.034 21.563
438.308 28.230
438.582 27.897
438.856 40.563
439.130 61.230
439.405 55.230
439.679 42.563
439.953 22.896
440.227 23.563
440.501 19.229
440.776 22.896
441.050 10.229
441.324 15.896
441.598 23.562
441.872 35.229
442.147 24.229
442.421 9.562
442.695 5.562
442.969 9.229
443.244 15.562
443.518 3.229
443.792 18.895
444.066 27.895
444.340 46.228
444.615 51.562
444.889 46.228
445.163 38.228
445.437 7.561
445.711 0.561
445.986 12.561
446.260 27.561
446.534 24.228
446.808 18.561
447.082 11.894
447.357 27.227
447.631 19.894
447.905 19.227
448.179 -5.106
448.453 -0.773
448.728 9.227
449.002 32.894
449.276 33.894
449.550 33.560
449.824 11.893
450.099 19.798
450.373 27.648
450.647 44.559
450.921 19.074
451.195 -3.076
451.470 -7.382
451.744 10.425
452.018 6.486
452.292 21.899
452.566 31.390
452.841 44.534
453.115 23.516
453.389 15.613
453.663 18.531
453.937 25.388
454.212 23.736
454.486 16.217
454.760 -3.685
455.034 12.941
455.308 32.836
455.583 64.763
455.857 46.811
456.131 44.797
456.405 46.445
456.680 50.026
456.954 26.607
457.228 12.276
457.502 17.499
457.776 28.892
458.051 29.538
458.325 23.356
458.599 21.745
458.873 16.205
459.147 17.541
459.422 27.662
459.696 40.084
459.970 49.243
460.244 61.405
460.518 56.529
460.793 43.457
461.067 25.795
461.341 28.757
461.615 43.570
461.889 58.383
462.164 60.392
462.438 40.014
462.712 15.030
462.986 5.174
463.260 24.007
463.535 35.923
463.809 39.911
464.083 28.383
464.357 19.783
464.631 8.178
464.906 7.871
465.180 29.504
465.454 46.782
465.728 52.798
466.002 34.515
466.277 31.900
466.551 22.252
466.825 18.600
467.099 18.655
467.373 23.685
467.648 39.132
467.922 30.413
468.196 18.348
468.470 15.678
468.744 17.359
469.019 21.728
469.293 14.008
469.567 18.406
469.841 30.527
470.116 30.214
470.390 47.066
470.664 37.980
470.938 42.016
471.212 28.884
471.487 36.597
471.761 42.982
472.035 40.591
472.309 36.231
472.583 35.876
472.858 32.176
473.132 29.485
473.406 11.322
473.680 17.676
473.954 18.348
474.229 38.490
474.503 29.428
474.777 20.029
475.051 19.281
475.325 24.292
475.600 34.315
475.874 21.258
476.148 29.201
476.422 44.808
476.696 58.768
476.971 55.390
477.245 29.120
477.519 13.463
477.793 23.996
478.067 49.757
478.342 57.629
478.616 50.578
478.890 30.767
479.164 16.623
479.438 -14.858
479.713 3.777
479.987 34.887
480.261 82.317
480.535 56.489
480.809 38.111
481.084 15.189
481.358 26.910
481.632 18.421
481.906 14.179
482.180 19.011
482.455 17.061
482.729 27.407
483.003 30.294
483.277 35.466
483.551 28.338
483.826 26.722
484.100 41.897
484.374 45.108
484.648 55.686
484.923 46.953
485.197 37.916
485.471 22.135
485.745 18.247
486.019 30.819
486.294 47.268
486.568 65.328
486.842 72.721
487.116 63.050
487.390 63.643
487.665 46.573
487.939 49.152
488.213 42.453
488.487 58.577
488.761 58.271
489.036 44.073
489.310 53.511
489.584 60.032
489.858 63.285
490.132 32.895
490.407 26.423
490.681 27.403
490.955 30.646
491.229 17.388
491.503 6.373
491.778 12.543
492.052 9.623
492.326 17.750
492.600 19.396
492.874 22.977
493.149 38.934
493.423 37.328
493.697 45.816
493.971 41.313
494.245 34.807
494.520 44.635
494.794 36.832
495.068 41.750
495.342 26.725
495.616 24.441
495.891 31.332
496.165 41.162
496.439 41.499
496.713 27.079
496.987 28.791
497.262 32.084
497.536 38.652
497.810 38.323
498.084 38.651
498.359 37.337
498.633 23.202
498.907 5.134
499.181 -9.332
499.455 -11.960
499.730 7.777
500.004 38.029
500.278 45.587
500.552 40.651
500.826 41.331
501.101 51.231
501.375 54.522
501.649 65.084
501.923 56.531
502.197 64.798
502.472 64.171
502.746 57.577
503.020 33.835
503.294 6.464
503.568 18.004
503.843 25.925
504.117 21.315
504.391 2.518
504.665 -6.393
504.939 -6.393
505.214 -5.073
505.488 19.638
505.762 34.804
506.036 46.995
506.310 48.290
506.585 59.776
506.859 52.526
507.133 43.325
507.407 30.807
507.681 39.010
507.956 53.724
508.230 54.679
508.504 54.317
508.778 43.425
509.052 33.238
509.327 28.308
509.601 14.571
509.875 16.815
510.149 15.165
510.423 24.869
510.698 35.816
510.972 45.799
511.246 21.226
511.520 16.296
511.795 19.779
512.069 49.347
512.343 42.576
512.617 22.960
512.891 27.342
513.166 34.631
513.440 49.906
513.714 39.642
513.988 27.522
514.262 30.607
514.537 25.503
514.811 36.212
515.085 16.930
515.359 20.686
515.633 12.478
515.908 22.860
516.182 22.516
516.456 30.362
516.730 23.442
517.004 14.647
517.279 7.431
517.553 0.513
517.827 -6.416
518.101 -4.220
518.375 13.716
518.650 32.292
518.924 38.305
519.198 33.282
519.472 31.119
519.746 24.503
520.021 21.040
520.295 20.102
520.569 22.029
520.843 29.019
521.117 40.485
521.392 43.688
521.666 37.988
521.940 20.535
522.214 16.745
522.488 29.203
522.763 39.768
523.037 38.200
523.311 33.142
523.585 24.209
523.859 33.548
524.134 35.523
524.408 41.990
524.682 46.204
524.956 30.126
525.231 32.730
525.505 13.753
525.779 14.718
526.053 20.242
526.327 23.160
526.602 35.478
526.876 20.292
527.150 33.624
527.424 19.026
527.698 12.541
527.973 7.704
528.247 19.742
528.521 35.040
528.795 16.461
529.069 3.754
529.344 2.512
529.618 24.412
529.892 39.790
530.166 36.855
530.440 27.053
530.715 39.543
530.989 38.577
531.263 34.318
531.537 25.146
531.811 30.765
532.086 32.087
532.360 24.218
532.634 30.799
532.908 33.767
533.182 44.661
533.457 30.201
533.731 22.951
534.005 15.697
534.279 9.757
534.553 30.220
534.828 34.550
535.102 40.503
535.376 31.943
535.650 14.745
535.924 11.769
536.199 4.163
536.473 0.521
536.747 -0.803
537.021 -1.131
537.295 4.827
537.570 7.474
537.844 26.982
538.118 32.940
538.392 35.916
538.666 38.562
538.941 56.413
539.215 50.128
539.489 27.308
539.763 28.911
540.038 58.613
540.312 71.167
540.586 56.315
540.860 35.523
541.134 49.369
541.409 59.600
541.683 67.485
541.957 55.917
542.231 66.746
542.505 84.497
542.780 84.463
543.054 80.181
543.328 78.796
543.602 77.793
543.876 71.801
544.151 61.620
544.425 55.027
544.699 51.086
544.973 55.983
545.247 77.278
545.522 102.809
545.796 99.478
546.070 95.492
546.351 71.546
546.632 69.933
546.912 68.347
547.193 74.845
547.474 70.545
547.755 58.693
548.036 46.588
548.317 38.714
548.597 30.552
548.878 13.575
549.159 0.842
549.440 5.068
549.721 36.383
550.001 46.494
550.282 42.263
550.563 45.524
550.844 44.220
551.125 50.080
551.406 28.870
551.686 24.952
551.967 26.255
552.248 16.480
552.529 41.541
552.810 42.830
553.090 54.863
553.371 43.161
553.652 41.545
553.933 42.533
554.214 30.797
554.495 33.418
554.775 11.582
555.056 8.332
555.337 8.020
555.618 32.179
555.899 46.220
556.179 44.249
556.460 40.331
556.741 39.662
557.022 28.247
557.303 13.232
557.584 2.147
557.864 19.487
558.145 13.261
558.426 13.603
558.707 3.831
558.988 7.398
559.268 17.594
559.549 35.345
559.830 74.168
560.111 63.335
560.392 40.977
560.673 5.776
560.953 16.295
561.234 22.873
561.515 27.799
561.796 27.499
562.077 26.861
562.357 28.186
562.638 20.955
562.919 26.615
563.200 13.711
563.481 16.412
563.762 1.201
564.042 22.763
564.323 24.091
564.604 35.390
564.885 38.378
565.166 45.995
565.446 28.061
565.727 -2.468
566.008 -10.097
566.289 -12.087
566.570 3.833
566.851 8.808
567.131 26.082
567.412 35.752
567.693 38.225
567.974 32.254
568.255 28.963
568.535 12.588
568.816 5.887
569.097 2.201
569.378 -7.524
569.659 8.213
569.940 -1.824
570.220 -0.120
570.501 -3.493
570.782 23.207
571.063 26.542
571.344 17.532
571.624 -9.175
571.905 -4.153
572.186 7.269
572.467 28.756
572.748 26.411
573.029 22.759
573.309 13.040
573.590 16.770
573.871 17.131
574.152 30.004
574.433 36.440
574.713 27.964
574.994 21.155
575.275 32.560
575.556 56.805
575.837 39.270
576.118 14.334
576.398 -0.144
576.679 -4.550
576.960 5.233
577.245 4.602
577.531 26.577
577.816 23.562
578.102 29.047
578.387 20.248
578.672 23.669
578.958 21.993
579.243 34.563
579.529 32.146
579.814 20.889
580.099 20.066
580.385 17.328
580.670 32.649
580.956 32.453
581.241 34.754
581.526 20.076
581.812 4.490
582.097 -3.135
582.382 1.517
582.668 5.494
582.953 -1.474
583.239 8.437
583.524 21.643
583.809 47.043
584.095 44.577
584.380 55.143
584.666 62.110
584.951 60.344
585.236 46.537
585.522 22.828
585.807 4.706
586.093 -6.934
586.378 -0.788
586.663 16.039
586.949 28.985
587.234 26.395
587.520 16.028
587.805 1.790
588.090 3.716
588.376 2.425
588.661 6.617
588.947 9.840
589.232 32.085
589.517 39.167
589.803 52.061
590.088 21.767
590.374 20.479
590.659 23.979
590.944 51.658
591.230 54.223
591.515 53.279
591.800 71.977
592.086 79.037
592.371 49.748
592.657 4.996
592.942 -9.148
593.227 3.703
593.513 13.987
593.798 15.266
594.084 11.725
594.369 21.359
594.654 38.722
594.940 52.517
595.225 43.526
595.511 30.337
595.796 30.031
596.081 43.486
596.367 41.543
596.652 26.127
596.938 10.741
597.223 2.087
597.508 -3.046
597.794 2.718
598.079 17.782
598.365 33.823
598.650 35.744
598.935 40.533
599.221 47.573
599.506 45.017
599.792 39.280
600.077 23.254
600.362 23.574
600.648 14.275
600.933 10.107
601.218 18.775
601.504 23.583
601.789 28.075
602.075 1.436
602.360 6.262
602.645 4.336
602.931 22.641
603.216 29.685
603.502 39.973
603.787 51.213
604.072 31.325
604.358 26.832
604.643 11.749
604.929 31.375
605.214 33.949
605.499 42.323
605.785 11.747
606.070 4.995
606.356 -9.503
606.641 12.744
606.926 22.762
607.212 21.144
607.497 -1.140
607.783 -12.764
608.068 4.068
608.353 15.388
608.639 36.466
608.924 35.181
609.210 53.702
609.495 52.792
609.780 67.810
610.066 86.078
610.351 86.771
610.636 76.060
610.922 66.024
611.207 78.799
611.493 94.189
611.778 87.076
612.063 82.594
612.349 66.923
612.634 57.132
612.920 36.522
613.205 30.325
613.490 22.794
613.776 25.430
614.061 25.457
614.347 32.364
614.632 22.186
614.917 30.421
615.203 30.453
615.488 47.623
615.774 23.245
616.059 15.338
616.344 -11.417
616.630 1.810
616.915 3.475
617.201 11.752
617.486 5.462
617.771 18.070
618.057 17.408
618.342 35.686
618.627 34.740
618.913 46.050
619.198 26.108
619.484 14.128
619.769 7.484
620.054 31.147
620.340 49.827
620.625 58.173
620.911 57.215
621.196 50.915
621.481 43.926
621.767 32.246
622.052 23.585
622.338 42.017
622.623 41.700
622.908 34.331
623.194 21.624
623.479 40.105
623.765 44.138
624.050 36.426
624.335 17.645
624.621 22.022
624.906 11.252
625.192 3.855
625.477 5.547
625.762 20.716
626.048 27.811
626.333 20.413
626.619 17.045
626.904 9.952
627.189 1.155
627.475 3.211
627.760 -0.514
628.045 12.713
628.331 4.231
628.616 35.516
628.902 48.116
629.187 60.362
629.472 33.491
629.758 6.967
630.043 -23.567
630.329 -15.127
630.614 -3.618
630.899 12.667
631.185 16.578
631.470 31.206
631.756 47.524
632.041 31.479
632.326 38.166
632.612 37.024
632.897 58.901
633.183 29.919
633.468 25.536
633.753 12.400
634.039 25.895
634.324 30.888
634.610 33.327
634.895 17.371
635.180 6.186
635.466 0.112
635.751 16.077
636.037 27.564
636.322 32.773
636.607 28.024
636.893 10.967
637.178 20.385
637.463 21.541
637.749 23.104
638.034 -9.861
638.320 -8.393
638.605 -8.377
638.890 15.562
639.176 14.306
639.461 24.268
639.747 23.641
640.032 26.328
640.317 24.497
640.603 22.980
640.888 23.572
641.174 26.878
641.459 25.081
641.744 17.269
642.030 23.580
642.315 26.299
642.601 24.800
642.886 12.188
643.171 22.172
643.457 46.050
643.742 59.984
644.028 38.836
644.313 23.754
644.598 16.210
644.884 22.888
645.169 20.813
645.455 17.799
645.740 23.313
646.025 13.558
646.311 19.719
646.596 10.858
646.881 21.298
647.167 41.360
647.452 55.236
647.738 56.512
648.023 33.471
648.308 36.617
648.594 23.025
648.879 7.230
649.165 -20.044
649.450 -10.728
649.735 -4.522
650.021 1.991
650.306 10.129
650.592 29.514
650.877 41.390
651.162 33.617
651.448 21.448
651.733 19.907
652.019 14.897
652.304 3.580
652.589 -2.071
652.875 3.305
653.160 20.998
653.446 30.507
653.731 21.653
654.016 12.496
654.302 14.103
654.587 23.010
654.873 24.937
655.158 11.917
655.443 11.944
655.729 16.765
656.014 44.323
656.299 46.596
656.585 39.893
656.870 28.077
657.156 26.173
657.441 27.468
657.726 19.128
658.012 1.715
658.297 13.380
658.583 10.812
658.868 17.909
659.153 15.040
659.439 19.282
659.724 16.674
660.010 -6.057
660.295 -15.154
660.580 0.786
660.866 18.372
661.151 36.667
661.437 38.995
661.722 35.753
662.007 16.797
662.293 8.963
662.578 13.251
662.864 9.298
663.149 -2.176
663.434 -8.077
663.720 -1.173
664.005 19.222
664.290 34.715
664.576 59.801
664.861 63.476
665.147 50.981
665.432 29.869
665.717 10.042
666.003 7.408
666.288 12.057
666.574 23.652
666.859 39.602
667.144 35.969
667.430 18.059
667.715 8.431
668.001 4.451
668.286 8.425
668.571 -9.524
668.857 -11.520
669.142 15.470
669.428 34.463
669.713 54.130
669.998 40.138
670.284 52.519
670.569 45.545
670.855 42.218
671.140 26.194
671.425 3.806
671.711 11.830
671.996 5.817
672.282 6.133
672.567 -12.273
672.852 -8.917
673.138 -8.264
673.423 -7.603
673.708 -12.297
673.994 -11.298
674.279 -6.594
674.565 23.344
674.850 53.655
675.135 61.398
675.421 24.729
675.706 7.534
675.992 10.575
676.277 34.836
676.562 27.087
676.848 15.290
677.133 -0.886
677.419 10.912
677.704 18.009
677.989 24.446
678.275 27.530
678.560 41.729
678.846 45.113
679.131 35.634
679.416 13.996
679.702 13.669
679.987 7.236
680.273 17.745
680.558 18.774
680.843 20.808
681.129 8.257
681.414 1.814
681.700 11.997
681.985 25.914
682.270 30.004
682.556 29.683
682.841 24.936
683.126 18.815
683.412 10.990
683.697 8.951
683.983 18.809
684.268 28.313
684.553 29.672
684.839 37.532
685.124 40.614
685.410 50.808
685.695 42.933
685.980 38.493
686.266 28.299
686.551 14.382
686.837 -5.997
687.122 -9.055
687.407 -8.036
687.693 15.736
687.978 19.468
688.264 18.448
688.549 9.283
688.834 -5.653
689.120 -9.380
689.405 2.485
689.691 21.464
689.976 23.499
690.261 16.691
690.547 11.615
690.832 19.397
691.118 20.063
691.403 23.769
691.688 28.146
691.974 23.409
692.259 23.055
692.544 16.629
692.830 12.584
693.115 4.832
693.401 10.224
693.686 4.842
693.971 9.205
694.257 14.552
694.542 24.642
694.828 12.214
695.113 -8.284
695.398 -27.120
695.684 -20.733
695.969 -8.985
696.255 15.537
696.540 9.180
696.834 16.196
697.127 10.150
697.421 18.182
697.715 15.828
698.008 19.167
698.302 15.488
698.596 14.151
698.889 1.116
699.183 -0.545
699.477 9.131
699.771 38.450
700.064 53.112
700.358 32.741
700.652 19.753
700.945 29.743
701.239 38.401
701.533 32.069
701.826 10.095
702.120 -5.864
702.414 -0.551
702.707 15.719
703.001 43.588
703.295 45.901
703.588 36.927
703.882 32.916
704.176 23.279
704.469 21.616
704.763 18.955
705.057 26.557
705.351 38.432
705.644 34.767
705.938 27.819
706.232 10.657
706.525 11.986
706.819 9.672
707.113 24.193
707.406 39.956
707.700 38.307
707.994 38.282
708.287 39.598
708.581 48.153
708.875 45.847
709.168 30.393
709.462 40.247
709.756 40.227
710.049 46.120
710.343 30.012
710.637 20.478
710.931 8.309
711.224 10.274
711.518 14.871
711.812 13.224
712.105 28.644
712.399 31.600
712.693 31.271
712.986 32.604
713.280 40.469
713.574 40.465
713.867 24.697
714.161 31.280
714.455 38.819
714.748 37.830
715.042 15.170
715.336 0.417
715.629 0.421
715.923 8.968
716.217 31.972
716.511 20.817
716.804 -1.209
717.098 -12.714
717.392 4.036
717.685 9.288
717.979 0.739
718.273 -2.207
718.566 -2.215
718.860 -8.487
719.154 -22.995
719.447 -2.526
719.741 11.349
720.035 18.938
720.328 16.944
720.622 8.018
720.916 3.715
721.209 -6.195
721.503 -6.202
721.797 7.719
722.091 7.718
722.384 21.339
722.678 11.719
722.972 11.054
723.265 -7.882
723.559 -3.225
723.853 -12.540
724.146 -0.574
724.440 -9.561
724.734 -13.580
725.027 -32.909
725.321 -31.910
725.615 -29.577
725.908 -18.911
726.202 -18.578
726.496 7.407
726.789 8.073
727.083 23.403
727.377 14.417
727.671 17.084
727.964 -4.917
728.258 -2.250
728.552 11.096
728.845 32.451
729.139 37.825
729.433 35.511
729.726 21.482
730.020 14.133
730.314 -0.251
730.607 12.795
730.901 19.823
731.195 29.879
731.488 12.469
731.782 11.825
732.076 20.193
732.369 31.252
732.663 29.575
732.957 34.285
733.251 36.296
733.544 28.926
733.838 26.260
734.132 31.312
734.425 37.014
734.719 25.948
735.013 16.204
735.306 -0.588
735.600 -8.324
735.894 -6.640
736.187 12.873
736.481 5.464
736.775 4.455
737.068 4.142
737.362 17.955
737.656 14.580
737.949 15.956
738.243 11.230
738.537 18.341
738.831 16.323
739.124 17.339
739.418 17.351
739.712 9.577
740.005 8.899
740.299 0.073
740.593 -4.001
740.886 -10.458
741.180 -3.669
741.474 3.466
741.767 3.806
742.061 1.775
742.355 1.101
742.648 10.955
742.942 20.827
743.236 20.492
743.529 23.919
743.823 15.750
744.117 -3.331
744.411 -3.680
744.704 -9.133
744.998 -7.770
745.292 -2.622
745.585 11.364
745.879 17.834
746.173 22.244
746.466 19.183
746.760 21.908
747.054 -6.093
747.347 -12.584
747.641 -24.896
747.935 -23.187
748.228 -17.020
748.522 0.420
748.816 21.628
749.109 8.623
749.403 6.909
749.697 2.460
749.991 5.194
750.284 4.168
750.578 0.403
750.872 7.246
751.165 37.391
751.459 58.584
751.753 73.325
752.046 54.483
752.340 47.338
752.634 27.468
752.927 11.018
753.221 -3.377
753.515 -10.914
753.808 -5.769
754.102 2.812
754.396 14.459
754.689 11.033
754.983 11.694
755.277 10.321
755.571 14.432
755.864 19.223
756.158 21.618
756.452 15.794
756.745 4.163
757.039 -4.393
757.333 -4.388
757.626 -5.412
757.920 -7.123
758.214 0.061
758.507 -3.712
758.801 9.284
759.095 8.942
759.388 11.329
759.682 20.884
759.976 32.850
760.269 43.072
760.563 23.607
760.857 6.521
761.151 -6.090
761.444 -5.065
761.738 2.782
762.032 1.419
762.325 9.584
762.619 5.151
762.913 -3.002
763.206 -9.466
763.500 15.315
763.798 34.323
764.097 50.955
764.395 30.923
764.693 9.922
764.992 -10.770
765.290 -12.471
765.588 0.388
765.887 16.265
766.185 22.009
766.483 30.459
766.782 7.155
767.080 16.923
767.378 18.240
767.677 29.047
767.975 11.503
768.273 19.888
768.571 20.225
768.870 26.615
769.168 15.851
769.466 16.859
769.765 10.466
770.063 6.075
770.361 14.436
770.660 26.484
770.958 28.146
771.256 26.115
771.555 4.714
771.853 -5.639
772.151 -16.980
772.450 7.038
772.748 -0.617
773.046 5.045
773.345 -3.634
773.643 24.005
773.941 27.664
774.240 27.996
774.538 8.682
774.836 5.685
775.135 -2.631
775.433 9.663
775.731 17.629
776.030 27.590
776.328 24.934
776.626 26.901
776.925 30.209
777.223 35.829
777.521 33.168
777.819 35.807
778.118 31.514
778.416 27.542
778.714 20.583
779.013 10.299
779.311 20.924
779.609 26.213
779.908 53.048
780.206 38.123
780.504 25.544
780.803 15.575
781.101 21.522
781.399 22.185
781.698 29.545
781.996 24.594
782.294 22.936
782.593 1.355
782.891 11.303
783.189 21.593
783.488 25.238
783.786 19.599
784.084 11.629
784.383 12.959
784.681 4.995
784.979 3.334
785.278 -1.974
785.576 -4.643
785.874 1.690
786.173 14.022
786.471 21.351
786.769 29.031
787.068 28.053
787.366 37.081
787.664 33.775
787.962 30.108
788.261 11.726
788.559 7.386
788.857 11.443
789.156 40.918
789.454 34.881
789.752 26.156
790.051 4.724
790.349 10.441
790.647 10.109
790.946 11.458
791.244 10.463
791.542 10.812
791.841 16.235
792.139 11.511
792.437 19.633
792.736 7.791
793.034 -2.043
793.332 -2.033
793.631 -2.715
793.929 10.853
794.227 -8.152
794.526 0.004
794.824 8.514
795.122 20.767
795.421 42.589
795.719 42.273
796.017 40.234
796.316 8.525
796.614 -5.800
796.912 -5.454
797.211 6.869
797.509 20.250
797.807 35.395
798.105 39.876
798.404 49.530
798.702 46.463
799.000 53.086
799.299 40.414
799.597 44.243
799.895 25.935
800.194 16.927
800.492 -5.539
800.790 -1.021
801.089 3.147
801.387 27.506
801.685 22.638
801.984 30.315
802.282 14.655
802.580 23.397
802.879 14.336
803.177 12.597
803.475 24.223
803.774 49.547
804.072 52.374
804.370 27.067
804.669 -1.067
804.967 3.905
805.265 -0.697
805.564 6.388
805.862 7.510
806.160 35.894
806.459 44.095
806.757 47.713
807.055 45.291
807.353 24.622
807.652 6.063
807.950 -13.244
808.248 -20.457
808.547 -7.178
808.845 -1.067
809.143 11.137
809.442 4.318
809.740 -2.181
810.038 -2.909
810.337 7.638
810.635 16.711
810.933 25.081
811.232 10.186
811.530 6.558
811.831 5.863
812.132 1.806
812.432 -7.040
812.733 1.479
813.034 7.370
813.335 17.352
813.636 11.127
813.936 21.570
814.237 11.873
814.538 17.161
814.839 26.528
815.140 36.628
815.440 33.293
815.741 22.155
816.042 25.544
816.343 31.602
816.644 36.137
816.945 36.560
817.245 22.255
817.546 16.617
817.847 13.203
818.148 20.002
818.449 34.793
818.749 50.647
819.050 37.053
819.351 4.531
819.652 -38.478
819.953 -30.939
820.253 -18.507
820.554 -4.502
820.855 5.639
821.156 21.037
821.457 37.152
821.757 28.488
822.058 13.441
822.359 -0.377
822.660 8.878
822.961 13.696
823.261 32.292
823.562 35.279
823.863 37.094
824.164 40.019
824.465 8.536
824.765 5.535
825.066 -21.405
825.367 9.134
825.668 13.845
825.969 9.565
826.269 0.353
826.570 -27.003
826.871 -4.786
827.172 6.040
827.473 33.606
827.774 37.545
828.074 24.504
828.375 28.768
828.676 26.184
828.977 24.723
829.278 1.762
829.578 0.659
829.879 -6.806
830.180 17.333
830.481 17.297
830.782 39.230
831.082 12.359
831.383 14.087
831.684 -1.125
831.985 17.115
832.286 17.752
832.586 19.831
832.887 8.330
833.188 20.082
833.489 32.476
833.790 49.025
834.090 12.794
834.391 -19.865
834.692 -35.346
834.993 -10.705
835.294 12.211
835.594 16.980
835.895 6.090
836.196 7.384
836.497 1.630
836.798 6.020
837.099 7.299
837.399 27.976
837.700 41.555
838.001 34.177
838.302 11.255
838.603 12.435
838.903 20.300
839.204 31.803
839.505 26.882
839.806 4.467
840.107 -0.441
840.407 -26.294
840.708 0.010
841.009 8.107
841.310 29.897
841.611 29.755
841.911 12.468
842.212 19.828
842.513 28.133
842.814 41.954
843.115 42.951
843.415 33.037
843.716 16.054
844.017 -4.790
844.318 -28.741
844.619 -19.152
844.919 -12.677
845.220 17.920
845.521 28.597
845.822 25.284
846.123 3.201
846.423 -1.525
846.724 5.201
847.025 16.799
847.326 25.478
847.627 42.895
847.928 50.537
848.228 66.158
848.529 42.718
848.830 30.606
849.131 4.870
849.432 18.991
849.732 24.722
850.033 22.050
850.334 15.537
850.635 11.712
850.936 29.194
851.236 39.049
851.537 52.684
851.838 29.516
852.139 13.569
852.440 -11.046
852.740 -3.864
853.041 8.536
853.342 32.231
853.643 41.585
853.944 41.167
854.244 26.861
854.545 22.304
854.846 16.959
855.147 19.873
855.448 10.611
855.748 15.320
856.049 27.267
856.350 42.928
856.651 45.323
856.952 42.948
857.253 34.882
857.553 21.482
857.854 3.154
858.155 -1.519
858.456 1.293
858.757 7.648
859.057 5.541
859.358 19.103
859.659 17.322
859.960 29.086
860.261 13.034
860.561 13.350
860.862 -4.502
861.163 4.991
861.464 10.372
861.765 28.975
862.065 18.453
862.366 9.679
862.667 -10.063
862.968 -0.802
863.269 13.770
863.569 16.809
863.870 30.426
864.171 38.404
864.472 53.755
864.773 34.440
865.073 13.216
865.374 3.782
865.675 7.602
865.976 14.311
866.277 15.585
866.577 2.805
866.878 -25.158
867.179 -19.162
867.480 -15.020
867.781 27.571
868.082 42.204
868.382 52.204
868.683 21.495
868.984 -1.039
869.285 -16.612
869.586 7.040
869.886 9.521
870.187 27.158
870.488 9.169
870.789 11.298
871.090 8.169
871.390 17.385
871.691 9.097
871.992 2.036
872.293 10.328
872.594 28.718
872.894 33.914
873.195 30.765
873.496 16.975
873.797 7.196
874.098 -5.600
874.398 -4.992
874.699 1.413
875.000 1.413
875.301 -1.632
875.602 -2.552
875.902 6.244
876.203 16.253
876.504 18.677
876.805 5.635
877.106 -7.097
877.407 -2.859
877.707 2.607
878.008 11.092
878.309 11.077
878.610 21.379
878.911 27.700
879.211 26.772
879.512 30.360
879.813 16.772
880.114 9.229
880.415 3.807
880.715 2.596
881.016 2.294
881.317 -6.779
881.618 2.894
881.919 3.497
882.219 2.586
882.520 6.543
882.821 19.235
883.122 15.925
883.423 4.418
883.723 -4.959
884.024 5.003
884.325 -0.742
884.626 -5.570
884.927 -11.308
885.227 0.769
885.528 -1.944
885.829 11.015
886.130 15.837
886.431 30.608
886.731 24.585
887.032 21.288
887.333 10.436
887.634 18.907
887.935 5.907
888.236 -0.131
888.536 -3.476
888.837 3.778
889.138 9.214
889.439 -11.610
889.740 -6.475
890.040 -2.259
890.341 17.988
890.642 19.801
890.943 24.366
891.244 27.693
891.544 40.722
891.845 34.960
892.146 23.163
892.447 6.808
892.748 4.993
893.048 11.366
893.349 12.885
893.650 16.534
893.951 12.594
894.252 4.403
894.552 -2.286
894.853 4.726
895.154 15.390
895.455 26.060
895.756 24.267
896.056 17.864
896.357 8.698
896.658 -9.974
896.959 -12.122
897.260 3.212
897.561 20.091
897.861 38.262
898.162 23.539
898.463 25.108
898.764 12.792
899.065 27.631
899.365 13.107
899.666 28.594
899.967 31.098
900.268 52.582
900.569 36.836
900.869 16.988
901.170 -0.792
901.471 -0.167
901.772 7.018
902.073 30.511
902.373 28.969
902.674 50.613
902.975 35.606
903.276 40.976
903.577 12.741
903.877 -1.783
904.178 -3.967
904.479 -4.303
904.780 7.421
905.081 -3.372
905.381 7.448
905.682 8.409
905.983 19.536
906.284 17.629
906.585 12.538
906.885 14.829
907.186 15.195
907.487 11.023
907.788 11.066
908.089 3.992
908.390 5.260
908.690 -16.648
908.991 -13.742
909.292 -3.075
909.593 10.478
909.894 8.213
910.194 6.304
910.495 8.264
910.796 10.220
911.097 9.920
911.398 22.983
911.698 25.618
911.999 22.680
912.300 14.883
912.607 21.147
912.915 9.280
913.222 -9.485
913.529 -38.515
913.837 -17.701
914.144 13.774
914.451 49.521
914.759 55.524
915.066 53.218
915.374 44.611
915.681 20.364
915.988 -0.251
916.296 -8.891
916.603 -16.325
916.910 -12.645
917.218 -0.549
917.525 18.258
917.832 19.959
918.140 28.126
918.447 21.387
918.754 19.018
919.062 -1.924
919.369 2.818
919.677 5.874
919.984 7.232
920.291 0.079
920.599 11.311
920.906 15.742
921.213 27.385
921.521 14.812
921.828 10.042
922.135 12.453
922.443 21.045
922.750 28.932
923.057 34.399
923.365 8.262
923.672 -1.348
923.980 -21.615
924.287 -3.707
924.594 13.873
924.902 17.667
925.209 26.728
925.516 36.221
925.824 54.249
926.131 60.833
926.438 41.727
926.746 33.079
927.053 13.630
927.360 16.792
927.668 14.372
927.975 -0.306
928.283 0.096
928.590 -3.386
928.897 24.305
929.205 31.046
929.512 33.847
929.819 39.792
930.127 42.317
930.434 24.750
930.741 16.734
931.049 19.228
931.356 31.883
931.663 51.156
931.971 50.631
932.278 76.737
932.586 48.283
932.893 38.004
933.200 7.568
933.508 -1.094
933.815 -18.747
934.122 -32.682
934.430 -26.198
934.737 -4.970
935.044 7.750
935.352 10.702
935.659 -7.722
935.966 17.367
936.274 9.441
936.581 27.660
936.889 11.918
937.196 19.518
937.503 -4.702
937.811 13.424
938.118 20.936
938.425 48.519
938.733 31.749
939.040 21.474
939.347 17.411
939.655 10.988
939.962 10.555
940.269 -11.877
940.577 -25.983
940.884 -19.788
941.191 -20.302
941.499 -5.822
941.806 -14.596
942.114 3.853
942.421 -8.445
942.728 -21.209
943.036 -27.939
943.343 -18.189
943.650 15.189
943.958 32.951
944.265 52.444
944.572 36.026
944.880 29.257
945.187 -0.291
945.494 0.130
945.802 -18.027
946.109 -10.456
946.417 -0.433
946.724 9.620
947.031 11.322
947.339 -2.039
947.646 -16.566
947.953 -23.528
948.261 -3.737
948.568 19.698
948.875 45.530
949.183 24.589
949.490 9.021
949.797 -5.279
950.105 20.881
950.412 43.676
950.720 74.523
951.027 48.448
951.334 39.150
951.642 2.774
951.949 16.209
952.256 14.545
952.564 21.627
952.871 27.353
953.178 21.768
953.486 36.484
953.793 14.749
954.100 15.476
954.408 9.959
954.715 17.675
955.023 22.959
955.330 19.017
955.637 44.036
955.945 45.852
956.252 65.858
956.559 46.848
956.867 38.461
957.174 18.383
957.481 27.616
957.789 27.216
958.096 27.873
958.403 10.373
958.711 13.665
959.018 -3.361
959.326 11.409
959.633 4.385
959.940 16.199
960.248 9.524
960.555 17.925
960.862 22.309
961.170 16.058
961.477 13.878
961.784 19.682
962.092 15.304
962.399 29.405
962.706 29.727
963.014 39.869
963.321 33.976
963.629 22.703
963.936 35.308
964.243 37.399
964.551 35.585
964.858 6.069
965.165 5.006
965.473 11.810
965.780 20.436
966.092 10.623
966.404 21.645
966.716 25.931
967.028 14.926
967.340 16.371
967.652 18.144
967.964 21.343
968.276 6.318
968.588 1.346
968.900 15.544
969.212 33.589
969.524 38.878
969.836 28.215
970.148 16.525
970.460 21.100
970.772 16.147
971.084 25.316
971.396 29.867
971.708 40.429
972.020 25.568
972.332 12.908
972.644 10.097
972.956 -6.760
973.268 -9.219
973.580 -15.534
973.892 -7.808
974.204 -20.761
974.516 -22.524
974.828 -22.501
975.140 -4.629
975.452 -3.231
975.764 15.009
976.076 26.226
976.388 28.334
976.700 3.476
977.012 -17.914
977.324 -12.993
977.636 6.602
977.948 24.808
978.260 20.583
978.572 9.004
978.884 3.395
979.196 6.192
979.508 3.013
979.820 11.817
980.132 20.717
980.444 51.670
980.756 57.021
981.068 59.789
981.380 54.590
981.692 33.422
982.004 21.087
982.316 3.772
982.628 29.497
982.940 54.970
983.252 70.534
983.564 47.635
983.876 16.488
984.188 -13.617
984.500 -12.565
984.812 2.968
985.124 27.093
985.436 35.261
985.748 28.951
986.060 9.780
986.372 8.400
986.684 12.990
986.996 30.382
987.308 18.637
987.620 24.001
987.932 15.478
988.244 8.001
988.556 -11.890
988.868 -10.115
989.180 8.382
989.492 13.343
989.804 22.598
990.116 12.989
990.428 10.503
990.740 3.026
991.052 9.773
991.364 3.365
991.676 13.735
991.988 25.522
992.300 32.991
992.612 26.883
992.924 6.224
993.236 1.568
993.548 -5.545
993.860 0.833
994.172 -6.205
994.484 -1.257
994.796 -14.348
995.108 1.600
995.420 13.001
995.732 39.367
996.044 34.390
996.356 26.961
996.668 20.515
996.980 15.513
997.292 11.233
997.604 -0.940
997.916 4.419
998.228 0.866
998.540 8.745
998.852 11.243
999.164 5.867
999.476 -10.600
999.788 -10.227
1000.100 -1.983
1000.412 9.105
1000.724 8.737
1001.036 -6.727
1001.348 -9.240
1001.660 -5.286
1001.972 19.217
1002.284 12.357
1002.596 5.889
1002.908 -18.247
1003.220 -11.048
1003.532 -20.038
1003.844 -7.090
1004.156 -3.851
1004.468 15.970
1004.780 0.074
1005.092 -9.982
1005.404 -17.232
1005.716 -5.290
1006.028 -0.977
1006.340 20.939
1006.652 32.444
1006.964 41.777
1007.276 24.174
1007.588 5.812
1007.900 -4.630
1008.212 8.995
1008.524 19.764
1008.836 29.112
1009.148 19.312
1009.460 12.902
1009.772 11.099
1010.084 20.625
1010.396 32.392
1010.708 36.623
1011.020 3.754
1011.332 -2.709
1011.644 6.040
1011.956 25.366
1012.268 40.070
1012.580 35.071
1012.892 21.399
1013.204 11.908
1013.516 2.134
1013.828 2.857
1014.140 7.999
1014.452 13.556
1014.764 20.521
1015.076 17.701
1015.388 10.073
1015.700 -12.915
1016.012 -30.139
1016.324 -19.526
1016.636 12.312
1016.948 21.575
1017.260 14.722
1017.572 -14.261
1017.884 -25.548
1018.196 -18.005
1018.508 -8.159
1018.820 -0.639
1019.132 -7.178
1019.444 1.378
1019.756 1.720
1020.068 14.569
1020.380 20.967
1020.692 31.783
1021.004 21.954
1021.316 12.169
1021.628 2.702
1021.940 11.849
1022.252 29.711
1022.564 33.079
1022.876 29.681
1023.188 25.648
1023.500 15.522
1023.812 1.338
1024.124 7.452
1024.436 11.505
1024.748 20.628
1025.060 7.101
1025.372 2.091
1025.684 12.047
1025.996 22.422
1026.308 27.438
1026.620 29.914
1026.932 25.251
1027.244 48.181
1027.556 37.722
1027.868 43.781
1028.180 39.360
1028.492 38.309
1028.804 30.857
1029.116 12.008
1029.428 14.665
1029.740 6.636
1030.052 10.321
1030.364 13.607
1030.676 16.608
1030.988 31.573
1031.300 14.592
1031.612 26.530
1031.924 10.225
1032.236 32.787
1032.548 21.502
1032.860 28.786
1033.172 21.109
1033.484 18.446
1033.796 19.492
1034.108 18.594
1034.420 31.592
1034.732 34.923
1035.044 38.588
1035.356 21.586
1035.668 -1.416
1035.980 -1.418
1036.292 7.579
1036.604 33.244
1036.916 31.909
1037.228 25.906
1037.540 14.238
1037.852 4.569
1038.164 -0.100
1038.476 -5.769
1038.788 1.896
1039.100 16.227
1039.412 29.891
1039.724 37.889
1040.036 40.220
1040.348 27.551
1040.660 2.549
1040.972 4.880
1041.284 13.211
1041.596 27.876
1041.908 19.874
1042.220 28.871
1042.532 23.202
1042.844 18.867
1043.156 9.865
1043.468 11.529
1043.780 17.193
1044.092 18.858
1044.404 12.522
1044.716 17.853
1045.028 24.184
1045.340 35.515
1045.652 26.846
1045.964 25.177
1046.276 16.842
1046.588 19.506
1046.900 17.170
1047.212 12.501
1047.524 1.832
1047.836 2.163
1048.148 12.828
1048.460 33.492
1048.772 26.490
1049.084 15.821
1049.396 -3.848
1049.708 -9.184
1050.020 3.147
1050.332 3.811
1050.644 7.809
1050.956 0.140
1051.268 -4.863
1051.580 -16.198
1051.892 -9.201
1052.204 8.797
1052.516 25.461
1052.828 24.125
1053.140 8.456
1053.452 4.454
1053.764 -8.882
1054.076 19.115
1054.388 6.780
1054.700 9.110
1055.012 -19.892
1055.324 -6.228
1055.636 12.770
1055.948 31.434
1056.260 26.098
1056.572 18.762
1056.884 11.093
1057.196 19.424
1057.508 21.088
1057.820 20.085
1058.132 -0.251
1058.444 -3.920
1058.756 0.411
1059.068 29.742
1059.380 32.406
1059.692 29.070
1060.004 3.734
1060.316 -0.935
1060.628 -2.938
1060.940 17.726
1061.252 5.390
1061.564 -6.946
1061.876 -6.282
1062.188 6.716
1062.500 20.713
1062.812 17.377
1063.124 15.708
1063.436 9.705
1063.748 -0.298
1064.060 -3.300
1064.372 12.364
1064.684 17.694
1064.996 27.358
1065.308 17.022
1065.620 20.020
1065.932 11.684
1066.244 11.014
1066.556 17.678
1066.868 15.009
1067.180 1.673
1067.492 -7.330
1067.804 -4.666
1068.116 11.664
1068.428 3.995
1068.740 9.659
1069.052 0.323
1069.364 8.320
1069.676 -3.016
1069.988 14.314
1070.300 4.978
1070.612 5.309
1070.924 -1.361
1071.236 5.970
1071.548 15.633
1071.860 13.297
1072.172 25.294
1072.484 12.958
1072.796 9.955
1073.108 -0.381
1073.420 14.283
1073.732 11.947
1074.044 8.944
1074.356 7.274
1074.668 8.938
1074.980 15.602
1075.292 5.265
1075.604 -1.071
1075.916 -15.741
1076.228 0.257
1076.540 11.254
1076.852 26.584
1077.164 25.581
1077.476 36.245
1077.788 34.575
1078.100 17.905
1078.412 6.569
1078.724 5.566
1079.036 16.563
1079.348 6.226
1079.660 12.223
1079.972 9.220
1080.284 29.551
1080.596 24.881
1080.908 39.878
1081.220 33.208
1081.532 6.538
1081.844 -27.465
1082.156 -27.135
1082.468 -16.138
1082.780 17.859
1083.092 11.523
1083.404 36.520
1083.716 27.850
1084.028 19.513
1084.340 -8.823
1084.652 -11.160
1084.964 -6.163
1085.276 18.167
1085.588 18.831
1085.900 13.494
1086.212 13.824
1086.524 8.488
1086.836 20.818
1087.148 -1.852
1087.460 5.811
1087.772 -16.859
1088.084 -14.528
1088.396 -33.865
1088.708 -12.535
1089.020 -0.205
1089.332 16.125
1089.644 21.788
1089.956 24.785
1090.268 6.448
1090.580 -7.555
1090.892 2.442
1091.204 2.772
1091.516 10.435
1091.828 -15.568
1092.140 7.095
1092.464 21.092
1092.788 33.755
1093.112 46.418
1093.436 19.415
1093.760 14.078
1094.084 10.741
1094.408 21.738
1094.732 37.068
1095.056 25.398
1095.380 38.061
1095.703 52.057
1096.027 49.387
1096.351 26.717
1096.675 -7.953
1096.999 -15.623
1097.323 -15.960
1097.647 -7.630
1097.971 2.033
1098.295 12.696
1098.619 15.692
1098.943 3.355
1099.267 -2.315
1099.591 -28.652
1099.915 -24.322
1100.239 -18.992
1100.563 2.338
1100.887 11.001
1101.211 18.997
1101.535 22.327
1101.859 9.990
1102.182 6.319
1102.506 12.649
1102.830 26.312
1103.154 29.308
1103.478 16.971
1103.802 10.968
1104.126 1.964
1104.450 8.294
1104.774 7.957
1105.098 11.620
1105.422 4.282
1105.746 2.279
1106.070 6.942
1106.394 17.938
1106.718 21.267
1107.042 8.264
1107.366 2.927
1107.690 6.589
1108.014 14.252
1108.338 19.582
1108.662 18.578
1108.985 17.574
1109.309 16.237
1109.633 1.566
1109.957 5.896
1110.281 -5.441
1110.605 -7.445
1110.929 -2.116
1111.253 -6.786
1111.577 11.543
1111.901 6.206
1112.225 2.869
1112.549 -14.802
1112.873 -22.139
1113.197 -10.143
1113.521 -6.814
1113.845 -9.818
1114.169 11.178
1114.493 25.507
1114.817 28.503
1115.141 1.166
1115.464 -2.171
1115.788 -5.842
1116.112 4.487
1116.436 15.150
1116.760 14.813
1117.084 12.808
1117.408 5.471
1117.732 7.800
1118.056 24.796
1118.380 10.459
1118.704 7.788
1119.028 -11.216
1119.352 -14.220
1119.676 6.442
1120.000 9.771
1120.324 13.101
1120.648 -8.570
1120.972 4.092
1121.296 -1.912
1121.620 22.750
1121.944 3.413
1122.267 22.075
1122.591 -2.596
1122.915 -3.600
1123.239 -20.937
1123.563 -11.942
1123.887 7.054
1124.211 19.716
1124.535 16.712
1124.859 2.041
1125.183 0.370
1125.507 1.699
1125.831 -18.305
1126.155 -30.643
1126.479 -28.980
1126.803 -15.318
1127.127 4.344
1127.451 7.340
1127.775 13.669
1128.099 2.331
1128.423 -17.340
1128.746 -22.011
1129.070 -11.016
1129.394 7.313
1129.718 28.642
1130.042 23.971
1130.366 12.967
1130.690 -12.371
1131.014 -25.709
1131.338 -14.380
1131.662 -8.385
1131.986 3.611
1132.310 5.273
1132.634 12.935
1132.958 13.597
1133.282 4.593
1133.606 6.921
1133.930 -10.750
1134.254 -1.088
1134.578 -9.426
1134.902 0.570
1135.226 -12.435
1135.549 -7.106
1135.873 -10.111
1136.197 -3.782
1136.521 2.880
1136.845 25.875
1137.169 38.537
1137.493 37.199
1137.817 26.528
1138.141 22.190
1138.465 14.185
1138.789 17.847
1139.113 0.509
1139.437 3.171
1139.761 2.833
1140.085 14.828
1140.409 22.823
1140.733 26.152
1141.057 22.147
1141.381 9.476
1141.705 -19.529
1142.028 -20.534
1142.352 -24.872
1142.676 -3.544
1143.000 17.451
1143.324 18.780
1143.648 2.775
1143.972 -7.230
1144.296 -3.235
1144.620 6.427
1144.944 -10.911
1145.268 -8.583
1145.592 1.412
1145.916 8.407
1146.240 -2.931
1146.564 -1.602
1146.888 1.059
1147.212 8.388
1147.536 12.716
1147.860 20.711
1148.184 27.039
1148.507 20.368
1148.831 4.029
1149.155 -6.309
1149.479 -7.647
1149.803 -2.319
1150.127 17.676
1150.451 8.338
1150.775 0.333
1151.099 -13.006
1151.423 -10.678
1151.747 9.651
1152.071 8.312
1152.395 13.640
1152.719 10.635
1153.043 15.297
1153.367 8.292
1153.691 -6.713
1154.015 -18.719
1154.339 -11.390
1154.663 10.604
1154.987 25.599
1155.310 39.594
1155.634 28.256
1155.958 24.917
1156.282 10.245
1156.606 7.573
1156.930 11.901
1157.254 -2.437
1157.578 -19.776
1157.902 -25.448
1158.226 8.547
1158.550 20.542
1158.874 10.537
1159.198 -6.802
1159.522 8.526
1159.846 32.187
1160.170 24.849
1160.494 13.843
1160.818 -1.828
1161.142 -0.834
1161.466 0.161
1161.790 6.822
1162.113 0.484
1162.437 -8.855
1162.761 5.139
1163.085 28.467
1163.409 35.129
1163.733 -1.210
1164.057 -17.882
1164.381 4.779
1164.705 32.440
1165.029 40.102
1165.353 16.430
1165.677 7.424
1166.001 -1.581
1166.325 -1.253
1166.649 -14.592
1166.973 -26.598
1167.297 -20.603
1167.621 -1.608
1167.945 27.053
1168.269 19.714
1168.592 -5.292
1168.916 -11.297
1169.240 -12.303
1169.564 2.359
1169.888 -2.980
1170.212 11.014
1170.536 2.009
1170.860 0.670
1171.184 -1.669
1171.508 0.326
1171.832 -4.347
1172.156 -10.019
1172.480 -5.691
1172.804 -8.030
1173.128 -10.702
1173.452 -7.708
1173.776 -6.713
1174.100 -11.386
1174.424 -5.058
1174.748 4.270
1175.072 3.931
1175.395 -20.408
1175.719 -4.747
1176.043 2.247
1176.367 39.242
1176.691 29.236
1177.015 45.564
1177.339 26.892
1177.663 20.219
1177.987 5.214
1178.311 -2.459
1178.635 7.202
1178.959 -0.470
1179.283 2.191
1179.607 -3.148
1179.931 7.180
1180.255 23.507
1180.579 1.168
1180.903 -8.837
1181.227 -18.510
1181.551 -12.849
1181.874 -10.521
1182.198 -15.860
1182.522 -18.866
1182.846 -26.538
1183.170 -34.210
1183.494 -15.883
1183.818 14.778
1184.142 48.439
1184.466 44.767
1184.790 29.095
1185.114 -0.911
1185.438 4.750
1185.762 10.744
1186.086 26.072
1186.410 28.733
1186.734 26.394
1187.058 18.388
1187.382 28.716
1187.706 19.377
1188.030 18.038
1188.353 0.032
1188.677 16.693
1189.001 18.354
1189.325 22.681
1189.649 15.676
1189.973 32.003
1190.297 26.998
1190.621 10.992
1190.945 -8.014
1191.269 -19.353
1191.593 6.975
1191.917 13.302
1192.241 13.630
1192.565 4.291
1192.889 -2.382
1193.213 -8.721
1193.537 -12.726
1193.861 -7.399
1194.185 6.596
1194.509 -4.077
1194.833 -14.749
1195.156 -7.421
1195.480 4.573
1195.804 7.900
1196.128 15.561
1196.452 26.556
1196.776 47.550
1197.100 53.878
1197.424 50.205
1197.748 46.866
1198.072 16.527
1198.396 -2.478
1198.720 -21.484
1199.044 -11.156
1199.368 -4.495
1199.692 7.832
1200.016 -3.507
1200.340 -10.512
1200.664 0.149
1200.988 -3.190
1201.312 4.471
1201.635 -4.868
1201.959 3.460
1202.283 -2.546
1202.607 -7.885
1202.931 -1.891
1203.255 18.437
1203.579 29.098
1203.903 24.093
1204.227 11.420
1204.551 3.081
1204.875 27.409
1205.199 29.070
1205.523 27.398
1205.847 12.059
1206.171 -11.946
1206.495 -33.285
1206.819 -44.958
1207.143 -32.296
1207.467 -12.635
1207.791 -4.307
1208.115 10.020
1208.438 6.682
1208.762 13.343
1209.086 -3.663
1209.410 23.332
1209.734 13.660
1210.058 24.988
1210.382 -5.351
1210.706 -0.023
1211.030 1.305
1211.354 17.633
1211.678 14.294
1212.002 9.955
1212.326 -0.717
1212.650 1.611
1212.974 -8.728
1213.298 3.600
1213.622 -4.738
1213.946 -9.744
1214.270 -16.416
1214.594 -3.754
1214.917 28.907
1215.241 27.235
1215.565 33.563
1215.889 32.225
1216.213 32.219
1216.537 23.214
1216.861 9.542
1217.185 -9.463
1217.509 -13.801
1217.833 3.860
1218.157 24.522
1218.481 42.183
1218.805 26.845
1219.129 29.506
1219.453 8.834
1219.777 0.829
1220.101 -7.176
1220.425 -2.848
1220.749 11.814
1221.073 7.809
1221.397 2.804
1221.720 -7.534
1222.044 -8.539
1222.368 -19.211
1222.692 -28.549
1223.016 -29.554
1223.340 -29.892
1223.664 -18.564
1223.988 -7.902
1224.312 -5.574
1224.636 -12.912
1224.960 -1.583
1225.284 14.079
1225.608 10.407
1225.932 -12.931
1226.256 -8.269
1226.580 4.726
1226.904 25.055
1227.228 29.383
1227.552 32.712
1227.876 27.707
1228.199 7.369
1228.523 -12.968
1228.847 -37.973
1229.171 -16.311
1229.495 4.018
1229.819 13.680
1230.143 4.342
1230.467 4.671
1230.791 21.666
1231.115 14.995
1231.439 0.324
1231.763 -8.347
1232.087 -8.682
