181.241 -24.929
181.495 -19.929
181.749 -11.929
182.003 -12.929
182.257 -18.929
182.511 -23.262
182.765 -24.262
183.019 -27.929
183.273 -16.595
183.528 -0.929
183.782 15.071
184.036 11.405
184.290 -6.928
184.544 -2.595
184.798 -16.928
185.052 -0.595
185.306 3.072
185.560 17.405
185.814 19.072
186.068 10.738
186.322 22.072
186.576 23.405
186.830 23.405
187.084 16.405
187.339 2.405
187.593 -1.595
187.847 -6.595
188.101 2.739
188.355 4.739
188.609 0.406
188.863 7.406
189.117 12.739
189.371 12.406
189.625 3.406
189.879 -10.928
190.133 -10.928
190.387 -20.261
190.641 -15.261
190.895 -2.927
191.150 6.739
191.404 6.073
191.658 -21.927
191.912 -30.927
192.166 -38.927
192.420 -22.927
192.674 -11.261
192.928 0.073
193.182 -1.594
193.436 0.740
193.690 10.406
193.944 12.073
194.198 1.740
194.452 -14.927
194.706 -6.260
194.961 7.073
195.215 21.406
195.469 23.073
195.723 26.407
195.977 2.740
196.231 -6.593
196.485 -4.260
196.739 19.407
196.993 22.740
197.247 12.740
197.501 -1.260
197.755 -0.260
198.009 -0.260
198.263 21.407
198.517 30.407
198.772 22.407
199.026 -2.260
199.280 -16.926
199.534 -27.260
199.788 -10.926
200.042 -4.259
200.296 21.407
200.550 24.407
200.804 14.741
201.058 -5.593
201.312 -14.259
201.566 -15.926
201.820 -5.592
202.074 0.741
202.328 10.074
202.583 0.408
202.837 -2.926
203.091 -4.926
203.345 22.741
203.599 22.408
203.853 33.074
204.107 14.408
204.361 8.741
204.615 -2.592
204.869 -7.592
205.123 -15.592
205.377 -12.592
205.631 6.408
205.885 23.408
206.139 26.075
206.394 14.742
206.648 14.075
206.902 11.075
207.156 -8.258
207.410 -16.925
207.664 -7.258
207.918 26.408
208.172 40.409
208.426 31.742
208.680 25.409
208.934 16.075
209.188 11.742
209.442 3.742
209.696 -0.925
209.950 10.409
210.205 -3.591
210.459 2.076
210.713 -5.591
210.967 27.742
211.221 39.076
211.475 34.742
211.729 -2.591
211.983 -18.591
212.237 -17.258
212.491 -10.257
212.745 0.409
212.999 1.409
213.253 22.409
213.507 5.409
213.761 9.076
214.016 -7.591
214.270 1.743
214.524 7.743
214.778 24.743
215.032 38.410
215.286 36.410
215.540 26.076
215.794 25.076
216.048 20.410
216.302 15.743
216.556 7.077
216.810 8.410
217.064 13.077
217.318 1.743
217.572 9.743
217.827 15.743
218.081 25.077
218.335 23.410
218.589 21.744
218.843 10.744
219.097 5.744
219.351 -4.923
219.605 -3.923
219.859 -25.923
220.113 -27.923
220.367 -4.590
220.621 14.744
220.875 20.411
221.129 15.744
221.383 11.077
221.638 11.411
221.892 -3.256
222.146 -14.589
222.400 -32.256
222.654 -11.922
222.908 -7.256
223.162 22.411
223.416 8.078
223.670 21.744
223.924 -1.922
224.178 -0.922
224.432 10.411
224.686 14.745
224.940 17.078
225.195 11.745
225.449 31.078
225.703 29.411
225.957 16.745
226.211 16.745
226.465 15.411
226.719 21.745
226.973 17.745
227.227 12.412
227.481 13.078
227.735 11.078
227.989 15.412
228.243 3.078
228.497 6.745
228.751 -5.921
229.006 4.412
229.260 -3.588
229.514 12.412
229.768 4.412
230.022 11.079
230.276 18.745
230.530 33.079
230.784 20.412
231.038 15.079
231.292 3.746
231.546 4.412
231.800 -0.254
232.054 8.412
232.308 25.079
232.562 29.413
232.817 29.746
233.071 4.746
233.325 -2.587
233.579 -12.921
233.833 6.079
234.087 11.746
234.341 18.746
234.595 29.413
234.849 37.746
235.103 39.413
235.357 23.746
235.611 15.746
235.865 30.080
236.119 24.080
236.373 18.747
236.628 -4.587
236.882 -0.253
237.136 -3.587
237.390 9.080
237.644 15.413
237.898 16.080
238.152 -3.253
238.406 -22.586
238.660 -15.253
238.914 -8.253
239.168 5.080
239.422 1.747
239.676 5.414
239.930 9.080
240.184 20.414
240.439 18.414
240.693 19.414
240.947 4.747
241.201 4.747
241.455 -9.253
241.709 -17.253
241.963 -28.253
242.217 -14.919
242.471 -5.586
242.725 4.081
242.979 3.414
243.233 -2.252
243.487 -6.586
243.741 -22.919
243.995 -15.919
244.250 -15.919
244.504 -14.252
244.758 0.415
245.012 17.081
245.266 30.748
245.520 27.081
245.774 5.415
246.028 12.748
246.282 -4.252
246.536 5.748
246.790 -14.918
247.044 -8.585
247.298 -7.585
247.552 19.748
247.806 27.749
248.061 35.082
248.315 12.415
248.569 8.415
248.823 3.415
249.077 8.749
249.331 1.415
249.585 -6.584
249.839 0.082
250.093 12.416
250.347 20.416
250.601 9.082
250.855 -18.584
251.109 -24.251
251.363 -18.251
251.617 -5.251
251.872 -5.917
252.126 -17.584
252.380 -21.251
252.634 -4.917
252.888 2.749
253.142 21.083
253.396 20.416
253.650 18.750
253.904 6.750
254.159 0.416
254.413 6.083
254.667 5.083
254.922 3.416
255.176 5.750
255.431 16.750
255.685 13.083
255.939 16.750
256.194 19.417
256.448 19.083
256.702 -8.250
256.957 -17.916
257.211 -24.916
257.465 1.417
257.720 4.750
257.974 5.750
258.228 4.084
258.483 9.084
258.737 20.417
258.992 9.084
259.246 -2.583
259.500 -2.916
259.755 -4.916
260.009 4.417
260.263 -3.249
260.518 15.084
260.772 11.418
261.026 20.418
261.281 24.084
261.535 29.084
261.789 24.418
262.044 19.084
262.298 20.085
262.553 20.751
262.807 9.418
263.061 -1.249
263.316 -8.915
263.570 -13.915
263.824 -8.249
264.079 4.085
264.333 6.085
264.587 1.418
264.842 7.418
265.096 3.752
265.351 0.752
265.605 -15.248
265.859 10.752
266.114 5.752
266.368 7.085
266.622 -22.915
266.877 3.085
267.131 6.085
267.385 14.419
267.640 -2.248
267.894 5.419
268.148 10.752
268.403 6.752
268.657 -12.581
268.912 -0.914
269.166 5.086
269.420 19.419
269.675 17.753
269.929 11.086
270.183 5.419
270.438 -15.581
270.692 -16.247
270.946 -9.914
271.201 13.086
271.455 21.420
271.709 22.086
271.964 10.086
272.218 18.420
272.473 17.420
272.727 21.420
272.981 12.420
273.236 8.087
273.490 -7.580
273.744 -11.580
273.999 -0.913
274.253 1.754
274.507 -4.913
274.762 -21.580
275.016 5.420
275.271 15.420
275.525 13.087
275.779 -17.246
276.034 -25.579
276.288 -17.246
276.542 -19.246
276.797 -14.579
277.051 -17.579
277.305 -5.246
277.560 6.421
277.814 9.754
278.068 7.754
278.323 -2.912
278.577 -7.579
278.832 5.421
279.086 18.088
279.340 34.755
279.595 44.421
279.849 28.421
280.103 32.755
280.358 -0.912
280.612 -2.245
280.866 -7.912
281.121 17.422
281.375 39.088
281.629 31.755
281.884 22.422
282.138 17.422
282.393 13.755
282.647 7.089
282.901 -1.578
283.156 -12.578
283.410 -0.245
283.664 -9.245
283.919 3.089
284.173 13.089
284.427 27.422
284.682 25.422
284.936 12.089
285.191 16.756
285.445 13.756
285.699 13.089
285.954 -12.577
286.208 3.423
286.462 0.756
286.717 5.089
286.971 3.756
287.225 13.756
287.480 19.423
287.734 12.090
287.988 5.423
288.243 9.090
288.497 23.756
288.752 32.423
289.006 35.756
289.260 23.757
289.515 4.423
289.769 -0.243
290.023 4.757
290.278 15.090
290.532 1.090
290.786 -11.243
291.041 -13.910
291.295 -3.243
291.549 -7.576
291.804 -5.243
292.058 -9.576
292.313 19.424
292.567 19.757
292.821 22.424
293.076 -10.243
293.330 -13.909
293.584 -19.576
293.839 -29.909
294.093 -28.576
294.347 -5.242
294.602 34.091
294.856 29.758
295.111 30.091
295.365 1.758
295.619 2.425
295.874 1.091
296.128 18.425
296.382 15.758
296.637 12.091
296.891 10.091
297.145 26.092
297.400 31.092
297.654 25.425
297.908 13.092
298.163 0.092
298.417 -10.908
298.672 -17.241
298.926 -1.575
299.180 20.092
299.435 19.425
299.689 1.092
299.943 13.425
300.198 31.425
300.452 32.426
300.706 0.092
300.961 -2.574
301.215 9.092
301.469 13.426
301.724 22.092
301.978 9.759
302.233 18.759
302.487 -2.241
302.741 6.759
302.996 11.093
303.250 15.093
303.504 13.426
303.759 -12.574
304.013 -10.240
304.267 -18.907
304.522 5.760
304.776 14.760
305.031 11.093
305.285 0.760
305.539 -20.240
305.794 -25.907
306.048 -8.907
306.302 9.427
306.557 15.094
306.811 -5.240
307.065 -6.573
307.320 -16.573
307.574 -4.240
307.828 -3.240
308.083 25.761
308.337 11.761
308.592 -1.239
308.846 -14.573
309.100 -7.573
309.355 -4.239
309.609 -7.572
309.863 -15.572
310.118 -9.572
310.372 2.761
310.626 12.761
310.881 21.094
311.135 -0.239
311.389 -11.239
311.644 -31.905
311.898 -4.572
312.153 8.761
312.407 28.095
312.661 12.762
312.916 3.762
313.170 -17.572
313.429 -2.238
313.688 -3.238
313.947 15.095
314.206 0.762
314.465 12.429
314.724 5.762
314.983 -2.571
315.242 -15.571
315.501 -14.904
315.760 -8.238
316.019 -11.571
316.278 -3.238
316.536 12.762
316.795 36.762
317.054 48.429
317.313 42.763
317.572 33.096
317.831 1.429
318.090 1.096
318.349 2.096
318.608 11.430
318.867 5.763
319.126 11.430
319.385 26.096
319.644 34.096
319.903 28.763
320.162 15.763
320.421 13.430
320.680 22.097
320.939 28.430
321.198 8.430
321.457 13.430
321.716 1.097
321.975 36.430
322.234 45.764
322.493 60.097
322.752 41.097
323.010 14.097
323.269 9.097
323.528 14.764
323.787 9.097
324.046 17.764
324.305 25.098
324.564 58.098
324.823 56.098
325.082 54.098
325.341 9.431
325.600 -11.569
325.859 -27.569
326.118 -12.235
326.377 7.765
326.636 12.765
326.895 38.098
327.154 48.765
327.413 63.765
327.672 52.432
327.931 30.098
328.190 13.432
328.449 0.098
328.708 19.099
328.967 17.765
329.226 13.432
329.485 -1.568
329.743 3.765
330.002 6.765
330.261 4.099
330.520 15.099
330.779 19.432
331.038 31.766
331.297 29.099
331.556 38.433
331.815 56.766
332.074 73.099
332.333 81.099
332.592 57.766
332.851 39.766
333.110 48.433
333.369 64.766
333.628 93.766
333.887 113.100
334.146 157.766
334.405 202.433
334.664 266.100
334.923 319.767
335.182 397.767
335.441 509.433
335.700 681.100
335.959 880.434
336.217 1119.434
336.476 1378.100
336.735 1709.434
336.994 2088.767
337.253 2515.101
337.512 2982.101
337.771 3491.434
338.030 4060.767
338.289 4671.101
338.548 5347.101
338.807 6093.101
339.066 6858.101
339.325 7603.101
339.584 8363.768
339.843 9140.768
340.102 9915.101
340.361 10693.101
340.620 11378.768
340.879 12003.435
341.138 12534.768
341.397 13041.768
341.656 13486.102
341.915 13843.768
342.174 14073.102
342.433 14353.102
342.691 14435.769
342.950 14521.435
343.209 14386.102
343.468 14316.769
343.727 14122.435
343.986 13921.102
344.245 13644.769
344.504 13432.102
344.763 13062.102
345.022 12653.769
345.281 12164.102
345.540 11785.769
345.799 11372.436
346.058 10958.436
346.317 10519.436
346.576 10140.436
346.835 9798.436
347.094 9461.436
347.353 9117.770
347.612 8791.770
347.871 8456.103
348.130 8128.103
348.389 7802.770
348.648 7447.437
348.907 7142.437
349.166 6871.437
349.424 6657.770
349.683 6428.104
349.942 6140.437
350.201 5856.437
350.460 5560.104
350.719 5300.771
350.978 5066.437
351.237 4837.437
351.496 4607.104
351.755 4436.437
352.014 4252.438
352.273 4052.104
352.532 3859.771
352.791 3700.438
353.050 3538.438
353.309 3293.105
353.568 3074.438
353.827 2922.771
354.086 2814.105
354.345 2710.771
354.604 2579.772
354.863 2430.438
355.122 2334.772
355.381 2192.438
355.640 2119.772
355.898 1992.105
356.157 1914.439
356.416 1803.105
356.675 1708.439
356.934 1617.772
357.193 1563.106
357.452 1495.106
357.711 1436.106
357.970 1387.106
358.229 1356.439
358.488 1318.439
358.747 1240.773
359.006 1178.773
359.265 1132.773
359.524 1105.106
359.783 1047.773
360.042 976.106
360.301 919.106
360.560 865.773
360.819 831.106
361.078 784.440
361.337 753.440
361.596 709.440
361.855 674.440
362.114 626.440
362.372 612.774
362.631 599.107
362.890 590.440
363.149 532.107
363.408 506.774
363.667 473.774
363.926 489.774
364.185 437.774
364.444 427.774
364.703 398.107
364.962 406.108
365.221 379.108
365.480 366.441
365.741 347.441
366.002 336.441
366.264 325.775
366.525 325.108
366.786 317.108
367.047 293.775
367.308 273.775
367.570 268.442
367.831 265.108
368.092 243.442
368.353 221.775
368.614 201.442
368.876 200.775
369.137 190.109
369.398 184.109
369.659 162.109
369.920 165.776
370.182 154.442
370.443 172.109
370.704 155.776
370.965 168.109
371.226 160.109
371.488 174.443
371.749 168.109
372.010 157.109
372.271 137.443
372.532 111.443
372.794 112.110
373.055 109.776
373.316 112.110
373.577 96.110
373.838 91.443
374.100 95.443
374.361 114.443
374.622 114.110
374.883 103.777
375.144 89.444
375.406 84.777
375.667 95.110
375.928 98.110
376.189 99.777
376.450 97.444
376.712 94.444
376.973 89.444
377.234 81.111
377.495 67.778
377.756 83.111
378.018 74.444
378.279 72.111
378.540 48.111
378.801 51.445
379.062 40.778
379.324 43.778
379.585 41.445
379.846 71.778
380.107 80.778
380.368 90.445
380.630 74.445
380.891 63.779
381.152 49.445
381.413 47.112
381.674 52.779
381.936 62.779
382.197 56.112
382.458 43.446
382.719 36.112
382.980 35.779
383.242 52.113
383.503 56.113
383.764 52.446
384.025 46.779
384.286 53.446
384.548 52.113
384.809 40.446
385.070 26.446
385.331 39.446
385.592 45.113
385.854 52.447
386.115 52.113
386.376 58.447
386.637 42.113
386.898 37.114
387.160 27.447
387.421 25.447
387.682 13.114
387.943 6.447
388.204 8.447
388.466 3.447
388.727 2.447
388.988 6.447
389.249 18.781
389.510 20.114
389.772 31.114
390.033 35.114
390.294 43.115
390.555 30.115
390.816 23.115
391.078 16.781
391.339 21.115
391.600 13.115
391.861 7.782
392.122 18.782
392.384 37.115
392.645 46.782
392.906 43.115
393.167 33.449
393.428 22.115
393.690 18.449
393.951 10.782
394.212 17.116
394.473 3.782
394.734 2.449
394.996 12.116
395.257 25.449
395.518 25.116
395.779 14.783
396.040 -5.217
396.302 14.783
396.563 10.450
396.824 19.783
397.085 5.783
397.346 18.783
397.608 30.783
397.869 33.117
398.130 30.117
398.391 22.784
398.652 33.117
398.914 43.450
399.175 39.117
399.436 29.117
399.697 18.117
399.958 27.117
400.220 39.784
400.481 39.784
400.742 28.784
401.003 20.451
401.264 19.118
401.526 26.118
401.787 9.785
402.048 -9.882
402.309 -4.549
402.570 8.451
402.832 34.118
403.093 19.452
403.354 27.118
403.615 8.452
403.876 22.119
404.138 22.785
404.399 33.452
404.660 25.452
404.931 24.452
405.202 33.786
405.473 41.786
405.745 38.452
406.016 37.453
406.287 31.453
406.558 22.453
406.829 14.786
407.100 15.453
407.371 22.786
407.642 22.120
407.914 13.453
408.185 25.120
408.456 9.120
408.727 12.787
408.998 -7.880
409.269 0.453
409.540 -14.213
409.811 -27.546
410.083 -30.546
410.354 -10.213
410.625 6.121
410.896 16.121
411.167 2.454
411.438 -3.879
411.709 7.454
411.981 28.121
412.252 38.121
412.523 29.788
412.794 30.455
413.065 39.788
413.336 39.788
413.607 33.121
413.878 24.455
414.150 11.122
414.421 10.455
414.692 3.455
414.963 1.455
415.234 -7.545
415.505 -15.878
415.776 0.789
416.047 21.789
416.319 38.122
416.590 37.122
416.861 11.122
417.132 18.123
417.403 6.789
417.674 23.123
417.945 11.456
418.217 23.790
418.488 27.456
418.759 26.790
419.030 28.456
419.301 10.790
419.572 17.790
419.843 20.790
420.114 16.790
420.386 11.457
420.657 -7.876
420.928 5.124
421.199 -3.210
421.470 11.124
421.741 17.791
422.012 22.124
422.283 16.791
422.555 2.791
422.826 1.124
423.097 10.791
423.368 27.791
423.639 41.458
423.910 45.791
424.181 48.458
424.453 40.125
424.724 34.792
424.995 35.125
425.266 53.125
425.537 51.458
425.808 39.792
426.079 22.792
426.350 19.792
426.622 22.125
426.893 23.126
427.164 23.126
427.435 14.126
427.706 0.126
427.977 -1.541
428.248 -3.874
428.519 1.793
428.791 3.460
429.062 19.126
429.333 18.126
429.604 18.793
429.875 19.460
430.146 22.793
430.417 19.460
430.689 17.460
430.960 30.794
431.231 41.794
431.502 56.460
431.773 52.460
432.044 40.794
432.315 18.461
432.586 6.794
432.858 1.461
433.129 1.794
433.400 12.461
433.671 38.128
433.942 46.461
434.213 49.795
434.484 56.461
434.755 63.128
435.027 67.795
435.298 47.795
435.569 45.795
435.840 33.462
436.114 46.129
436.388 45.129
436.663 52.795
436.937 41.462
437.211 44.462
437.485 39.129
437.759 40.462
438.034 28.129
438.308 40.463
438.582 23.796
438.856 25.463
439.130 14.130
439.405 30.130
439.679 46.130
439.953 53.463
440.227 43.797
440.501 47.463
440.776 57.463
441.050 62.130
441.324 27.797
441.598 12.464
441.872 19.130
442.147 27.464
442.421 20.131
442.695 29.131
442.969 36.464
443.244 19.131
443.518 3.798
443.792 0.798
444.066 28.465
444.340 38.131
444.615 50.131
444.889 52.465
445.163 50.798
445.437 49.798
445.711 45.465
445.986 25.132
446.260 14.465
446.534 8.799
446.808 18.465
447.082 15.132
447.357 35.132
447.631 39.799
447.905 52.466
448.179 38.466
448.453 31.799
448.728 29.466
449.002 18.466
449.276 25.800
449.550 13.800
449.824 21.800
450.099 26.038
450.373 33.969
450.647 27.608
450.921 13.686
451.195 14.329
451.470 7.069
451.744 18.249
452.018 15.260
452.292 39.251
452.566 43.805
452.841 38.209
453.115 12.283
453.389 4.053
453.663 17.449
453.937 17.141
454.212 20.714
454.486 14.163
454.760 4.711
455.034 1.763
455.308 -11.610
455.583 30.739
455.857 37.230
456.131 60.337
456.405 48.632
456.680 44.401
456.954 23.910
457.228 9.573
457.502 18.709
457.776 37.264
458.051 58.769
458.325 67.923
458.599 69.274
458.873 55.263
459.147 36.707
459.422 41.931
459.696 45.876
459.970 33.446
460.244 14.191
460.518 25.698
460.793 30.614
461.067 39.478
461.341 16.207
461.615 14.577
461.889 20.517
462.164 34.008
462.438 34.017
462.712 15.605
462.986 2.774
463.260 19.959
463.535 40.811
463.809 42.801
464.083 31.604
464.357 8.427
464.631 18.392
464.906 11.101
465.180 18.077
465.454 4.796
465.728 20.133
466.002 34.474
466.277 57.828
466.551 62.248
466.825 69.374
467.099 48.361
467.373 36.658
467.648 36.037
467.922 36.708
468.196 52.169
468.470 50.514
468.744 62.601
469.019 57.964
469.293 48.232
469.567 49.639
469.841 29.774
470.116 11.596
470.390 -3.234
470.664 -13.682
470.938 -10.306
471.212 11.625
471.487 45.593
471.761 60.073
472.035 49.576
472.309 32.782
472.583 35.797
472.858 37.142
473.132 34.788
473.406 11.923
473.680 7.857
473.954 10.884
474.229 26.333
474.503 39.365
474.777 44.332
475.051 54.662
475.325 29.564
475.600 19.531
475.874 19.475
476.148 43.439
476.422 54.737
476.696 43.057
476.971 44.959
477.245 43.921
477.519 59.113
477.793 46.159
478.067 36.522
478.342 18.293
478.616 10.345
478.890 9.674
479.164 18.520
479.438 24.417
479.713 22.767
479.987 25.689
480.261 31.873
480.535 56.005
480.809 44.528
481.084 54.862
481.358 30.723
481.632 48.250
481.906 23.209
482.180 26.120
482.455 13.423
482.729 25.397
483.003 40.261
483.277 39.273
483.551 35.382
483.826 14.367
484.100 6.930
484.374 10.141
484.648 30.439
484.923 48.186
485.197 59.136
485.471 67.509
485.745 52.015
486.019 34.929
486.294 23.027
486.568 47.853
486.842 57.510
487.116 55.898
487.390 48.766
487.665 55.530
487.939 50.694
488.213 51.400
488.487 34.335
488.761 40.151
489.036 36.925
489.310 38.231
489.584 24.033
489.858 10.494
490.132 6.942
490.407 30.567
490.681 52.599
490.955 68.490
491.229 48.761
491.503 26.413
491.778 31.949
492.052 26.103
492.326 36.197
492.600 34.942
492.874 55.123
493.149 57.090
493.423 47.685
493.697 53.918
493.971 44.498
494.245 22.314
494.520 4.062
494.794 9.976
495.068 37.463
495.342 44.666
495.616 43.368
495.891 34.209
496.165 35.532
496.439 21.108
496.713 23.753
496.987 30.057
497.262 39.907
497.536 34.324
497.810 25.777
498.084 33.331
498.359 37.928
498.633 34.970
498.907 36.299
499.181 35.663
499.455 24.814
499.730 3.441
500.004 -0.185
500.278 26.443
500.552 41.580
500.826 55.407
501.101 26.472
501.375 26.801
501.649 12.658
501.923 22.875
502.197 30.149
502.472 31.474
502.746 41.695
503.020 35.111
503.294 34.774
503.568 31.148
503.843 17.286
504.117 14.661
504.391 2.793
504.665 2.463
504.939 9.382
505.214 18.953
505.488 30.818
505.762 22.905
506.036 37.377
506.310 43.950
506.585 65.989
506.859 48.195
507.133 24.495
507.407 6.060
507.681 12.942
507.956 20.851
508.230 13.291
508.504 26.673
508.778 51.187
509.052 50.534
509.327 39.025
509.601 13.217
509.875 4.117
510.149 -16.435
510.423 -21.607
510.698 -10.556
510.972 6.269
511.246 17.914
511.520 28.194
511.795 34.902
512.069 55.387
512.343 67.534
512.617 58.775
512.891 40.794
513.166 37.154
513.440 28.516
513.714 23.404
513.988 7.452
514.262 18.827
514.537 36.215
514.811 40.292
515.085 26.695
515.359 12.445
515.633 2.358
515.908 11.478
516.182 21.518
516.456 26.235
516.730 13.660
517.004 5.812
517.279 20.611
517.553 28.469
517.827 18.085
518.101 -5.830
518.375 -3.623
518.650 12.748
518.924 21.244
519.198 31.348
519.472 24.130
519.746 34.233
520.021 43.427
520.295 51.023
520.569 60.258
520.843 37.203
521.117 25.508
521.392 9.680
521.666 17.947
521.940 39.261
522.214 37.046
522.488 28.156
522.763 8.132
523.037 11.344
523.311 19.997
523.585 18.724
523.859 22.281
524.134 24.572
524.408 34.242
524.682 39.409
524.956 50.730
525.231 41.072
525.505 25.626
525.779 2.095
526.053 15.030
526.327 16.326
526.602 17.301
526.876 3.401
527.150 21.272
527.424 49.541
527.698 62.552
527.973 47.293
528.247 21.961
528.521 37.925
528.795 33.689
529.069 28.805
529.344 13.904
529.618 19.136
529.892 22.737
530.166 18.167
530.440 26.371
530.715 29.330
530.989 37.552
531.263 34.612
531.537 42.172
531.811 32.684
532.086 21.855
532.360 17.605
532.634 6.088
532.908 33.096
533.182 38.061
533.457 48.284
533.731 35.808
534.005 37.457
534.279 36.467
534.553 21.602
534.828 19.005
535.102 32.577
535.376 46.463
535.650 38.863
535.924 16.708
536.199 16.708
536.473 19.025
536.747 21.009
537.021 13.739
537.295 21.684
537.570 28.298
537.844 32.922
538.118 25.971
538.392 35.561
538.666 46.143
538.941 62.669
539.215 56.045
539.489 53.052
539.763 48.710
540.038 52.661
540.312 40.769
540.586 38.789
540.860 61.231
541.134 78.387
541.409 72.777
541.683 63.154
541.957 58.515
542.231 65.405
542.505 64.721
542.780 74.886
543.054 76.862
543.328 73.199
543.602 67.254
543.876 76.382
544.151 87.220
544.425 87.832
544.699 79.951
544.973 73.685
545.247 70.712
545.522 65.749
545.796 79.122
546.070 93.803
546.351 101.315
546.632 87.261
546.912 78.808
547.193 82.677
547.474 102.254
547.755 81.583
548.036 69.147
548.317 36.084
548.597 47.184
548.878 43.266
549.159 42.940
549.440 20.099
549.721 12.583
550.001 14.529
550.282 24.308
550.563 30.179
550.844 21.372
551.125 29.189
551.406 20.379
551.686 30.150
551.967 27.869
552.248 40.561
552.529 39.570
552.810 34.353
553.090 23.280
553.371 19.058
553.652 16.781
553.933 11.903
554.214 10.592
554.495 13.529
554.775 30.181
555.056 29.545
555.337 36.732
555.618 29.223
555.899 41.311
556.179 37.712
556.460 32.815
556.741 28.882
557.022 21.380
557.303 11.591
557.584 -10.920
557.864 10.672
558.145 44.023
558.426 60.049
558.707 35.833
558.988 1.126
559.268 -9.354
559.549 8.397
559.830 46.232
560.111 62.668
560.392 49.516
560.673 24.490
560.953 19.230
561.234 23.835
561.515 15.301
561.796 3.793
562.077 -6.404
562.357 7.767
562.638 16.676
562.919 15.342
563.200 9.106
563.481 14.796
563.762 20.423
564.042 25.747
564.323 10.142
564.604 12.470
564.885 6.826
565.166 24.739
565.446 26.059
565.727 17.762
566.008 14.445
566.289 18.757
566.570 27.712
566.851 25.059
567.131 16.438
567.412 9.468
567.693 2.525
567.974 10.896
568.255 16.256
568.535 28.337
568.816 15.277
569.097 11.254
569.378 7.230
569.659 9.580
569.940 12.251
570.220 7.525
570.501 26.883
570.782 29.883
571.063 26.215
571.344 14.543
571.624 21.242
571.905 31.648
572.186 44.117
572.467 41.840
572.748 37.524
573.029 24.452
573.309 23.849
573.590 30.329
573.871 50.692
574.152 60.177
574.433 45.950
574.713 15.102
574.994 -1.167
575.275 -2.856
575.556 12.994
575.837 10.291
576.118 10.966
576.398 -2.839
576.679 10.995
576.960 31.933
577.245 35.641
577.531 40.780
577.816 37.509
578.102 36.832
578.387 8.340
578.672 2.600
578.958 10.439
579.243 30.836
579.529 19.586
579.814 9.045
580.099 -13.605
580.385 -18.965
580.670 -10.263
580.956 2.499
581.241 17.137
581.526 19.081
581.812 37.284
582.097 50.529
582.382 53.541
582.668 42.967
582.953 17.119
583.239 8.811
583.524 10.097
583.809 16.040
584.095 27.799
584.380 34.843
584.666 41.306
584.951 34.348
585.236 31.287
585.522 44.152
585.807 50.590
586.093 35.072
586.378 8.578
586.663 0.520
586.949 3.432
587.234 9.257
587.520 9.886
587.805 13.759
588.090 10.852
588.376 18.913
588.661 24.382
588.947 31.152
589.232 13.730
589.517 3.736
589.803 3.091
590.088 15.655
590.374 23.062
590.659 31.740
590.944 32.374
591.230 25.931
591.515 24.656
591.800 28.853
592.086 35.280
592.371 23.042
592.657 4.371
592.942 2.764
593.227 10.800
593.513 33.283
593.798 41.947
594.084 54.123
594.369 45.132
594.654 31.325
594.940 8.226
595.225 3.088
595.511 7.903
595.796 21.388
596.081 14.649
596.367 17.522
596.652 14.937
596.938 14.940
597.223 5.325
597.508 -1.725
597.794 -0.765
598.079 -5.252
598.365 0.202
598.650 36.066
598.935 55.283
599.221 63.930
599.506 43.771
599.792 44.762
600.077 31.941
600.362 9.506
600.648 -8.463
600.933 -3.327
601.218 -0.127
601.504 6.934
601.789 9.822
602.075 6.285
602.360 -9.767
602.645 -18.429
602.931 -20.035
603.216 3.075
603.502 3.079
603.787 15.282
604.072 4.055
604.358 5.022
604.643 -9.787
604.929 -3.996
605.214 -1.100
605.499 33.683
605.785 36.266
606.070 37.888
606.356 42.126
606.641 45.047
606.926 44.415
607.212 22.477
607.497 1.808
607.783 8.954
608.068 11.234
608.353 37.797
608.639 39.432
608.924 41.384
609.210 29.073
609.495 32.695
609.780 31.426
610.066 28.507
610.351 24.308
610.636 44.870
610.922 67.380
611.207 66.756
611.493 58.968
611.778 55.116
612.063 63.998
612.349 73.177
612.634 77.808
612.920 78.837
613.205 66.112
613.490 46.130
613.776 36.630
614.061 22.872
614.347 17.290
614.632 6.785
614.917 20.279
615.203 44.018
615.488 62.846
615.774 62.580
616.059 39.172
616.344 18.386
616.630 1.867
616.915 13.134
617.201 20.095
617.486 46.296
617.771 36.026
618.057 23.092
618.342 8.188
618.627 6.529
618.913 18.834
619.198 14.520
619.484 11.197
619.769 15.881
620.054 6.561
620.340 4.883
620.625 -5.447
620.911 20.600
621.196 52.319
621.481 71.404
621.767 41.337
622.052 12.606
622.338 -8.142
622.623 6.585
622.908 -3.142
623.194 -12.204
623.479 -15.880
623.765 0.561
624.050 11.308
624.335 23.426
624.621 11.658
624.906 17.385
625.192 11.351
625.477 24.475
625.762 22.806
626.048 22.151
626.333 26.897
626.619 41.426
626.904 33.321
627.189 23.868
627.475 5.644
627.760 22.944
628.045 31.433
628.331 33.829
628.616 21.982
628.902 27.444
629.187 19.615
629.472 19.615
629.758 25.037
630.043 25.047
630.329 21.962
630.614 14.045
630.899 22.128
631.185 12.050
631.470 5.252
631.756 7.515
632.041 16.521
632.326 22.058
632.612 18.350
632.897 21.572
633.183 2.882
633.468 -3.330
633.753 -7.591
634.039 11.746
634.324 25.489
634.610 28.640
634.895 12.989
635.180 11.573
635.466 12.141
635.751 20.297
636.037 15.507
636.322 17.287
636.607 9.221
636.893 -0.067
637.178 -15.145
637.463 -17.245
637.749 -18.731
638.034 1.389
638.320 23.567
638.605 35.094
638.890 44.659
639.176 35.218
639.461 19.515
639.747 -9.425
640.032 -9.444
640.317 3.815
640.603 20.345
640.888 18.836
641.174 10.720
641.459 10.729
641.744 5.620
642.030 7.123
642.315 -7.614
642.601 5.660
642.886 16.518
643.171 23.750
643.457 23.472
643.742 33.486
644.028 34.099
644.313 21.408
644.598 4.761
644.884 1.425
645.169 7.218
645.455 7.224
645.740 13.637
646.025 29.563
646.311 23.751
646.596 16.412
646.881 -3.147
647.167 -2.858
647.452 -3.793
647.738 5.171
648.023 19.068
648.308 27.414
648.594 28.078
648.879 32.150
649.165 32.482
649.450 0.501
649.735 -12.530
650.021 -21.859
650.306 0.540
650.592 0.544
650.877 10.544
651.162 18.084
651.448 21.854
651.733 18.110
652.019 1.461
652.304 6.835
652.589 3.061
652.875 3.360
653.160 -13.996
653.446 -7.662
653.731 0.562
654.016 8.154
654.302 -5.486
654.587 -2.293
654.873 3.126
655.158 1.183
655.443 5.998
655.729 16.257
656.014 38.314
656.299 16.859
656.585 -8.769
656.870 -8.734
657.156 20.513
657.441 31.756
657.726 3.422
658.012 -12.011
658.297 1.253
658.583 11.551
658.868 20.953
659.153 18.728
659.439 28.445
659.724 20.358
660.010 18.455
660.295 14.881
660.580 16.192
660.866 5.776
661.151 0.547
661.437 -0.412
661.722 4.165
662.007 10.375
662.293 9.074
662.578 5.813
662.864 3.846
663.149 1.228
663.434 8.126
663.720 -2.404
664.005 -8.002
664.290 -16.540
664.576 -12.613
664.861 18.095
665.147 26.685
665.432 33.945
665.717 20.094
666.003 10.181
666.288 9.849
666.574 -3.393
666.859 6.564
667.144 10.547
667.430 26.148
667.715 20.504
668.001 32.487
668.286 35.177
668.571 29.192
668.857 12.557
669.142 1.924
669.428 8.254
669.713 5.588
669.998 5.594
670.284 12.949
670.569 14.278
670.855 22.983
671.140 17.310
671.425 14.633
671.711 -4.424
671.996 -5.753
672.282 14.337
672.567 16.001
672.852 -8.475
673.138 -11.130
673.423 5.666
673.708 16.051
673.994 4.303
674.279 -11.490
674.565 1.608
674.850 2.958
675.135 -3.106
675.421 -17.918
675.706 -14.889
675.992 -2.426
676.277 -0.079
676.562 6.342
676.848 -0.063
677.133 40.075
677.419 40.401
677.704 25.862
677.989 -9.578
678.275 -15.961
678.560 -0.748
678.846 -3.455
679.131 -2.784
679.416 -2.446
679.702 2.289
679.987 -9.561
680.273 -9.901
680.558 11.798
680.843 26.388
681.129 34.874
681.414 16.563
681.700 0.949
681.985 -0.069
682.270 -11.621
682.556 11.154
682.841 11.501
683.126 29.842
683.412 22.682
683.697 8.411
683.983 6.720
684.268 5.702
684.553 28.808
684.839 24.734
685.124 23.729
685.410 19.312
685.695 23.720
685.980 34.230
686.266 28.794
686.551 15.548
686.837 16.585
687.122 3.334
687.407 24.401
687.693 0.282
687.978 -2.425
688.264 -18.391
688.549 -25.519
688.834 -22.463
689.120 -29.236
689.405 -17.693
689.691 -10.565
689.976 1.286
690.261 10.419
690.547 9.743
690.832 12.453
691.118 -1.401
691.403 1.302
691.688 -13.231
691.974 -13.892
692.259 -2.099
692.544 7.019
692.830 19.148
693.115 -11.169
693.401 -6.450
693.686 -26.300
693.971 -13.830
694.257 -21.909
694.542 -16.190
694.828 -13.170
695.113 -16.530
695.398 0.289
695.684 5.992
695.969 8.688
696.255 1.287
696.540 -0.730
696.834 -1.392
697.127 -8.420
697.421 -7.747
697.715 -3.730
698.008 9.984
698.302 14.324
698.596 24.020
698.889 26.017
699.183 14.991
699.477 0.286
699.771 -22.052
700.064 -18.049
700.358 -6.710
700.652 5.278
700.945 16.601
701.239 12.272
701.533 20.590
701.826 14.917
702.120 24.541
702.414 17.555
702.707 -7.020
703.001 -29.584
703.295 -38.216
703.588 -29.565
703.882 -20.604
704.176 3.255
704.469 7.903
704.763 8.898
705.057 -7.320
705.351 -8.630
705.644 5.222
705.938 7.866
706.232 10.177
706.525 7.549
706.819 26.029
707.113 32.630
707.406 27.008
707.700 5.559
707.994 10.824
708.287 5.559
708.581 15.432
708.875 0.940
709.168 -0.708
709.462 5.201
709.756 11.131
710.049 34.148
710.343 23.300
710.637 20.013
710.931 4.230
711.224 -5.619
711.518 -5.287
711.812 -10.868
712.105 -14.805
712.399 -9.878
712.693 -4.957
712.986 4.557
713.280 7.509
713.574 10.783
713.867 12.424
714.161 6.518
714.455 1.602
714.748 1.273
715.042 -4.302
715.336 -1.019
715.629 -0.034
715.923 16.718
716.217 3.250
716.511 8.500
716.804 3.569
717.098 -1.690
717.392 -12.195
717.685 -20.088
717.979 -12.538
718.273 -2.334
718.566 6.227
718.860 16.117
719.154 13.490
719.447 14.173
719.741 12.528
720.035 13.207
720.328 15.514
720.622 9.899
720.916 18.832
721.209 35.093
721.503 40.714
721.797 29.464
722.091 11.903
722.384 10.582
722.678 -8.373
722.972 -1.358
723.265 8.933
723.559 28.228
723.853 20.910
724.146 15.283
724.440 33.934
724.734 28.948
725.027 25.954
725.321 -4.681
725.615 -18.348
725.908 -29.681
726.202 -11.365
726.496 12.623
726.789 38.623
727.083 32.966
727.377 32.978
727.671 24.312
727.964 27.979
728.258 9.646
728.552 4.650
728.845 -12.369
729.139 -3.026
729.433 -7.031
729.726 -10.704
730.020 -3.673
730.314 -3.338
730.607 7.345
730.901 10.692
731.195 11.698
731.488 14.041
731.782 -8.400
732.076 -2.035
732.369 -1.365
732.663 5.678
732.957 4.009
733.251 6.692
733.544 -6.752
733.838 -15.474
734.132 -20.508
734.425 -3.373
734.719 9.740
735.013 3.011
735.306 1.333
735.600 -6.403
735.894 2.342
736.187 0.996
736.481 -0.011
736.775 1.000
737.068 -4.738
737.362 7.411
737.656 5.048
737.949 8.753
738.243 -1.016
738.537 1.353
738.831 4.734
739.124 0.331
739.418 1.351
739.712 9.498
740.005 -3.727
740.299 -11.873
740.593 -16.621
740.886 4.758
741.180 30.216
741.474 37.692
741.767 25.120
742.061 3.726
742.355 -6.806
742.648 -15.641
742.942 -17.340
743.236 -42.535
743.529 -30.650
743.823 -27.246
744.117 -6.480
744.411 -5.455
744.704 -0.342
744.998 -0.001
745.292 -0.003
745.585 -7.845
745.879 -5.119
746.173 -4.094
746.466 9.565
746.760 16.736
747.054 21.523
747.347 17.419
747.641 24.263
747.935 39.990
748.228 30.085
748.522 11.955
748.816 -33.198
749.109 -44.491
749.403 -37.639
749.697 -14.024
749.991 14.752
750.284 -5.062
750.578 -15.671
750.872 -25.628
751.165 -14.377
751.459 4.096
751.753 11.641
752.046 9.586
752.340 -3.760
752.634 -20.883
752.927 -16.433
753.221 -8.898
753.515 7.540
753.808 -0.677
754.102 -3.416
754.396 -16.092
754.689 -23.971
754.983 -36.972
755.277 -45.867
755.571 -33.877
755.864 -28.743
756.158 5.481
756.452 15.416
756.745 25.684
757.039 3.440
757.333 -2.379
757.626 -32.214
757.920 -14.075
758.214 -23.287
758.507 -2.693
758.801 -23.225
759.095 -8.539
759.388 -6.466
759.682 -10.904
759.976 -10.902
760.269 -0.670
760.563 6.501
760.857 13.663
761.151 16.056
761.444 3.785
761.738 -5.426
762.032 -3.736
762.325 9.551
762.619 6.493
762.913 -3.376
763.206 3.417
763.500 -3.024
763.798 0.711
764.097 -0.656
764.395 9.867
764.693 8.510
764.992 2.393
765.290 -2.345
765.588 0.363
765.887 -4.704
766.185 -10.446
766.483 -15.182
766.782 -10.116
767.080 4.751
767.378 2.734
767.677 -8.055
767.975 -24.562
768.273 -22.536
768.571 -11.754
768.870 8.440
769.168 6.422
769.466 0.709
769.765 22.117
770.063 29.167
770.361 36.880
770.660 12.420
770.958 16.091
771.256 19.750
771.555 10.388
771.853 3.034
772.151 -6.306
772.450 -1.631
772.748 5.696
773.046 10.025
773.345 11.687
773.643 7.692
773.941 18.005
774.240 16.342
774.538 12.014
774.836 -2.954
775.135 -8.936
775.433 -5.944
775.731 -6.273
776.030 8.341
776.328 3.693
776.626 9.994
776.925 -18.538
777.223 -22.508
777.521 -29.132
777.819 -4.261
778.118 10.666
778.416 23.907
778.714 5.021
779.013 -8.575
779.311 -15.187
779.609 3.364
779.908 6.341
780.206 -18.535
780.504 -43.360
780.803 -50.299
781.101 -29.733
781.399 -11.860
781.698 12.339
781.996 7.025
782.294 18.301
782.593 0.048
782.891 5.693
783.189 6.035
783.488 12.662
783.786 12.994
784.084 16.633
784.383 20.617
784.681 19.952
784.979 2.687
785.278 3.374
785.576 5.373
785.874 6.373
786.173 -0.944
786.471 1.053
786.769 0.717
787.068 9.402
787.366 21.771
787.664 33.810
787.962 38.501
788.261 21.130
788.559 0.021
788.857 -6.636
789.156 -12.332
789.454 -3.281
789.752 -9.993
790.051 2.760
790.349 13.517
790.647 8.805
790.946 -0.954
791.244 -5.991
791.542 3.464
791.841 3.785
792.139 2.778
792.437 -11.773
792.736 -20.601
793.034 -19.581
793.332 5.139
793.631 13.952
793.929 7.506
794.227 -1.614
794.526 2.120
794.824 -13.194
795.122 -14.885
795.421 -23.406
795.719 1.436
796.017 4.528
796.316 11.682
796.614 -3.352
796.912 -11.558
797.211 -22.538
797.509 -7.805
797.807 -8.151
798.105 -12.987
798.404 -23.640
798.702 -13.989
799.000 4.919
799.299 9.385
799.597 12.858
799.895 11.824
800.194 18.056
800.492 3.195
800.790 8.411
801.089 -3.043
801.387 1.820
801.685 7.069
801.984 3.221
802.282 11.265
802.580 5.704
802.879 23.511
803.177 8.122
803.475 1.120
803.774 -2.706
804.072 4.313
804.370 -8.024
804.669 -17.182
804.967 -20.355
805.265 3.628
805.564 -5.974
805.862 -18.773
806.160 -33.995
806.459 -31.551
806.757 -29.469
807.055 -20.202
807.353 -3.458
807.652 8.320
807.950 9.773
808.248 -2.060
808.547 4.411
808.845 10.562
809.143 19.551
809.442 7.300
809.740 -20.861
810.038 -12.533
810.337 0.507
810.635 13.136
810.933 19.777
811.232 21.277
811.530 24.549
811.831 6.671
812.132 -11.658
812.432 -13.508
812.733 -0.964
813.034 10.455
813.335 8.957
813.636 2.716
813.936 7.200
814.237 19.506
814.538 -10.389
814.839 -15.233
815.140 -18.578
815.440 8.741
815.741 9.128
816.042 -0.255
816.343 -10.416
816.644 -25.119
816.945 -44.066
817.245 -46.003
817.546 -19.199
817.847 2.372
818.148 5.418
818.449 -4.778
818.749 -4.399
819.050 -7.400
819.351 -7.043
819.652 -5.533
819.953 8.791
820.253 5.026
820.554 12.899
820.855 -13.792
821.156 -28.448
821.457 -43.813
821.757 -10.056
822.058 26.672
822.359 30.438
822.660 15.513
822.961 -4.328
823.261 -0.232
823.562 -13.613
823.863 -19.919
824.164 -26.217
824.465 -37.180
824.765 -26.108
825.066 -9.893
825.367 22.193
825.668 43.003
825.969 44.017
826.269 23.241
826.570 -23.491
826.871 -71.068
827.172 -65.551
827.473 -46.989
827.774 -7.832
828.074 -1.304
828.375 -8.853
828.676 -12.813
828.977 -8.127
829.278 9.776
829.578 19.742
829.879 10.164
830.180 -7.977
830.481 -18.992
830.782 0.126
831.082 22.719
831.383 38.905
831.684 37.410
831.985 37.273
832.286 29.832
832.586 29.431
832.887 21.364
833.188 5.720
833.489 0.822
833.790 6.975
834.090 8.790
834.391 22.813
834.692 8.025
834.993 14.204
835.294 -8.033
835.594 1.841
835.895 9.638
836.196 24.529
836.497 23.105
836.798 19.015
837.099 11.907
837.399 12.506
837.700 11.809
838.001 3.184
838.302 -7.101
838.603 1.428
838.903 5.405
839.204 20.183
839.505 11.968
839.806 9.640
840.107 -6.478
840.407 0.888
840.708 18.603
841.009 19.535
841.310 3.429
841.611 -16.791
841.911 -24.045
842.212 -25.182
842.513 -18.368
842.814 -0.774
843.115 11.033
843.415 20.955
843.716 7.541
844.017 15.153
844.318 16.049
844.619 18.446
844.919 -4.331
845.220 -16.974
845.521 -12.977
845.822 -23.849
846.123 -27.218
846.423 -10.017
846.724 26.830
847.025 28.287
847.326 25.748
847.627 12.624
847.928 -1.044
848.228 -8.522
848.529 -0.148
848.830 14.997
849.131 19.620
849.432 13.560
849.732 2.874
850.033 -23.423
850.334 -30.287
850.635 -15.036
850.936 -0.558
851.236 5.143
851.537 12.340
851.838 14.995
852.139 8.556
852.440 -5.450
852.740 -22.769
853.041 -20.496
853.342 -9.582
853.643 0.225
853.944 2.102
854.244 -2.051
854.545 21.013
854.846 29.121
855.147 40.894
855.448 1.716
855.748 -6.411
856.049 -24.796
856.350 5.657
856.651 3.475
856.952 11.805
857.253 -5.891
857.553 5.180
857.854 -11.943
858.155 -9.705
858.456 -33.427
858.757 -4.460
859.057 -5.083
859.358 5.174
859.659 -13.755
859.960 -12.276
860.261 -5.350
860.561 -5.652
860.862 -9.656
861.163 -8.677
861.464 3.196
861.765 25.863
862.065 10.028
862.366 0.908
862.667 -11.889
862.968 3.508
863.269 2.850
863.569 -14.262
863.870 -23.783
864.171 -12.340
864.472 6.070
864.773 23.278
865.073 22.191
865.374 16.385
865.675 1.528
865.976 -21.890
866.277 -8.136
866.577 -0.794
866.878 13.904
867.179 8.448
867.480 -0.407
867.781 3.983
868.082 -6.699
868.382 -1.035
868.683 0.811
868.984 13.003
869.285 24.494
869.586 20.425
869.886 13.570
870.187 1.762
870.488 -10.890
870.789 -4.431
871.090 -9.037
871.390 -2.244
871.691 5.123
871.992 11.568
872.293 17.704
872.594 8.797
872.894 20.412
873.195 24.962
873.496 24.641
873.797 5.691
874.098 -4.970
874.398 -8.932
874.699 2.047
875.000 12.093
875.301 3.266
875.602 2.941
875.902 -10.120
876.203 -5.227
876.504 -11.601
876.805 4.175
877.106 12.967
877.407 29.332
877.707 13.255
878.008 9.918
878.309 4.446
878.610 36.871
878.911 47.427
879.211 40.763
879.512 15.912
879.813 18.981
880.114 29.288
880.415 28.384
880.715 16.880
881.016 10.804
881.317 18.964
881.618 21.675
881.919 20.782
882.219 6.266
882.520 -14.016
882.821 -23.390
883.122 -16.730
883.423 -0.976
883.723 5.662
884.024 9.290
884.325 16.545
884.626 7.793
884.927 4.166
885.227 -0.377
885.528 -7.909
885.829 -16.046
886.130 -18.155
886.431 7.475
886.731 25.870
887.032 35.254
887.333 27.747
887.634 8.124
887.935 -10.320
888.236 -34.792
888.536 -43.825
888.837 -41.996
889.138 -16.344
889.439 6.286
889.740 20.778
890.040 19.567
890.341 12.922
890.642 -3.094
890.943 -4.571
891.244 -3.662
891.544 0.261
891.845 -9.123
892.146 -5.492
892.447 -6.694
892.748 -24.299
893.048 -23.684
893.349 -33.077
893.650 -6.374
893.951 3.041
894.252 8.758
894.552 -2.792
894.853 -16.759
895.154 -11.596
895.455 -2.166
895.756 -7.059
896.056 -9.818
896.357 -8.885
896.658 -3.694
896.959 1.503
897.260 0.581
897.561 -4.335
897.861 -9.881
898.162 -6.174
898.463 7.990
898.764 33.905
899.065 41.040
899.365 36.745
899.666 17.613
899.967 -7.146
900.268 -7.123
900.569 -17.111
900.869 -7.834
901.170 -7.196
901.471 1.239
901.772 0.918
902.073 4.687
902.373 -5.380
902.674 -18.555
902.975 -29.532
903.276 -28.300
903.577 -24.909
903.877 -14.477
904.178 2.581
904.479 25.967
904.780 10.753
905.081 -1.306
905.381 -22.924
905.682 -10.851
905.983 -3.531
906.284 -9.601
906.585 -27.155
906.885 -32.891
907.186 -12.771
907.487 5.147
907.788 3.526
908.089 -3.874
908.390 -9.007
908.690 -2.570
908.991 -15.518
909.292 -10.340
909.593 -11.305
909.894 -13.319
910.194 -19.799
910.495 -12.622
910.796 -4.235
911.097 0.993
911.398 -9.438
911.698 -10.157
911.999 -15.394
912.300 -21.967
912.607 -14.761
912.915 -16.418
913.222 0.361
913.529 14.881
913.837 19.836
914.144 2.619
914.451 8.631
914.759 10.627
915.066 22.916
915.374 24.278
915.681 32.965
915.988 25.304
916.296 15.730
916.603 7.428
916.910 16.468
917.218 10.780
917.525 14.490
917.832 14.522
918.140 12.170
918.447 12.211
918.754 10.862
919.062 17.984
919.369 4.779
919.677 1.392
919.984 -5.048
920.291 -4.391
920.599 -3.711
920.906 -17.342
921.213 -16.339
921.521 -9.841
921.828 0.371
922.135 22.705
922.443 26.854
922.750 33.367
923.057 5.552
923.365 -4.055
923.672 -4.724
923.980 -3.744
924.287 0.395
924.594 -7.187
924.902 -1.665
925.209 0.815
925.516 11.546
925.824 17.084
926.131 3.883
926.438 -1.672
926.746 -5.489
927.053 -4.464
927.360 3.202
927.668 4.946
927.975 26.951
928.283 37.850
928.590 46.628
928.897 25.289
929.205 16.240
929.512 17.984
929.819 30.286
930.127 20.079
930.434 -2.738
930.741 -1.621
931.049 6.510
931.356 8.167
931.663 9.654
931.971 9.724
932.278 36.487
932.586 27.255
932.893 21.565
933.200 -2.809
933.508 -25.544
933.815 -48.773
934.122 -48.502
934.430 -42.171
934.737 -21.451
935.044 -25.576
935.352 -25.831
935.659 -13.485
935.966 14.130
936.274 27.503
936.581 25.442
936.889 3.913
937.196 23.976
937.503 16.808
937.811 16.293
938.118 -7.362
938.425 -4.932
938.733 -6.636
939.040 -4.321
939.347 -6.225
939.655 9.109
939.962 2.535
940.269 -4.411
940.577 -7.582
940.884 11.368
941.191 55.970
941.499 53.512
941.806 40.607
942.114 9.841
942.421 10.721
942.728 21.722
943.036 7.376
943.343 9.904
943.650 2.690
943.958 -1.110
944.265 -11.264
944.572 -15.917
944.880 -15.915
945.187 -22.167
945.494 -29.254
945.802 -30.034
946.109 -11.581
946.417 8.095
946.724 26.949
947.031 2.349
947.339 -1.421
947.646 -25.918
947.953 -31.520
948.261 -52.155
948.568 -49.589
948.875 -32.239
949.183 -34.914
949.490 -25.861
949.797 -29.028
950.105 -15.931
950.412 -17.495
950.720 -11.025
951.027 -2.213
951.334 -8.520
951.642 -4.942
951.949 11.149
952.256 19.095
952.564 14.003
952.871 -2.172
953.178 7.177
953.486 2.937
953.793 -5.583
954.100 -2.558
954.408 10.191
954.715 14.832
955.023 9.403
955.330 20.329
955.637 26.782
955.945 27.510
956.252 19.520
956.559 5.168
956.867 0.991
957.174 0.937
957.481 20.398
957.789 11.828
958.096 8.021
958.403 -12.790
958.711 -0.536
959.018 1.669
959.326 -1.240
959.633 -3.832
959.940 -5.699
960.248 26.699
960.555 21.201
960.862 2.501
961.170 -23.191
961.477 -10.742
961.784 6.096
962.092 2.464
962.399 -16.132
962.706 -5.235
963.014 3.167
963.321 7.192
963.629 -9.158
963.936 -19.966
964.243 -17.783
964.551 -7.289
964.858 15.021
965.165 11.420
965.473 -0.828
965.780 -23.417
966.092 -17.993
966.404 -25.103
966.716 -18.989
967.028 -20.412
967.340 -18.281
967.652 -11.151
967.964 -7.597
968.276 -3.270
968.588 5.531
968.900 22.217
969.212 41.681
969.524 41.340
969.836 21.478
970.148 12.274
970.460 4.514
970.772 23.988
971.084 28.574
971.396 22.595
971.708 18.590
972.020 -3.576
972.332 0.645
972.644 -4.271
972.956 7.309
973.268 0.293
973.580 4.795
973.892 26.223
974.204 33.592
974.516 7.331
974.828 -19.331
975.140 -12.991
975.452 1.398
975.764 12.959
976.076 5.571
976.388 8.750
976.700 16.381
977.012 33.542
977.324 31.421
977.636 10.789
977.948 -3.565
978.260 3.773
978.572 5.232
978.884 12.926
979.196 18.175
979.508 43.051
979.820 21.668
980.132 -16.405
980.444 -42.038
980.756 -49.845
981.068 -32.812
981.380 -15.164
981.692 10.954
982.004 13.053
982.316 -7.833
982.628 -24.061
982.940 -18.746
983.252 0.031
983.564 0.347
983.876 -17.735
984.188 -15.587
984.500 -12.734
984.812 22.281
985.124 15.549
985.436 39.986
985.748 20.931
986.060 8.508
986.372 -1.384
986.684 2.163
986.996 15.300
987.308 8.885
987.620 8.894
987.932 10.664
988.244 16.006
988.556 13.875
988.868 22.759
989.180 -4.275
989.492 -0.369
989.804 -13.496
990.116 7.497
990.428 14.587
990.740 24.182
991.052 33.409
991.364 28.821
991.676 15.670
991.988 18.568
992.300 0.819
992.612 18.949
992.924 24.535
993.236 22.279
993.548 3.450
993.860 -16.386
994.172 -4.195
994.484 -9.144
994.796 -15.501
995.108 -25.442
995.420 -24.757
995.732 -3.726
996.044 -6.686
996.356 -14.903
996.668 -32.445
996.980 -22.409
997.292 -5.294
997.604 -2.784
997.916 1.505
998.228 6.532
998.540 4.739
998.852 4.027
999.164 -12.460
999.476 -7.801
999.788 -11.399
1000.100 -3.144
1000.412 -7.812
1000.724 -4.570
1001.036 -14.660
1001.348 -27.906
1001.660 -35.090
1001.972 -35.808
1002.284 -13.192
1002.596 -0.965
1002.908 12.369
1003.220 -0.263
1003.532 8.361
1003.844 19.134
1004.156 34.963
1004.468 20.574
1004.780 0.045
1005.092 -11.427
1005.404 -21.447
1005.716 -13.484
1006.028 -15.633
1006.340 0.508
1006.652 -2.727
1006.964 -6.321
1007.276 -5.241
1007.588 -15.349
1007.900 -28.368
1008.212 -47.389
1008.524 -42.591
1008.836 -32.407
1009.148 -12.373
1009.460 -6.315
1009.772 2.292
1010.084 -4.811
1010.396 -11.240
1010.708 -23.609
1011.020 -20.787
1011.332 -7.287
1011.644 14.607
1011.956 16.703
1012.268 19.483
1012.580 23.620
1012.892 13.107
1013.204 4.000
1013.516 -8.215
1013.828 11.359
1014.140 9.290
1014.452 7.211
1014.764 4.657
1015.076 -3.617
1015.388 -12.850
1015.700 -29.043
1016.012 -21.755
1016.324 -12.133
1016.636 -12.444
1016.948 -0.080
1017.260 13.918
1017.572 25.515
1017.884 36.738
1018.196 34.391
1018.508 46.737
1018.820 45.604
1019.132 33.980
1019.444 9.721
1019.756 -4.552
1020.068 8.316
1020.380 17.471
1020.692 6.997
1021.004 -4.842
1021.316 -28.513
1021.628 -32.905
1021.940 -32.229
1022.252 -13.941
1022.564 13.059
1022.876 25.908
1023.188 22.875
1023.500 -5.459
1023.812 -23.334
1024.124 -19.968
1024.436 1.640
1024.748 8.027
1025.060 -3.789
1025.372 -1.171
1025.684 0.496
1025.996 18.368
1026.308 12.694
1026.620 2.266
1026.932 0.938
1027.244 0.628
1027.556 7.709
1027.868 14.446
1028.180 2.652
1028.492 2.324
1028.804 -10.448
1029.116 -0.022
1029.428 0.652
1029.740 9.662
1030.052 21.649
1030.364 28.314
1030.676 16.310
1030.988 -0.703
1031.300 2.288
1031.612 -7.633
1031.924 -11.310
1032.236 -16.310
1032.548 -7.025
1032.860 8.577
1033.172 11.206
1033.484 14.195
1033.796 0.944
1034.108 -14.993
1034.420 -9.990
1034.732 11.012
1035.044 22.015
1035.356 2.684
1035.668 -27.646
1035.980 -30.310
1036.292 -3.308
1036.604 6.028
1036.916 -3.302
1037.228 -24.633
1037.540 -40.297
1037.852 -26.961
1038.164 -10.958
1038.476 3.711
1038.788 -9.953
1039.100 -15.617
1039.412 -16.281
1039.724 -0.278
1040.036 12.391
1040.348 31.728
1040.660 14.730
1040.972 0.400
1041.284 -12.264
1041.596 1.072
1041.908 -7.592
1042.220 -8.589
1042.532 1.080
1042.844 5.750
1043.156 1.086
1043.468 3.755
1043.780 22.758
1044.092 29.094
1044.404 17.431
1044.716 6.433
1045.028 4.103
1045.340 -1.894
1045.652 4.775
1045.964 4.112
1046.276 6.448
1046.588 -13.216
1046.900 -15.880
1047.212 -21.210
1047.524 3.459
1047.836 21.462
1048.148 46.799
1048.460 37.802
1048.772 29.138
1049.084 13.807
1049.396 18.810
1049.708 28.480
1050.020 45.150
1050.332 33.819
1050.644 9.489
1050.956 -13.175
1051.268 -20.172
1051.580 -5.835
1051.892 -1.832
1052.204 5.837
1052.516 -1.160
1052.828 -6.490
1053.140 -0.487
1053.452 -5.484
1053.764 -2.147
1054.076 -18.144
1054.388 -12.808
1054.700 -2.805
1055.012 1.532
1055.324 -12.132
1055.636 -24.129
1055.948 -21.126
1056.260 -4.456
1056.572 -1.119
1056.884 -0.116
1057.196 -4.113
1057.508 -2.443
1057.820 8.893
1058.132 14.230
1058.444 10.233
1058.756 8.236
1059.068 4.239
1059.380 -6.757
1059.692 -15.087
1060.004 -10.084
1060.316 -5.748
1060.628 -9.078
1060.940 -19.408
1061.252 3.929
1061.564 22.932
1061.876 27.935
1062.188 4.272
1062.500 -0.391
1062.812 14.612
1063.124 33.615
1063.436 20.952
1063.748 -9.711
1064.060 -26.708
1064.372 -14.371
1064.684 -2.035
1064.996 2.635
1065.308 -8.028
1065.620 -20.691
1065.932 -24.688
1066.244 -20.018
1066.556 8.319
1066.868 24.989
1067.180 27.326
1067.492 24.663
1067.804 11.999
1068.116 10.670
1068.428 -1.994
1068.740 -10.657
1069.052 -21.653
1069.364 -17.650
1069.676 -2.313
1069.988 16.690
1070.300 31.027
1070.612 40.031
1070.924 39.701
1071.236 26.371
1071.548 6.042
1071.860 14.712
1072.172 19.382
1072.484 30.052
1072.796 -8.277
1073.108 -13.274
1073.420 -25.937
1073.732 -14.267
1074.044 -16.930
1074.356 -12.259
1074.668 -10.589
1074.980 -7.252
1075.292 -3.582
1075.604 11.422
1075.916 11.426
1076.228 13.763
1076.540 7.433
1076.852 11.770
1077.164 -6.226
1077.476 -10.556
1077.788 -19.219
1078.100 -4.882
1078.412 -0.878
1078.724 -2.207
1079.036 -2.204
1079.348 -2.200
1079.660 -1.196
1079.972 2.475
1080.284 -0.188
1080.596 6.149
1080.908 13.819
1081.220 19.823
1081.532 22.160
1081.844 27.498
1082.156 33.502
1082.468 34.505
1082.780 33.843
1083.092 34.513
1083.404 26.517
1083.716 9.521
1084.028 -3.808
1084.340 1.862
1084.652 7.533
1084.964 6.204
1085.276 8.208
1085.588 3.878
1085.900 20.882
1086.212 21.553
1086.524 45.890
1086.836 30.894
1087.148 18.565
1087.460 2.569
1087.772 1.573
1088.084 1.911
1088.396 1.581
1088.708 2.252
1089.020 17.923
1089.332 14.927
1089.644 15.931
1089.956 -6.731
1090.268 -25.727
1090.580 -23.390
1090.892 1.281
1091.204 11.952
1091.516 3.956
1091.828 -4.040
1092.140 0.631
1092.464 -8.698
1092.788 -8.694
1093.112 -10.689
1093.436 1.315
1093.760 5.653
1094.084 30.657
1094.408 43.328
1094.732 26.665
1095.056 -8.330
1095.380 -16.993
1095.703 -19.988
1096.027 -7.984
1096.351 -19.646
1096.675 -0.975
1096.999 13.362
1097.323 37.034
1097.647 28.038
1097.971 17.709
1098.295 8.047
1098.619 27.718
1098.943 19.722
1099.267 28.727
1099.591 -5.602
1099.915 -1.931
1100.239 -14.926
1100.563 8.078
1100.887 19.749
1101.211 10.420
1101.535 2.092
1101.859 -1.904
1102.182 15.767
1102.506 16.105
1102.830 5.443
1103.154 -5.552
1103.478 6.119
1103.802 18.457
1104.126 19.462
1104.450 13.466
1104.774 4.138
1105.098 -0.524
1105.422 2.147
1105.746 11.485
1106.070 29.156
1106.394 16.828
1106.718 10.166
1107.042 -13.496
1107.366 -25.158
1107.690 -18.153
1108.014 -0.482
1108.338 4.189
1108.662 -7.139
1108.985 -10.801
1109.309 2.871
1109.633 13.875
1109.957 18.213
1110.281 7.885
1110.605 5.223
1110.929 3.228
1111.253 15.233
1111.577 3.571
1111.901 -0.757
1112.225 4.914
1112.549 9.586
1112.873 19.924
1113.197 23.596
1113.521 35.601
1113.845 39.272
1114.169 21.277
1114.493 8.616
1114.817 -6.046
1115.141 0.626
1115.464 5.297
1115.788 -5.031
1116.112 -10.692
1116.436 -22.354
1116.760 13.651
1117.084 22.323
1117.408 35.328
1117.732 19.000
1118.056 15.338
1118.380 -2.657
1118.704 -7.985
1119.028 -19.980
1119.352 -1.641
1119.676 -2.636
1120.000 6.702
1120.324 11.374
1120.648 9.046
1120.972 10.385
1121.296 6.723
1121.620 9.395
1121.944 8.401
1122.267 9.073
1122.591 16.744
1122.915 22.083
1123.239 23.755
1123.563 23.094
1123.887 19.432
1124.211 10.771
1124.535 -9.557
1124.859 -14.885
1125.183 -13.546
1125.507 1.793
1125.831 3.798
1126.155 8.804
1126.479 -5.524
1126.803 -2.852
1127.127 -13.513
1127.451 8.492
1127.775 8.831
1128.099 -9.164
1128.423 -21.825
1128.746 -14.153
1129.070 16.853
1129.394 26.858
1129.718 15.531
1130.042 11.870
1130.366 -2.125
1130.690 -4.786
1131.014 -19.114
1131.338 -26.775
1131.662 -25.102
1131.986 0.903
1132.310 21.576
1132.634 35.581
1132.958 33.920
1133.282 29.926
1133.606 28.598
1133.930 20.604
1134.254 12.276
1134.578 -7.718
1134.902 -6.379
1135.226 5.294
1135.549 28.300
1135.873 15.972
1136.197 10.644
1136.521 -4.016
1136.845 16.989
1137.169 30.662
1137.493 31.334
1137.817 14.674
1138.141 -7.987
1138.465 0.352
1138.789 -4.975
1139.113 -4.969
1139.437 -3.964
1139.761 14.709
1140.085 14.382
1140.409 3.388
1140.733 -6.606
1141.057 -11.934
1141.381 -16.594
1141.705 -26.922
1142.028 -0.582
1142.352 6.757
1142.676 22.430
1143.000 8.769
1143.324 8.442
1143.648 8.115
1143.972 22.121
1144.296 31.793
1144.620 22.133
1144.944 18.139
1145.268 9.145
1145.592 3.151
1145.916 -23.843
1146.240 -28.170
1146.564 -24.164
1146.888 -3.824
1147.212 1.849
1147.536 11.188
1147.860 12.861
1148.184 3.867
1148.507 -1.126
1148.831 6.880
1149.155 20.886
1149.479 11.892
1149.803 -13.101
1150.127 -34.095
1150.451 -17.755
1150.775 -6.749
1151.099 -12.743
1151.423 -23.403
1151.747 -9.730
1152.071 15.943
1152.395 22.283
1152.719 9.623
1153.043 -6.038
1153.367 -14.698
1153.691 -13.358
1154.015 -3.685
1154.339 10.988
1154.663 -1.006
1154.987 3.001
1155.310 -14.326
1155.634 -10.986
1155.958 -15.313
1156.282 -5.640
1156.606 7.700
1156.930 22.373
1157.254 32.046
1157.578 40.053
1157.902 25.060
1158.226 14.066
1158.550 -7.594
1158.874 -0.254
1159.198 3.752
1159.522 20.759
1159.846 33.432
1160.170 30.106
1160.494 31.112
1160.818 20.119
1161.142 19.126
1161.466 6.466
1161.790 0.472
1162.113 -6.854
1162.437 1.152
1162.761 -6.508
1163.085 -8.501
1163.409 -11.494
1163.733 -7.488
1164.057 1.186
1164.381 9.859
1164.705 11.199
1165.029 10.873
1165.353 4.880
1165.677 10.886
1166.001 0.226
1166.325 -0.767
1166.649 -1.427
1166.973 18.914
1167.297 1.587
1167.621 -12.739
1167.945 -12.733
1168.269 0.941
1168.592 16.281
1168.916 10.955
1169.240 9.961
1169.564 26.302
1169.888 12.975
1170.212 7.982
1170.536 -9.011
1170.860 10.663
1171.184 23.003
1171.508 29.343
1171.832 -1.650
1172.156 -11.976
1172.480 -24.303
1172.804 10.371
1173.128 25.044
1173.452 21.051
1173.776 1.058
1174.100 -6.268
1174.424 -2.261
1174.748 3.746
1175.072 0.420
1175.395 -1.573
1175.719 -17.900
1176.043 -10.226
1176.367 -1.219
1176.691 11.455
1177.015 -2.872
1177.339 2.802
1177.663 -1.524
1177.987 -5.517
1178.311 -17.510
1178.635 -14.170
1178.959 -9.163
1179.283 -0.156
1179.607 21.851
1179.931 35.192
1180.255 44.199
1180.579 37.873
1180.903 21.880
1181.227 -16.780
1181.551 -39.439
1181.874 -18.432
1182.198 2.908
1182.522 17.582
1182.846 16.256
1183.170 8.596
1183.494 14.603
1183.818 3.944
1184.142 0.951
1184.466 -20.042
1184.790 -28.368
1185.114 -9.028
1185.438 6.313
1185.762 14.653
1186.086 16.327
1186.410 20.667
1186.734 27.675
1187.058 11.348
1187.382 5.689
1187.706 -7.304
1188.030 14.703
1188.353 21.044
1188.677 29.051
1189.001 16.391
1189.325 13.065
1189.649 3.739
1189.973 5.413
1190.297 4.086
1190.621 2.094
1190.945 -10.233
1191.269 -11.559
1191.593 -8.218
1191.917 -16.878
1192.241 -21.871
1192.565 -5.197
1192.889 20.144
1193.213 34.484
1193.537 19.158
1193.861 9.498
1194.185 -5.161
1194.509 13.513
1194.833 22.186
1195.156 27.193
1195.480 15.534
1195.804 4.541
1196.128 -10.452
1196.452 -13.778
1196.776 -8.438
1197.100 6.570
1197.424 5.910
1197.748 4.917
1198.072 9.257
1198.396 24.931
1198.720 29.272
1199.044 24.945
1199.368 5.953
1199.692 -4.374
1200.016 -3.367
1200.340 16.640
1200.664 27.981
1200.988 17.321
1201.312 -6.005
1201.635 -11.665
1201.959 -6.991
1202.283 -1.651
1202.607 -8.310
1202.931 -6.637
1203.255 -13.963
1203.579 -14.623
1203.903 -19.949
1204.227 -14.609
1204.551 5.398
1204.875 24.739
1205.199 39.412
1205.523 25.419
1205.847 12.759
1206.171 -4.900
1206.495 -14.560
1206.819 -20.886
1207.143 -7.879
1207.467 10.794
1207.791 18.801
1208.115 17.808
1208.438 12.148
1208.762 0.488
1209.086 10.828
1209.410 8.835
1209.734 18.175
1210.058 -0.484
1210.382 0.189
1210.706 18.196
1211.030 25.203
1211.354 34.876
1211.678 10.549
1212.002 12.223
1212.326 7.563
1212.650 7.570
1212.974 -7.757
1213.298 -14.417
1213.622 -7.744
1213.946 22.930
1214.270 35.936
1214.594 28.276
1214.917 15.616
1215.241 0.289
1215.565 3.963
1215.889 -5.697
1216.213 -1.024
1216.537 10.316
1216.861 6.656
1217.185 21.995
1217.509 30.335
1217.833 47.675
1218.157 28.681
1218.481 7.355
1218.805 6.361
1219.129 11.701
1219.453 24.374
1219.777 19.380
1220.101 30.720
1220.425 45.726
1220.749 38.732
1221.073 18.072
1221.397 -14.255
1221.720 -21.915
1222.044 -23.243
1222.368 -11.570
1222.692 -1.897
1223.016 6.776
1223.340 17.115
1223.664 12.788
1223.988 -8.872
1224.312 -11.533
1224.636 -10.194
1224.960 -6.854
1225.284 -24.515
1225.608 -19.842
1225.932 -1.503
1226.256 2.836
1226.580 -10.491
1226.904 -7.152
1227.228 -0.813
1227.552 16.193
1227.876 13.532
1228.199 14.538
1228.523 7.544
1228.847 7.216
1229.171 -0.445
1229.495 -2.439
1229.819 -6.433
1230.143 13.906
1230.467 12.911
1230.791 4.584
1231.115 -19.078
1231.439 -19.405
1231.763 -7.733
1232.087 -0.897
