181.241 28.510
181.495 24.593
181.749 16.243
182.003 13.843
182.257 14.443
182.511 12.843
182.765 12.443
183.019 22.643
183.273 27.443
183.528 25.843
183.782 29.843
184.036 30.243
184.290 25.443
184.544 27.243
184.798 24.242
185.052 12.642
185.306 11.042
185.560 7.642
185.814 -5.158
186.068 -6.558
186.322 -0.958
186.576 2.042
186.830 1.842
187.084 8.242
187.339 15.642
187.593 19.042
187.847 19.041
188.101 24.841
188.355 20.841
188.609 12.841
188.863 10.041
189.117 8.241
189.371 4.841
189.625 17.641
189.879 31.841
190.133 33.641
190.387 32.241
190.641 29.641
190.895 23.240
191.150 21.840
191.404 27.040
191.658 34.840
191.912 39.240
192.166 34.240
192.420 26.640
192.674 19.640
192.928 12.240
193.182 10.640
193.436 14.440
193.690 16.440
193.944 18.239
194.198 23.239
194.452 26.639
194.706 22.239
194.961 18.239
195.215 13.639
195.469 5.039
195.723 4.639
195.977 12.439
196.231 15.639
196.485 16.439
196.739 23.039
196.993 24.438
197.247 26.638
197.501 29.238
197.755 34.638
198.009 36.238
198.263 30.438
198.517 20.638
198.772 17.638
199.026 12.638
199.280 6.638
199.534 9.238
199.788 17.037
200.042 18.037
200.296 20.237
200.550 25.637
200.804 25.637
201.058 21.237
201.312 19.437
201.566 15.437
201.820 12.237
202.074 12.837
202.328 16.037
202.583 18.037
202.837 25.436
203.091 27.036
203.345 24.836
203.599 21.636
203.853 12.036
204.107 3.236
204.361 1.636
204.615 2.436
204.869 1.036
205.123 6.436
205.377 9.436
205.631 7.035
205.885 3.635
206.139 4.035
206.394 10.035
206.648 15.035
206.902 21.835
207.156 22.635
207.410 17.835
207.664 6.035
207.918 -1.965
208.172 -9.565
208.426 -8.765
208.680 0.434
208.934 9.834
209.188 18.234
209.442 21.234
209.696 22.834
209.950 19.234
210.205 19.034
210.459 15.234
210.713 16.434
210.967 15.034
211.221 12.634
211.475 6.433
211.729 3.433
211.983 2.833
212.237 14.833
212.491 22.833
212.745 27.033
212.999 29.033
213.253 28.233
213.507 19.233
213.761 19.233
214.016 17.833
214.270 14.632
214.524 17.232
214.778 17.832
215.032 11.032
215.286 9.632
215.540 12.832
215.794 18.832
216.048 26.032
216.302 34.032
216.556 40.432
216.810 39.632
217.064 33.231
217.318 28.631
217.572 23.031
217.827 20.631
218.081 22.031
218.335 24.231
218.589 25.831
218.843 30.431
219.097 27.231
219.351 26.231
219.605 24.831
219.859 18.230
220.113 11.430
220.367 17.430
220.621 23.230
220.875 25.430
221.129 27.630
221.383 26.030
221.638 19.030
221.892 17.630
222.146 19.430
222.400 22.630
222.654 31.029
222.908 32.229
223.162 21.829
223.416 9.029
223.670 8.829
223.924 8.029
224.178 7.829
224.432 11.829
224.686 20.429
224.940 14.629
225.195 6.229
225.449 8.628
225.703 17.028
225.957 22.828
226.211 31.428
226.465 37.628
226.719 39.028
226.973 35.028
227.227 29.628
227.481 24.828
227.735 27.828
227.989 31.827
228.243 40.627
228.497 46.027
228.751 46.827
229.006 42.627
229.260 38.827
229.514 35.227
229.768 28.427
230.022 27.427
230.276 35.827
230.530 39.827
230.784 37.026
231.038 41.826
231.292 47.026
231.546 40.826
231.800 32.426
232.054 19.826
232.308 13.626
232.562 11.226
232.817 11.426
233.071 17.826
233.325 28.025
233.579 35.025
233.833 34.825
234.087 31.825
234.341 28.225
234.595 28.225
234.849 26.425
235.103 28.425
235.357 36.225
235.611 43.625
235.865 47.625
236.119 46.024
236.373 42.424
236.628 37.424
236.882 32.424
237.136 30.224
237.390 32.024
237.644 34.424
237.898 39.024
238.152 41.624
238.406 40.624
238.660 43.223
238.914 49.223
239.168 45.423
239.422 36.623
239.676 31.623
239.930 23.823
240.184 12.623
240.439 9.823
240.693 15.423
240.947 21.423
241.201 22.622
241.455 24.422
241.709 26.422
241.963 22.222
242.217 20.422
242.471 22.822
242.725 25.622
242.979 20.222
243.233 16.022
243.487 14.422
243.741 13.221
243.995 13.021
244.250 21.221
244.504 34.021
244.758 37.621
245.012 36.821
245.266 41.021
245.520 46.021
245.774 48.821
246.028 49.821
246.282 46.820
246.536 35.020
246.790 21.620
247.044 14.620
247.298 13.620
247.552 15.220
247.806 24.220
248.061 31.820
248.315 34.020
248.569 36.020
248.823 37.619
249.077 29.819
249.331 20.819
249.585 15.819
249.839 9.819
250.093 2.619
250.347 3.019
250.601 11.219
250.855 14.819
251.109 16.819
251.363 25.218
251.617 27.218
251.872 23.818
252.126 21.018
252.380 28.618
252.634 33.218
252.888 38.818
253.142 41.418
253.396 40.818
253.650 32.018
253.904 28.417
254.159 25.817
254.413 23.417
254.667 27.617
254.922 32.817
255.176 28.217
255.431 27.017
255.685 32.217
255.939 29.817
256.194 35.017
256.448 44.016
256.702 41.216
256.957 38.016
257.211 38.416
257.465 30.216
257.720 23.816
257.974 26.416
258.228 26.416
258.483 29.616
258.737 24.615
258.992 22.815
259.246 25.615
259.500 25.215
259.755 20.615
260.009 24.215
260.263 23.215
260.518 26.015
260.772 31.615
261.026 33.415
261.281 36.014
261.535 38.414
261.789 38.814
262.044 30.214
262.298 28.214
262.553 26.014
262.807 30.414
263.061 30.414
263.316 29.014
263.570 20.213
263.824 14.213
264.079 10.613
264.333 7.813
264.587 11.813
264.842 19.413
265.096 25.613
265.351 26.213
265.605 26.013
265.859 29.013
266.114 31.612
266.368 30.212
266.622 28.612
266.877 23.412
267.131 17.412
267.385 15.412
267.640 16.412
267.894 12.612
268.148 10.012
268.403 6.211
268.657 1.411
268.912 -3.989
269.166 -0.389
269.420 5.411
269.675 10.411
269.929 22.211
270.183 35.611
270.438 40.211
270.692 44.410
270.946 45.410
271.201 36.610
271.455 26.810
271.709 20.210
271.964 16.010
272.218 16.210
272.473 23.010
272.727 25.610
272.981 29.010
273.236 25.409
273.490 23.809
273.744 19.609
273.999 19.609
274.253 29.609
274.507 42.009
274.762 49.409
275.016 55.209
275.271 54.809
275.525 40.808
275.779 32.408
276.034 28.408
276.288 24.608
276.542 26.408
276.797 30.808
277.051 26.608
277.305 26.608
277.560 28.808
277.814 27.407
278.068 28.207
278.323 33.607
278.577 29.607
278.832 26.607
279.086 26.607
279.340 25.607
279.595 26.007
279.849 31.807
280.103 33.006
280.358 37.006
280.612 42.406
280.866 44.406
281.121 40.606
281.375 41.206
281.629 43.206
281.884 42.406
282.138 37.606
282.393 37.205
282.647 38.005
282.901 34.405
283.156 29.005
283.410 32.005
283.664 35.605
283.919 40.605
284.173 40.605
284.427 47.204
284.682 49.004
284.936 45.604
285.191 38.204
285.445 44.004
285.699 45.404
285.954 45.004
286.208 42.204
286.462 43.404
286.717 39.003
286.971 34.603
287.225 32.203
287.480 30.203
287.734 24.403
287.988 22.803
288.243 18.403
288.497 12.603
288.752 16.803
289.006 20.802
289.260 22.802
289.515 26.802
289.769 36.202
290.023 42.402
290.278 42.402
290.532 37.802
290.786 35.202
291.041 27.401
291.295 19.801
291.549 16.201
291.804 17.001
292.058 15.801
292.313 17.201
292.567 23.201
292.821 28.601
293.076 27.601
293.330 29.600
293.584 34.400
293.839 34.800
294.093 35.000
294.347 34.800
294.602 33.600
294.856 27.400
295.111 26.200
295.365 28.600
295.619 30.999
295.874 31.999
296.128 37.199
296.382 33.999
296.637 29.199
296.891 25.799
297.145 24.999
297.400 26.199
297.654 29.398
297.908 30.598
298.163 34.398
298.417 34.398
298.672 30.398
298.926 30.398
299.180 37.398
299.435 42.598
299.689 46.197
299.943 51.197
300.198 48.797
300.452 41.397
300.706 36.197
300.961 32.997
301.215 26.997
301.469 26.197
301.724 30.197
301.978 31.196
302.233 35.396
302.487 43.996
302.741 50.396
302.996 46.396
303.250 44.396
303.504 37.396
303.759 30.596
304.013 33.595
304.267 36.195
304.522 35.195
304.776 37.595
305.031 35.395
305.285 22.795
305.539 13.595
305.794 8.995
306.048 9.394
306.302 13.594
306.557 19.794
306.811 27.994
307.065 33.794
307.320 32.194
307.574 32.194
307.828 31.994
308.083 36.193
308.337 36.193
308.592 35.193
308.846 34.193
309.100 34.393
309.355 32.793
309.609 34.793
309.863 43.193
310.118 44.392
310.372 42.992
310.626 35.592
310.881 32.192
311.135 26.792
311.389 24.592
311.644 30.392
311.898 38.992
312.153 36.591
312.407 32.791
312.661 38.391
312.916 38.591
313.170 34.791
313.429 39.791
313.688 42.991
313.947 33.791
314.206 27.790
314.465 26.590
314.724 21.190
314.983 20.790
315.242 24.190
315.501 21.590
315.760 20.990
316.019 24.190
316.278 26.389
316.536 25.389
316.795 32.189
317.054 39.989
317.313 39.789
317.572 39.789
317.831 41.989
318.090 35.389
318.349 25.188
318.608 25.188
318.867 28.388
319.126 27.588
319.385 27.388
319.644 25.788
319.903 26.988
320.162 24.588
320.421 26.787
320.680 34.587
320.939 45.987
321.198 46.987
321.457 43.587
321.716 48.387
321.975 45.987
322.234 41.787
322.493 46.386
322.752 51.186
323.010 42.786
323.269 41.786
323.528 41.986
323.787 33.986
324.046 32.186
324.305 33.985
324.564 32.985
324.823 29.785
325.082 34.985
325.341 35.985
325.600 35.985
325.859 32.585
326.118 32.785
326.377 32.184
326.636 31.984
326.895 31.584
327.154 29.384
327.413 27.184
327.672 30.784
327.931 37.384
328.190 37.384
328.449 39.383
328.708 33.583
328.967 20.383
329.226 10.383
329.485 13.183
329.743 17.583
330.002 27.183
330.261 36.382
330.520 42.982
330.779 44.782
331.038 45.382
331.297 47.182
331.556 44.382
331.815 36.582
332.074 31.382
332.333 28.981
332.592 29.181
332.851 32.781
333.110 38.381
333.369 35.781
333.628 33.981
333.887 25.381
334.146 24.180
334.405 27.580
334.664 36.780
334.923 43.180
335.182 48.180
335.441 50.580
335.700 51.380
335.959 46.379
336.217 40.379
336.476 42.379
336.735 37.379
336.994 28.179
337.253 25.179
337.512 31.179
337.771 35.179
338.030 36.178
338.289 37.778
338.548 40.778
338.807 35.378
339.066 27.178
339.325 30.178
339.584 31.578
339.843 29.777
340.102 26.977
340.361 29.377
340.620 29.577
340.879 30.377
341.138 30.377
341.397 31.577
341.656 29.776
341.915 25.376
342.174 23.976
342.433 29.576
342.691 31.576
342.950 33.376
343.209 35.576
343.468 39.575
343.727 41.575
343.986 44.575
344.245 44.375
344.504 39.175
344.763 32.175
345.022 23.575
345.281 24.975
345.540 29.174
345.799 37.974
346.058 42.174
346.317 39.374
346.576 33.174
346.835 28.374
347.094 25.574
347.353 23.973
347.612 30.773
347.871 35.573
348.130 38.973
348.389 39.773
348.648 38.373
348.907 37.173
349.166 37.172
349.424 36.372
349.683 34.572
349.942 35.572
350.201 33.772
350.460 32.372
350.719 34.572
350.978 37.571
351.237 42.771
351.496 46.771
351.755 47.571
352.014 46.171
352.273 41.771
352.532 39.771
352.791 41.970
353.050 39.970
353.309 30.970
353.568 29.970
353.827 27.370
354.086 18.570
354.345 19.970
354.604 29.969
354.863 34.169
355.122 31.569
355.381 30.769
355.640 24.969
355.898 24.169
356.157 27.568
356.416 34.368
356.675 45.368
356.934 59.168
357.193 57.368
357.452 53.168
357.711 51.768
357.970 43.767
358.229 31.767
358.488 26.367
358.747 23.767
359.006 18.767
359.265 19.367
359.524 24.767
359.783 26.966
360.042 26.966
360.301 29.966
360.560 32.566
360.819 31.366
361.078 32.966
361.337 32.966
361.596 31.965
361.855 30.365
362.114 29.565
362.372 29.165
362.631 33.765
362.890 35.565
363.149 35.564
363.408 34.964
363.667 28.964
363.926 21.164
364.185 19.364
364.444 26.564
364.703 31.164
364.962 38.963
365.221 43.963
365.480 46.363
365.741 40.163
366.002 29.963
366.264 23.563
366.525 19.763
366.786 18.362
367.047 20.162
367.308 33.362
367.570 49.162
367.831 63.562
368.092 72.762
368.353 76.961
368.614 66.361
368.876 56.161
369.137 51.161
369.398 50.361
369.659 46.561
369.920 55.761
370.182 58.160
370.443 52.360
370.704 50.560
370.965 48.760
371.226 35.960
371.488 30.960
371.749 33.159
372.010 33.359
372.271 37.759
372.532 49.959
372.794 59.759
373.055 61.559
373.316 56.759
373.577 53.758
373.838 55.158
374.100 52.158
374.361 50.958
374.622 52.958
374.883 59.558
375.144 62.957
375.406 70.757
375.667 78.957
375.928 83.957
376.189 87.557
376.450 89.757
376.712 90.156
376.973 93.556
377.234 100.956
377.495 101.956
377.756 103.756
378.018 107.356
378.279 105.956
378.540 108.555
378.801 120.155
379.062 130.955
379.324 142.555
379.585 164.155
379.846 180.155
380.107 193.154
380.368 196.354
380.630 195.954
380.891 205.954
381.152 220.554
381.413 228.554
381.674 248.553
381.936 274.553
382.197 293.353
382.458 316.753
382.719 347.553
382.980 378.353
383.242 408.952
383.503 429.952
383.764 448.752
384.025 473.952
384.286 508.552
384.548 551.752
384.809 599.552
385.070 650.151
385.331 696.351
385.592 738.151
385.854 789.351
386.115 849.351
386.376 905.551
386.637 972.950
386.898 1047.950
387.160 1117.750
387.421 1188.350
387.682 1277.350
387.943 1374.750
388.204 1474.749
388.466 1577.749
388.727 1692.749
388.988 1805.149
389.249 1915.149
389.510 2042.949
389.772 2187.748
390.033 2335.748
390.294 2497.748
390.555 2672.148
390.816 2854.348
391.078 3037.748
391.339 3233.947
391.600 3433.747
391.861 3646.747
392.122 3871.547
392.384 4111.547
392.645 4365.147
392.906 4643.546
393.167 4939.746
393.428 5252.546
393.690 5568.146
393.951 5902.146
394.212 6255.946
394.473 6625.945
394.734 7006.545
394.996 7418.545
395.257 7864.745
395.518 8326.345
395.779 8804.545
396.040 9336.344
396.302 9901.344
396.563 10467.144
396.824 11079.944
397.085 11745.744
397.346 12434.144
397.608 13165.143
397.869 13947.343
398.130 14758.143
398.391 15618.543
398.652 16506.943
398.914 17439.543
399.175 18424.542
399.436 19476.342
399.697 20571.542
399.958 21719.142
400.220 22878.742
400.481 24098.141
400.742 25329.141
401.003 26534.141
401.264 27741.141
401.526 28981.141
401.787 30197.541
402.048 31389.140
402.309 32584.540
402.570 33740.340
402.832 34822.940
403.093 35846.740
403.354 36800.540
403.615 37643.739
403.876 38381.739
404.138 39004.539
404.399 39505.339
404.660 39890.539
404.931 40152.139
405.202 40295.738
405.473 40306.738
405.745 40190.738
406.016 39927.138
406.287 39544.938
406.558 39034.737
406.829 38431.137
407.100 37726.337
407.371 36943.937
407.642 36110.337
407.914 35196.137
408.185 34214.736
408.456 33161.736
408.727 32076.136
408.998 30953.336
409.269 29814.136
409.540 28704.136
409.811 27645.335
410.083 26621.135
410.354 25601.735
410.625 24652.335
410.896 23736.535
411.167 22842.734
411.438 21973.534
411.709 21166.134
411.981 20413.934
412.252 19702.934
412.523 19028.534
412.794 18388.533
413.065 17795.733
413.336 17250.333
413.607 16747.133
413.878 16266.733
414.150 15812.732
414.421 15383.732
414.692 14954.732
414.963 14542.532
415.234 14154.532
415.505 13782.532
415.776 13404.331
416.047 13031.331
416.319 12665.131
416.590 12307.731
416.861 11976.731
417.132 11643.730
417.403 11306.130
417.674 10969.530
417.945 10628.330
418.217 10262.330
418.488 9924.330
418.759 9599.129
419.030 9259.729
419.301 8922.329
419.572 8589.329
419.843 8259.329
420.114 7946.928
420.386 7645.328
420.657 7348.328
420.928 7061.328
421.199 6780.328
421.470 6492.528
421.741 6217.727
422.012 5956.727
422.283 5717.527
422.555 5489.527
422.826 5267.327
423.097 5071.926
423.368 4884.326
423.639 4693.726
423.910 4520.726
424.181 4359.926
424.453 4196.325
424.724 4041.325
424.995 3901.925
425.266 3762.525
425.537 3635.725
425.808 3510.725
426.079 3396.524
426.350 3290.324
426.622 3199.124
426.893 3107.924
427.164 3021.724
427.435 2940.323
427.706 2860.723
427.977 2781.323
428.248 2704.123
428.519 2632.323
428.791 2555.322
429.062 2483.722
429.333 2404.122
429.604 2328.522
429.875 2260.722
430.146 2201.121
430.417 2138.321
430.689 2077.521
430.960 2019.121
431.231 1957.721
431.502 1895.120
431.773 1836.520
432.044 1778.120
432.315 1717.720
432.586 1656.120
432.858 1595.920
433.129 1540.119
433.400 1492.919
433.671 1449.519
433.942 1402.319
434.213 1357.919
434.484 1313.118
434.755 1255.918
435.027 1197.918
435.298 1144.918
435.569 1094.518
435.840 1042.517
436.114 1008.717
436.388 979.717
436.663 945.717
436.937 918.317
437.211 897.116
437.485 860.316
437.759 828.716
438.034 807.116
438.308 772.116
438.582 736.715
438.856 713.915
439.130 685.315
439.405 659.115
439.679 647.115
439.953 629.314
440.227 613.314
440.501 603.514
440.776 583.914
441.050 560.914
441.324 542.513
441.598 520.113
441.872 499.313
442.147 487.313
442.421 473.113
442.695 460.112
442.969 452.712
443.244 444.112
443.518 429.112
443.792 412.112
444.066 401.911
444.340 394.511
444.615 381.711
444.889 368.111
445.163 361.711
445.437 349.710
445.711 335.710
445.986 331.110
446.260 326.310
446.534 318.710
446.808 317.909
447.082 314.509
447.357 304.709
447.631 300.509
447.905 294.508
448.179 287.308
448.453 279.508
448.728 268.108
449.002 258.308
449.276 253.307
449.550 241.307
449.824 229.053
450.099 223.504
450.373 221.491
450.647 211.954
450.921 204.402
451.195 199.445
451.470 193.109
451.744 183.648
452.018 182.047
452.292 184.005
452.566 185.396
452.841 187.570
453.115 183.233
453.389 181.881
453.663 183.854
453.937 175.633
454.212 163.345
454.486 161.881
454.760 163.574
455.034 157.078
455.308 156.793
455.583 159.474
455.857 155.677
456.131 145.671
456.405 141.115
456.680 135.841
456.954 129.050
457.228 129.493
457.502 134.350
457.776 135.746
458.051 138.534
458.325 139.536
458.599 131.520
458.873 122.840
459.147 116.433
459.422 110.017
459.696 109.082
459.970 113.499
460.244 105.086
460.518 98.687
460.793 95.031
461.067 93.721
461.341 89.869
461.615 92.080
461.889 96.884
462.164 99.543
462.438 100.266
462.712 106.509
462.986 116.103
463.260 120.004
463.535 117.918
463.809 113.652
464.083 103.407
464.357 90.985
464.631 80.732
464.906 78.809
465.180 74.658
465.454 76.937
465.728 79.990
466.002 74.829
466.277 67.096
466.551 67.611
466.825 71.342
467.099 70.620
467.373 73.097
467.648 80.559
467.922 89.450
468.196 85.865
468.470 83.882
468.744 81.697
469.019 79.324
469.293 67.689
469.567 57.827
469.841 54.050
470.116 56.891
470.390 58.738
470.664 63.187
470.938 66.240
471.212 74.063
471.487 77.888
471.761 79.068
472.035 83.474
472.309 89.696
472.583 85.677
472.858 81.018
473.132 74.146
473.406 64.224
473.680 57.564
473.954 56.529
474.229 62.893
474.503 71.670
474.777 77.656
475.051 79.194
475.325 76.325
475.600 67.850
475.874 62.168
476.148 58.691
476.422 56.831
476.696 62.718
476.971 67.642
477.245 68.174
477.519 72.244
477.793 78.297
478.067 76.610
478.342 76.643
478.616 77.733
478.890 72.102
479.164 70.806
479.438 69.154
479.713 62.444
479.987 56.672
480.261 57.777
480.535 49.873
480.809 43.752
481.084 47.792
481.358 53.199
481.632 51.178
481.906 51.515
482.180 57.127
482.455 53.377
482.729 48.071
483.003 45.711
483.277 39.682
483.551 31.900
483.826 33.433
484.100 35.932
484.374 34.547
484.648 47.128
484.923 64.137
485.197 68.358
485.471 68.143
485.745 76.467
486.019 75.292
486.294 66.975
486.568 68.327
486.842 66.984
487.116 63.865
487.390 60.953
487.665 53.603
487.939 45.889
488.213 49.177
488.487 45.921
488.761 45.166
489.036 45.958
489.310 42.097
489.584 37.876
489.858 39.660
490.132 38.135
490.407 38.146
490.681 40.489
490.955 40.125
491.229 41.303
491.503 47.363
491.778 51.289
492.052 58.918
492.326 63.617
492.600 60.930
492.874 55.502
493.149 57.281
493.423 54.974
493.697 49.541
493.971 51.146
494.245 52.356
494.520 48.681
494.794 48.531
495.068 50.509
495.342 49.164
495.616 48.407
495.891 55.086
496.165 52.353
496.439 46.086
496.713 41.380
496.987 40.610
497.262 32.575
497.536 30.817
497.810 35.546
498.084 41.452
498.359 41.658
498.633 41.072
498.907 40.092
499.181 41.095
499.455 43.485
499.730 49.797
500.004 57.686
500.278 63.017
500.552 59.265
500.826 58.487
501.101 56.133
501.375 47.267
501.649 39.179
501.923 37.607
502.197 31.882
502.472 28.741
502.746 31.326
503.020 41.204
503.294 51.094
503.568 59.022
503.843 63.387
504.117 64.179
504.391 54.106
504.665 47.776
504.939 47.379
505.214 45.375
505.488 45.367
505.762 48.720
506.036 41.794
506.310 29.511
506.585 25.946
506.859 27.320
507.133 30.463
507.407 40.314
507.681 51.528
507.956 59.378
508.230 59.515
508.504 60.829
508.778 58.041
509.052 49.357
509.327 41.614
509.601 34.325
509.875 22.563
510.149 16.075
510.423 15.644
510.698 17.130
510.972 25.045
511.246 35.853
511.520 37.390
511.795 35.624
512.069 38.625
512.343 35.070
512.617 31.547
512.891 35.537
513.166 44.680
513.440 43.224
513.714 43.549
513.988 43.493
514.262 41.734
514.537 35.771
514.811 31.526
515.085 30.153
515.359 35.599
515.633 42.552
515.908 40.835
516.182 34.971
516.456 30.806
516.730 21.172
517.004 12.873
517.279 14.008
517.553 17.981
517.827 25.341
518.101 29.498
518.375 29.687
518.650 31.025
518.924 34.625
519.198 33.531
519.472 33.171
519.746 34.891
520.021 35.667
520.295 31.717
520.569 28.513
520.843 31.595
521.117 38.299
521.392 40.048
521.666 42.166
521.940 45.058
522.214 38.786
522.488 30.035
522.763 29.901
523.037 24.568
523.311 18.652
523.585 23.104
523.859 26.016
524.134 26.267
524.408 34.576
524.682 41.744
524.956 41.006
525.231 42.206
525.505 37.968
525.779 36.076
526.053 35.149
526.327 35.376
526.602 36.556
526.876 40.286
527.150 37.401
527.424 30.409
527.698 31.616
527.973 29.705
528.247 21.517
528.521 20.559
528.795 23.306
529.069 21.571
529.344 27.100
529.618 34.762
529.892 37.136
530.166 42.658
530.440 42.874
530.715 41.532
530.989 45.484
531.263 43.533
531.537 40.806
531.811 45.761
532.086 40.265
532.360 32.008
532.634 30.835
532.908 32.431
533.182 26.129
533.457 22.384
533.731 24.962
534.005 30.315
534.279 32.502
534.553 42.433
534.828 52.355
535.102 56.737
535.376 59.743
535.650 57.382
535.924 39.525
536.199 26.428
536.473 22.057
536.747 16.297
537.021 11.935
537.295 17.490
537.570 19.476
537.844 19.090
538.118 20.473
538.392 24.238
538.666 29.198
538.941 32.567
539.215 33.349
539.489 28.383
539.763 23.219
540.038 21.229
540.312 24.393
540.586 31.515
540.860 41.614
541.134 42.802
541.409 40.412
541.683 40.603
541.957 33.659
542.231 29.475
542.505 32.425
542.780 34.401
543.054 29.249
543.328 27.855
543.602 25.277
543.876 21.125
544.151 22.285
544.425 27.210
544.699 24.641
544.973 20.303
545.247 23.051
545.522 24.609
545.796 17.319
546.070 12.009
546.351 10.042
546.632 12.205
546.912 6.895
547.193 7.483
547.474 13.367
547.755 16.503
548.036 8.834
548.317 10.986
548.597 15.882
548.878 15.882
549.159 20.373
549.440 29.962
549.721 36.023
550.001 39.344
550.282 42.668
550.563 41.696
550.844 39.536
551.125 34.246
551.406 29.545
551.686 26.020
551.967 29.328
552.248 31.664
552.529 37.322
552.810 41.802
553.090 41.606
553.371 35.750
553.652 30.672
553.933 24.617
554.214 20.923
554.495 27.000
554.775 34.244
555.056 36.608
555.337 38.974
555.618 38.195
555.899 32.119
556.179 24.294
556.460 19.590
556.741 14.299
557.022 21.731
557.303 29.765
557.584 34.873
557.864 44.496
558.145 49.025
558.426 39.251
558.707 32.620
558.988 28.120
559.268 16.737
559.549 12.823
559.830 15.781
560.111 19.915
560.392 25.816
560.673 27.196
560.953 24.432
561.234 24.431
561.515 17.737
561.796 13.822
562.077 19.168
562.357 22.733
562.638 24.346
562.919 29.923
563.200 30.565
563.481 27.825
563.762 28.844
564.042 25.083
564.323 18.923
564.604 18.126
564.885 19.912
565.166 20.703
565.446 18.312
565.727 14.529
566.008 11.737
566.289 11.139
566.570 6.164
566.851 9.157
567.131 16.944
567.412 21.178
567.693 24.038
567.974 28.070
568.255 23.264
568.535 16.252
568.816 6.612
569.097 -0.816
569.378 -0.223
569.659 6.197
569.940 15.415
570.220 23.839
570.501 25.636
570.782 28.832
571.063 32.438
571.344 27.839
571.624 23.240
571.905 23.057
572.186 24.731
572.467 27.636
572.748 31.317
573.029 36.613
573.309 41.308
573.590 36.711
573.871 32.905
574.152 32.511
574.433 30.271
574.713 28.222
574.994 22.323
575.275 17.027
575.556 21.626
575.837 23.820
576.118 19.561
576.398 23.204
576.679 24.831
576.960 19.007
577.245 18.646
577.531 24.566
577.816 27.450
578.102 28.700
578.387 29.347
578.672 24.680
578.958 23.049
579.243 21.397
579.529 23.794
579.814 26.952
580.099 30.541
580.385 28.442
580.670 30.137
580.956 31.599
581.241 22.922
581.526 15.321
581.812 10.729
582.097 8.942
582.382 6.753
582.668 16.504
582.953 31.399
583.239 40.521
583.524 45.013
583.809 49.252
584.095 45.764
584.380 35.206
584.666 31.753
584.951 22.487
585.236 12.069
585.522 12.397
585.807 17.626
586.093 19.952
586.378 26.948
586.663 31.997
586.949 34.145
587.234 31.037
587.520 29.086
587.805 30.987
588.090 27.293
588.376 24.551
588.661 29.573
588.947 25.888
589.232 14.865
589.517 13.896
589.803 8.673
590.088 -2.351
590.374 -4.476
590.659 0.545
590.944 2.088
591.230 -0.618
591.515 2.087
591.800 9.802
592.086 17.504
592.371 23.673
592.657 34.477
592.942 39.876
593.227 35.630
593.513 27.537
593.798 23.479
594.084 14.992
594.369 11.520
594.654 17.870
594.940 21.338
595.225 18.837
595.511 20.956
595.796 22.679
596.081 11.517
596.367 4.967
596.652 3.040
596.938 7.266
597.223 9.194
597.508 15.344
597.794 26.882
598.079 39.201
598.365 38.618
598.650 39.951
598.935 47.839
599.221 39.377
599.506 30.329
599.792 27.450
600.077 19.765
600.362 12.079
600.648 22.091
600.933 29.212
601.218 33.257
601.504 34.027
601.789 31.136
602.075 24.789
602.360 18.052
602.645 10.158
602.931 10.735
603.216 10.543
603.502 10.543
603.787 13.062
604.072 20.204
604.358 19.241
604.643 18.469
604.929 19.059
605.214 18.485
605.499 19.650
605.785 26.420
606.070 28.936
606.356 28.955
606.641 33.234
606.926 32.287
607.212 29.590
607.497 30.766
607.783 29.041
608.068 28.495
608.353 34.358
608.639 41.179
608.924 46.257
609.210 40.031
609.495 35.575
609.780 29.764
610.066 22.975
610.351 18.703
610.636 26.135
610.922 25.365
611.207 24.803
611.493 25.604
611.778 26.014
612.063 24.461
612.349 24.673
612.634 23.713
612.920 21.559
613.205 20.785
613.490 17.058
613.776 12.139
614.061 12.938
614.347 13.932
614.632 9.399
614.917 6.829
615.203 8.212
615.488 4.079
615.774 -0.263
616.059 -0.465
616.344 5.287
616.630 12.049
616.915 14.440
617.201 16.427
617.486 16.824
617.771 14.845
618.057 10.480
618.342 10.896
618.627 15.091
618.913 21.477
619.198 24.667
619.484 26.876
619.769 29.485
620.054 30.096
620.340 32.116
620.625 36.951
620.911 36.961
621.196 29.560
621.481 26.569
621.767 22.582
622.052 16.782
622.338 13.983
622.623 13.580
622.908 15.406
623.194 16.824
623.479 16.836
623.765 26.331
624.050 34.402
624.335 35.219
624.621 31.397
624.906 29.387
625.192 20.105
625.477 14.055
625.762 9.013
626.048 12.260
626.333 14.898
626.619 12.474
626.904 14.919
627.189 19.398
627.475 21.249
627.760 21.069
628.045 23.727
628.331 21.498
628.616 11.922
628.902 6.841
629.187 4.196
629.472 6.636
629.758 8.052
630.043 16.393
630.329 21.635
630.614 26.449
630.899 27.171
631.185 29.525
631.470 19.883
631.756 13.402
632.041 18.023
632.326 24.410
632.612 31.331
632.897 47.253
633.183 52.484
633.468 44.104
633.753 36.110
634.039 26.458
634.324 22.400
634.610 23.212
634.895 25.787
635.180 23.996
635.466 22.436
635.751 19.133
636.037 13.242
636.322 10.908
636.607 18.050
636.893 18.029
637.178 18.338
637.463 21.615
637.749 17.374
638.034 7.594
638.320 7.216
638.605 7.899
638.890 6.777
639.176 10.947
639.461 14.376
639.747 15.273
640.032 14.176
640.317 17.226
640.603 18.837
640.888 20.998
641.174 25.685
641.459 23.340
641.744 18.476
642.030 18.123
642.315 13.437
642.601 6.038
642.886 4.047
643.171 4.234
643.457 4.621
643.742 10.988
644.028 15.530
644.313 19.165
644.598 24.281
644.884 25.774
645.169 23.072
645.455 23.467
645.740 26.236
646.025 22.054
646.311 16.574
646.596 13.479
646.881 11.476
647.167 12.257
647.452 17.828
647.738 29.337
648.023 34.177
648.308 41.810
648.594 44.082
648.879 35.930
649.165 30.215
649.450 34.930
649.735 28.441
650.021 15.003
650.306 15.750
650.592 15.417
650.877 8.528
651.162 8.551
651.448 17.752
651.733 17.375
652.019 11.745
652.304 10.826
652.589 12.363
652.875 9.352
653.160 14.104
653.446 21.148
653.731 23.834
654.016 23.474
654.302 27.300
654.587 26.752
654.873 22.773
655.158 20.129
655.443 19.777
655.729 21.731
656.014 28.303
656.299 31.029
656.585 26.805
656.870 22.580
657.156 14.304
657.441 4.490
657.726 6.853
658.012 14.995
658.297 16.351
658.583 18.866
658.868 18.287
659.153 12.295
659.439 13.499
659.724 14.483
660.010 12.730
660.295 13.317
660.580 11.760
660.866 9.065
661.151 18.288
661.437 32.008
661.722 41.432
662.007 46.939
662.293 46.961
662.578 41.505
662.864 33.878
663.149 28.795
663.434 27.643
663.720 29.641
664.005 31.629
664.290 35.025
664.576 36.642
664.861 42.213
665.147 44.823
665.432 43.074
665.717 38.134
666.003 39.148
666.288 33.614
666.574 30.069
666.859 32.079
667.144 34.878
667.430 34.096
667.715 36.913
668.001 38.323
668.286 33.552
668.571 33.577
668.857 32.805
669.142 27.621
669.428 22.437
669.713 21.042
669.998 17.246
670.284 13.852
670.569 14.663
670.855 15.274
671.140 11.666
671.425 10.866
671.711 12.281
671.996 15.907
672.282 23.161
672.567 35.429
672.852 41.680
673.138 38.668
673.423 23.980
673.708 12.711
673.994 8.095
674.279 5.891
674.565 10.343
674.850 24.665
675.135 36.381
675.421 36.190
675.706 25.484
675.992 21.237
676.277 13.559
676.562 4.674
676.848 3.673
677.133 14.997
677.419 18.449
677.704 25.148
677.989 32.668
678.275 32.474
678.560 27.830
678.846 23.367
679.131 22.961
679.416 15.653
679.702 16.073
679.987 20.349
680.273 20.757
680.558 20.164
680.843 20.576
681.129 12.641
681.414 4.500
681.700 8.370
681.985 11.841
682.270 8.581
682.556 11.633
682.841 17.335
683.126 20.185
683.412 15.700
683.697 21.408
683.983 30.775
684.268 34.041
684.553 30.795
684.839 28.350
685.124 22.844
685.410 17.141
685.695 10.005
685.980 8.976
686.266 12.440
686.551 14.070
686.837 8.365
687.122 10.811
687.407 13.454
687.693 11.411
687.978 16.290
688.264 26.068
688.549 30.545
688.834 32.362
689.120 41.310
689.405 45.560
689.691 44.513
689.976 38.400
690.261 27.630
690.547 15.625
690.832 9.321
691.118 6.882
691.403 13.162
691.688 19.038
691.974 19.238
692.259 16.397
692.544 18.404
692.830 12.927
693.115 10.905
693.401 14.334
693.686 15.938
693.971 17.940
694.257 25.809
694.542 30.645
694.828 25.600
695.113 17.331
695.398 6.851
695.684 -1.629
695.969 -0.232
696.255 2.583
696.540 8.431
696.834 12.049
697.127 13.052
697.421 6.009
697.715 6.207
698.008 9.616
698.302 11.018
698.596 11.813
698.889 17.819
699.183 19.419
699.477 19.402
699.771 25.184
700.064 28.771
700.358 21.965
700.652 17.958
700.945 14.761
701.239 8.165
701.533 1.771
701.826 9.940
702.120 15.922
702.414 18.309
702.707 17.705
703.001 21.688
703.295 16.106
703.588 13.502
703.882 16.669
704.176 18.251
704.469 19.029
704.763 25.175
705.057 27.543
705.351 24.548
705.644 20.779
705.938 17.600
706.232 13.821
706.525 12.831
706.819 14.616
707.113 17.580
707.406 22.319
707.700 23.694
707.994 21.311
708.287 14.779
708.581 14.583
708.875 11.420
709.168 7.858
709.462 11.603
709.756 15.549
710.049 13.374
710.343 10.606
710.637 12.771
710.931 16.303
711.224 21.817
711.518 25.163
711.812 27.524
712.105 26.932
712.399 23.388
712.693 18.461
712.986 14.720
713.280 15.700
713.574 15.893
713.867 9.198
714.161 9.388
714.455 14.107
714.748 11.551
715.042 13.913
715.336 21.196
715.629 21.798
715.923 17.076
716.217 18.257
716.511 17.282
716.804 19.857
717.098 23.604
717.392 26.762
717.685 28.154
717.979 28.558
718.273 23.239
718.566 15.349
718.860 14.762
719.154 10.808
719.447 9.242
719.741 10.653
720.035 14.815
720.328 12.636
720.622 13.032
720.916 9.859
721.209 5.286
721.503 -2.460
721.797 -0.473
722.091 4.312
722.384 8.706
722.678 16.292
722.972 29.036
723.265 26.049
723.559 16.472
723.853 13.480
724.146 8.492
724.440 5.928
724.734 9.525
725.027 16.113
725.321 14.915
725.615 13.517
725.908 12.311
726.202 13.506
726.496 13.907
726.789 17.507
727.083 15.706
727.377 5.911
727.671 1.114
727.964 -1.487
728.258 -6.088
728.552 -3.684
728.845 -2.896
729.139 -3.101
729.433 5.115
729.726 15.757
730.020 18.777
730.314 27.809
730.607 30.618
730.901 19.381
731.195 7.130
731.488 0.092
731.782 -7.541
732.076 -8.746
732.369 2.319
732.663 10.164
732.957 15.395
733.251 23.250
733.544 33.723
733.838 35.754
734.132 29.516
734.425 27.305
734.719 25.494
735.013 16.431
735.306 8.570
735.600 8.569
735.894 12.004
736.187 17.259
736.481 19.084
736.775 15.242
737.068 14.837
737.362 14.043
737.656 11.442
737.949 15.728
738.243 18.158
738.537 23.232
738.831 24.865
739.124 20.410
739.418 9.835
739.712 4.544
740.005 1.707
740.299 2.538
740.593 6.209
740.886 14.558
741.180 22.907
741.474 24.335
741.767 24.557
742.061 21.297
742.355 18.652
742.648 16.411
742.942 15.804
743.236 11.716
743.529 13.151
743.823 11.728
744.117 9.888
744.411 7.436
744.704 7.637
744.998 3.751
745.292 1.295
745.585 4.774
745.879 8.868
746.173 7.233
746.466 6.002
746.760 4.358
747.054 0.263
747.347 -0.754
747.641 6.836
747.935 17.099
748.228 25.932
748.522 33.114
748.816 32.706
749.109 24.706
749.403 14.849
749.697 7.241
749.991 7.433
750.284 8.254
750.578 10.919
750.872 16.878
751.165 22.010
751.459 19.356
751.753 16.892
752.046 14.431
752.340 8.470
752.634 7.863
752.927 5.189
753.221 9.915
753.515 12.998
753.808 14.230
754.102 13.404
754.396 19.160
754.689 19.153
754.983 17.916
755.277 17.915
755.571 19.144
755.864 17.288
756.158 17.704
756.452 20.173
756.745 20.993
757.039 19.554
757.333 21.415
757.626 14.015
757.920 5.598
758.214 7.855
758.507 10.314
758.801 3.114
759.095 -0.159
759.388 2.913
759.682 5.781
759.976 11.287
760.269 14.767
760.563 15.176
760.857 21.112
761.151 21.295
761.444 15.368
761.738 16.587
762.032 24.149
762.325 24.743
762.619 24.315
762.913 22.666
763.206 21.023
763.500 20.807
763.798 15.499
764.097 12.433
764.395 9.580
764.693 6.932
764.992 2.457
765.290 3.671
765.588 4.468
765.887 6.091
766.185 9.335
766.483 12.173
766.782 11.963
767.080 5.888
767.378 7.097
767.677 9.911
767.975 12.527
768.273 11.915
768.571 15.147
768.870 12.316
769.168 8.069
769.466 5.236
769.765 5.029
770.063 8.637
770.361 14.261
770.660 14.452
770.958 20.651
771.256 29.464
771.555 25.845
771.853 23.823
772.151 22.416
772.450 13.009
772.748 0.194
773.046 -4.998
773.345 -5.402
773.643 -1.412
773.941 0.785
774.240 1.180
774.538 6.767
774.836 11.546
775.135 13.329
775.433 14.123
775.731 19.907
776.030 22.693
776.328 21.875
776.626 18.683
776.925 19.077
777.223 21.450
777.521 15.874
777.819 7.918
778.118 7.514
778.416 8.905
778.714 6.123
779.013 9.902
779.311 14.274
779.609 13.679
779.908 14.677
780.206 14.676
780.504 11.890
780.803 11.290
781.101 13.079
781.399 12.086
781.698 9.105
781.996 15.471
782.294 23.030
782.593 20.645
782.891 21.640
783.189 25.417
783.488 24.222
783.786 24.430
784.084 27.812
784.383 27.620
784.681 27.440
784.979 23.062
785.278 20.113
785.576 18.936
785.874 22.743
786.173 22.140
786.471 15.733
786.769 8.132
787.068 8.339
787.366 -0.868
787.664 -2.864
787.962 6.555
788.261 4.541
788.559 4.157
788.857 10.989
789.156 13.408
789.454 13.421
789.752 16.642
790.051 12.006
790.349 0.518
790.647 -0.686
790.946 3.983
791.244 3.988
791.542 6.415
791.841 14.912
792.139 13.703
792.437 7.232
792.736 5.199
793.034 -1.507
793.332 -4.759
793.631 -4.351
793.929 1.164
794.227 10.139
794.526 18.891
794.824 18.682
795.122 14.187
795.421 7.657
795.719 1.543
796.017 -5.412
796.316 -3.569
796.614 1.552
796.912 4.024
797.211 0.529
797.509 0.501
797.807 -5.682
798.105 -10.835
798.404 -9.372
798.702 -2.130
799.000 5.534
799.299 13.589
799.597 21.874
799.895 18.777
800.194 12.348
800.492 7.772
800.790 5.285
801.089 5.942
801.387 8.462
801.685 9.920
801.984 14.738
802.282 18.096
802.580 15.180
802.879 23.192
803.177 36.262
803.475 38.397
803.774 37.362
804.072 41.821
804.370 33.642
804.669 14.640
804.967 8.098
805.265 7.478
805.564 3.913
805.862 5.012
806.160 17.357
806.459 25.705
806.757 26.361
807.055 21.233
807.353 16.751
807.652 11.213
807.950 3.937
808.248 4.384
808.547 12.804
808.845 18.442
809.143 20.400
809.442 19.971
809.740 13.041
810.038 8.081
810.337 7.908
810.635 3.346
810.933 -3.442
811.232 -1.512
811.530 0.931
811.831 0.554
812.132 5.190
812.432 15.529
812.733 19.508
813.034 15.992
813.335 15.377
813.636 21.228
813.936 19.482
814.237 18.377
814.538 19.054
814.839 18.872
815.140 10.376
815.440 15.138
815.741 22.807
816.042 26.208
816.343 23.292
816.644 23.298
816.945 24.700
817.245 22.707
817.546 32.003
817.847 41.076
818.148 46.076
818.449 39.477
818.749 34.936
819.050 24.959
819.351 14.526
819.652 8.615
819.953 7.254
820.253 1.392
820.554 -7.638
820.855 -10.121
821.156 -5.853
821.457 -3.392
821.757 5.594
822.058 20.383
822.359 29.315
822.660 33.526
822.961 36.407
823.261 37.040
823.562 32.538
823.863 31.411
824.164 33.115
824.465 29.748
824.765 23.288
825.066 20.371
825.367 12.177
825.668 -2.170
825.969 -3.293
826.269 -1.541
826.570 -0.483
826.871 6.274
827.172 19.531
827.473 21.033
827.774 17.559
828.074 15.800
828.375 14.245
828.676 11.581
828.977 14.333
829.278 22.476
829.578 24.362
829.879 30.073
830.180 33.178
830.481 29.306
830.782 24.176
831.082 25.197
831.383 20.475
831.684 12.815
831.985 11.745
832.286 15.702
832.586 10.016
832.887 7.898
833.188 13.672
833.489 14.696
833.790 11.542
834.090 11.962
834.391 16.034
834.692 11.644
834.993 11.420
835.294 10.591
835.594 21.163
835.895 24.331
836.196 21.664
836.497 16.607
836.798 14.789
837.099 4.026
837.399 -1.499
837.700 2.651
838.001 10.030
838.302 19.912
838.603 25.432
838.903 23.622
839.204 19.653
839.505 23.635
839.806 21.311
840.107 23.588
840.407 27.846
840.708 31.495
841.009 27.010
841.310 21.674
841.611 16.115
841.911 12.760
842.212 10.617
842.513 8.409
842.814 8.651
843.115 10.407
843.415 10.701
843.716 3.024
844.017 -3.217
844.318 0.100
844.619 3.269
844.919 7.097
845.220 19.109
845.521 28.291
845.822 26.606
846.123 24.072
846.423 22.642
846.724 24.337
847.025 27.111
847.326 29.423
847.627 24.017
847.928 17.925
848.228 16.660
848.529 13.535
848.830 11.750
849.131 14.486
849.432 18.139
849.732 22.497
850.033 23.869
850.334 22.718
850.635 26.587
850.936 30.217
851.236 26.068
851.537 26.726
851.838 22.400
852.139 16.249
852.440 10.772
852.740 7.323
853.041 6.600
853.342 16.504
853.643 27.071
853.944 33.325
854.244 37.063
854.545 41.182
854.846 35.086
855.147 25.864
855.448 26.396
855.748 21.664
856.049 10.837
856.350 13.192
856.651 16.853
856.952 8.514
857.253 4.388
857.553 14.456
857.854 19.256
858.155 19.591
858.456 22.554
858.757 25.727
859.057 24.724
859.358 24.954
859.659 28.181
859.960 26.275
860.261 26.231
860.561 27.693
860.862 22.404
861.163 7.636
861.464 11.465
861.765 12.035
862.065 3.250
862.366 1.969
862.667 14.822
862.968 11.968
863.269 12.905
863.569 19.570
863.870 21.093
864.171 12.021
864.472 9.465
864.773 9.012
865.073 4.661
865.374 -0.993
865.675 3.473
865.976 14.015
866.277 20.643
866.577 27.840
866.878 34.313
867.179 35.241
867.480 26.992
867.781 16.331
868.082 11.122
868.382 11.057
868.683 13.096
868.984 15.879
869.285 19.428
869.586 16.049
869.886 13.771
870.187 10.390
870.488 5.185
870.789 2.393
871.090 1.278
871.390 -2.973
871.691 -1.138
871.992 2.360
872.293 3.462
872.594 -0.209
872.894 2.544
873.195 4.175
873.496 8.008
873.797 12.568
874.098 12.585
874.398 12.766
874.699 10.747
875.000 5.798
875.301 8.514
875.602 17.076
875.902 18.522
876.203 19.786
876.504 23.061
876.805 20.322
877.106 17.229
877.407 11.228
877.707 8.314
878.008 8.659
878.309 1.744
878.610 1.192
878.911 8.626
879.211 11.522
879.512 11.161
879.813 19.154
880.114 22.240
880.415 20.255
880.715 22.065
881.016 21.149
881.317 13.159
881.618 11.161
881.919 10.251
882.219 4.632
882.520 7.713
882.821 11.695
883.122 17.305
883.423 22.904
883.723 25.623
884.024 20.726
884.325 24.173
884.626 15.297
884.927 6.254
885.227 6.067
885.528 8.954
885.829 6.767
886.130 8.573
886.431 8.027
886.731 7.668
887.032 5.143
887.333 4.970
887.634 6.965
887.935 12.576
888.236 16.009
888.536 22.689
888.837 24.848
889.138 26.837
889.439 27.200
889.740 26.105
890.040 20.690
890.341 17.983
890.642 12.726
890.943 10.004
891.244 8.935
891.544 12.745
891.845 12.201
892.146 14.195
892.447 21.656
892.748 22.206
893.048 15.489
893.349 18.237
893.650 21.885
893.951 16.065
894.252 11.877
894.552 8.771
894.853 4.758
895.154 2.952
895.455 3.510
895.756 6.623
896.056 14.149
896.357 15.993
896.658 14.537
896.959 12.889
897.260 14.558
897.561 13.464
897.861 11.073
898.162 8.672
898.463 10.529
898.764 14.450
899.065 17.076
899.365 20.234
899.666 23.760
899.967 27.343
900.268 21.801
900.569 20.712
900.869 18.120
901.170 16.456
901.471 11.408
901.772 13.481
902.073 12.013
902.373 13.143
902.674 15.794
902.975 18.263
903.276 13.372
903.577 10.166
903.877 12.844
904.178 10.397
904.479 5.088
904.780 6.803
905.081 11.011
905.381 11.986
905.682 20.748
905.983 30.882
906.284 33.761
906.585 33.777
906.885 32.679
907.186 28.935
907.487 24.372
907.788 26.915
908.089 26.369
908.390 19.028
908.690 11.705
908.991 12.313
909.292 10.010
909.593 10.425
909.894 18.604
910.194 23.287
910.495 17.647
910.796 13.773
911.097 11.839
911.398 5.975
911.698 4.227
911.999 7.369
912.300 9.345
912.607 9.174
912.915 11.942
913.222 16.513
913.529 18.513
913.837 20.925
914.144 21.731
914.451 22.139
914.759 14.799
915.066 11.428
915.374 5.646
915.681 4.863
915.988 3.884
916.296 4.076
916.603 10.737
916.910 13.955
917.218 12.762
917.525 11.966
917.832 20.066
918.140 24.167
918.447 28.046
918.754 24.596
919.062 25.004
919.369 20.152
919.677 7.568
919.984 9.044
920.291 19.444
920.599 20.265
920.906 18.440
921.213 22.741
921.521 18.043
921.828 16.888
922.135 19.168
922.443 18.342
922.750 11.354
923.057 10.954
923.365 11.801
923.672 8.717
923.980 9.335
924.287 11.382
924.594 11.179
924.902 13.953
925.209 19.169
925.516 19.379
925.824 24.990
926.131 24.584
926.438 14.781
926.746 5.392
927.053 -2.339
927.360 -7.138
927.668 -7.963
927.975 -11.741
928.283 -6.287
928.590 6.944
928.897 10.314
929.205 7.791
929.512 10.098
929.819 11.384
930.127 12.430
930.434 13.498
930.741 23.030
931.049 30.057
931.356 29.231
931.663 26.765
931.971 27.020
932.278 23.048
932.586 19.230
932.893 17.540
933.200 17.385
933.508 18.537
933.815 18.835
934.122 15.375
934.430 11.437
934.737 3.793
935.044 1.900
935.352 3.808
935.659 7.845
935.966 18.221
936.274 30.925
936.581 38.591
936.889 37.180
937.196 33.317
937.503 29.362
937.811 28.516
938.118 20.814
938.425 19.312
938.733 21.943
939.040 21.344
939.347 17.732
939.655 21.256
939.962 20.876
940.269 22.920
940.577 23.999
940.884 17.123
941.191 10.754
941.499 17.370
941.806 20.978
942.114 17.001
942.421 16.973
942.728 24.090
943.036 21.855
943.343 17.296
943.650 21.606
943.958 26.692
944.265 23.639
944.572 26.183
944.880 32.217
945.187 28.397
945.494 24.578
945.802 31.309
946.109 31.428
946.417 29.132
946.724 29.120
947.031 30.618
947.339 19.806
947.646 14.965
947.953 11.148
948.261 5.225
948.568 2.010
948.875 5.420
949.183 2.164
949.490 4.524
949.797 14.499
950.105 20.293
950.412 22.154
950.720 28.336
951.027 32.279
951.334 31.475
951.642 32.829
951.949 33.907
952.256 32.790
952.564 29.578
952.871 30.902
953.178 22.447
953.486 15.600
953.793 11.800
954.100 7.112
954.408 7.720
954.715 13.489
955.023 19.177
955.330 18.440
955.637 17.279
955.945 12.436
956.252 11.949
956.559 13.001
956.867 15.222
957.174 25.270
957.481 32.397
957.789 36.811
958.096 38.966
958.403 39.551
958.711 24.390
959.018 15.230
959.326 16.288
959.633 17.101
959.940 14.420
960.248 20.830
960.555 25.007
960.862 19.902
961.170 9.527
961.477 10.595
961.784 11.683
962.092 12.084
962.399 12.940
962.706 19.226
963.014 20.484
963.321 22.207
963.629 23.471
963.936 26.669
964.243 20.820
964.551 13.676
964.858 9.968
965.165 7.568
965.473 0.018
965.780 -1.893
966.092 1.327
966.404 3.884
966.716 3.859
967.028 10.497
967.340 21.372
967.652 19.659
967.964 11.564
968.276 12.805
968.588 16.819
968.900 18.256
969.212 26.509
969.524 39.431
969.836 38.167
970.148 32.173
970.460 27.929
970.772 22.214
971.084 20.919
971.396 25.745
971.708 28.884
972.020 26.728
972.332 20.180
972.644 16.587
972.956 14.259
973.268 5.422
973.580 -0.065
973.892 8.979
974.204 12.551
974.516 10.219
974.828 13.579
975.140 22.012
975.452 23.919
975.764 19.705
976.076 17.613
976.388 19.689
976.700 17.767
977.012 13.551
977.324 13.552
977.636 9.551
977.948 3.471
978.260 0.519
978.572 -3.064
978.884 -4.970
979.196 1.546
979.508 9.117
979.820 5.739
980.132 6.571
980.444 5.938
980.756 5.528
981.068 5.130
981.380 14.038
981.692 15.731
982.004 19.344
982.316 17.857
982.628 14.036
982.940 9.793
983.252 18.705
983.564 25.935
983.876 29.983
984.188 32.093
984.500 33.773
984.812 21.235
985.124 2.933
985.436 -1.538
985.748 -2.164
986.060 -5.757
986.372 -2.142
986.684 9.560
986.996 17.863
987.308 19.353
987.620 21.685
987.932 27.662
988.244 27.862
988.556 21.468
988.868 17.412
989.180 19.967
989.492 22.311
989.804 20.410
990.116 16.572
990.428 16.142
990.740 10.600
991.052 0.137
991.364 -5.861
991.676 -6.725
991.988 0.081
992.300 6.687
992.612 9.662
992.924 17.165
993.236 21.000
993.548 17.804
993.860 12.889
994.172 5.239
994.484 -1.392
994.796 3.718
995.108 5.425
995.420 -1.647
995.732 -1.073
996.044 6.815
996.356 7.946
996.668 12.681
996.980 23.179
997.292 27.687
997.604 20.625
997.916 11.383
998.228 2.161
998.540 -4.049
998.852 -1.041
999.164 1.307
999.476 3.672
999.788 7.323
1000.100 8.825
1000.412 7.312
1000.724 9.257
1001.036 10.968
1001.348 7.307
1001.660 2.979
1001.972 -2.426
1002.284 -6.539
1002.596 -10.633
1002.908 -6.084
1003.220 4.059
1003.532 12.690
1003.844 17.640
1004.156 23.482
1004.468 23.048
1004.780 16.139
1005.092 11.824
1005.404 4.918
1005.716 -4.591
1006.028 -7.428
1006.340 -5.275
1006.652 -3.125
1006.964 -0.102
1007.276 7.011
1007.588 10.908
1007.900 12.621
1008.212 11.957
1008.524 13.673
1008.836 13.631
1009.148 15.263
1009.460 19.077
1009.772 28.842
1010.084 33.116
1010.396 39.894
1010.708 40.452
1011.020 41.426
1011.332 43.238
1011.644 43.135
1011.956 36.944
1012.268 30.386
1012.580 26.972
1012.892 22.273
1013.204 18.899
1013.516 17.625
1013.828 22.194
1014.140 21.939
1014.452 9.405
1014.764 7.303
1015.076 7.269
1015.388 3.500
1015.700 4.873
1016.012 14.764
1016.324 13.941
1016.636 16.206
1016.948 20.697
1017.260 17.587
1017.572 12.857
1017.884 15.315
1018.196 14.677
1018.508 10.976
1018.820 10.755
1019.132 7.889
1019.444 1.175
1019.756 -0.695
1020.068 -1.122
1020.380 -0.936
1020.692 5.355
1021.004 15.085
1021.316 13.861
1021.628 9.399
1021.940 3.523
1022.252 0.880
1022.564 -1.970
1022.876 -2.380
1023.188 5.117
1023.500 11.768
1023.812 15.824
1024.124 21.078
1024.436 28.999
1024.748 27.981
1025.060 27.968
1025.372 25.295
1025.684 24.644
1025.996 25.785
1026.308 26.985
1026.620 25.180
1026.932 26.009
1027.244 26.433
1027.556 26.446
1027.868 29.465
1028.180 37.692
1028.492 41.269
1028.804 39.431
1029.116 34.548
1029.428 28.460
1029.740 26.612
1030.052 24.371
1030.364 22.538
1030.676 23.510
1030.988 25.499
1031.300 20.273
1031.612 24.902
1031.924 26.069
1032.236 22.670
1032.548 20.659
1032.860 18.854
1033.172 9.819
1033.484 6.434
1033.796 6.232
1034.108 9.840
1034.420 17.645
1034.732 18.439
1035.044 16.633
1035.356 17.028
1035.668 16.422
1035.980 6.616
1036.292 5.010
1036.604 11.404
1036.916 11.798
1037.228 4.593
1037.540 5.387
1037.852 7.181
1038.164 0.775
1038.476 4.369
1038.788 14.163
1039.100 18.357
1039.412 19.551
1039.724 24.545
1040.036 20.739
1040.348 14.133
1040.660 16.527
1040.972 16.521
1041.284 19.115
1041.596 26.908
1041.908 28.702
1042.220 18.696
1042.532 13.090
1042.844 4.084
1043.156 -6.322
1043.468 -12.329
1043.780 -13.735
1044.092 -10.941
1044.404 -9.547
1044.716 -9.154
1045.028 -4.760
1045.340 1.234
1045.652 5.828
1045.964 13.221
1046.276 18.415
1046.588 17.209
1046.900 16.602
1047.212 13.196
1047.524 3.989
1047.836 -1.017
1048.148 -0.224
1048.460 6.370
1048.772 14.564
1049.084 19.357
1049.396 16.951
1049.708 15.544
1050.020 8.537
1050.332 -1.869
1050.644 -2.876
1050.956 -2.682
1051.268 3.311
1051.580 15.504
1051.892 23.498
1052.204 30.891
1052.516 34.884
1052.828 28.678
1053.140 12.871
1053.452 5.864
1053.764 -0.942
1054.076 -1.349
1054.388 -0.756
1054.700 10.037
1055.012 15.230
1055.324 15.023
1055.636 7.617
1055.948 3.610
1056.260 -0.197
1056.572 1.796
1056.884 0.389
1057.196 9.782
1057.508 18.975
1057.820 17.368
1058.132 12.561
1058.444 12.554
1058.756 9.547
1059.068 11.940
1059.380 17.533
1059.692 15.526
1060.004 14.519
1060.316 20.512
1060.628 18.904
1060.940 12.097
1061.252 5.890
1061.564 5.283
1061.876 1.876
1062.188 -2.732
1062.500 -1.939
1062.812 4.654
1063.124 6.846
1063.436 6.639
1063.748 6.632
1064.060 4.424
1064.372 4.417
1064.684 6.410
1064.996 8.002
1065.308 6.595
1065.620 8.787
1065.932 10.980
1066.244 13.572
1066.556 9.765
1066.868 8.357
1067.180 5.550
1067.492 10.342
1067.804 14.935
1068.116 19.327
1068.428 24.519
1068.740 24.912
1069.052 13.304
1069.364 4.496
1069.676 0.489
1069.988 -7.519
1070.300 -6.727
1070.612 0.065
1070.924 2.858
1071.236 0.850
1071.548 4.442
1071.860 10.434
1072.172 11.026
1072.484 14.418
1072.796 21.610
1073.108 27.003
1073.420 30.195
1073.732 34.387
1074.044 23.579
1074.356 13.771
1074.668 14.763
1074.980 9.954
1075.292 -0.054
1075.604 5.738
1075.916 12.130
1076.228 6.922
1076.540 1.314
1076.852 4.106
1077.164 5.298
1077.476 7.889
1077.788 8.481
1078.100 11.673
1078.412 12.664
1078.724 5.256
1079.036 3.448
1079.348 11.039
1079.660 16.231
1079.972 19.823
1080.284 26.814
1080.596 23.806
1080.908 21.197
1081.220 19.189
1081.532 16.180
1081.844 17.172
1082.156 16.763
1082.468 11.155
1082.780 8.546
1083.092 15.738
1083.404 15.729
1083.716 13.920
1084.028 15.712
1084.340 18.103
1084.652 12.494
1084.964 16.685
1085.276 24.277
1085.588 28.468
1085.900 31.059
1086.212 33.450
1086.524 29.041
1086.836 19.832
1087.148 11.823
1087.460 6.615
1087.772 5.406
1088.084 7.997
1088.396 16.988
1088.708 17.979
1089.020 14.570
1089.332 11.961
1089.644 8.951
1089.956 12.542
1090.268 20.933
1090.580 32.524
1090.892 38.515
1091.204 38.106
1091.516 32.896
1091.828 23.287
1092.140 11.878
1092.464 8.269
1092.788 8.459
1093.112 6.850
1093.436 11.241
1093.760 12.831
1094.084 9.222
1094.408 9.412
1094.732 9.003
1095.056 3.593
1095.380 3.384
1095.703 -1.226
1096.027 -7.435
1096.351 -6.845
1096.675 1.746
1096.999 5.136
1097.323 7.926
1097.647 11.517
1097.971 10.507
1098.295 3.897
1098.619 -3.913
1098.943 -1.722
1099.267 5.068
1099.591 10.058
1099.915 19.248
1100.239 30.238
1100.563 30.228
1100.887 25.818
1101.211 22.808
1101.535 17.598
1101.859 10.988
1102.182 5.378
1102.506 0.568
1102.830 -2.842
1103.154 -5.852
1103.478 -1.462
1103.802 7.328
1104.126 9.718
1104.450 8.908
1104.774 10.897
1105.098 4.487
1105.422 -4.323
1105.746 -4.133
1106.070 1.456
1106.394 1.246
1106.718 1.835
1107.042 6.625
1107.366 5.815
1107.690 3.404
1108.014 7.594
1108.338 11.583
1108.662 10.373
1108.985 10.562
1109.309 7.752
1109.633 5.341
1109.957 3.530
1110.281 4.920
1110.605 6.109
1110.929 7.498
1111.253 5.088
1111.577 12.277
1111.901 11.466
1112.225 5.455
1112.549 3.844
1112.873 6.033
1113.197 -4.977
1113.521 -9.788
1113.845 -6.199
1114.169 4.590
1114.493 8.979
1114.817 15.168
1115.141 28.357
1115.464 36.146
1115.788 26.135
1116.112 22.323
1116.436 22.712
1116.760 11.901
1117.084 4.490
1117.408 3.079
1117.732 -3.133
1118.056 -7.744
1118.380 -5.355
1118.704 -3.166
1119.028 -2.778
1119.352 -5.389
1119.676 -5.201
1120.000 -5.012
1120.324 -2.624
1120.648 6.165
1120.972 19.553
1121.296 23.742
1121.620 29.930
1121.944 29.119
1122.267 21.507
1122.591 16.695
1122.915 18.484
1123.239 15.872
1123.563 23.260
1123.887 28.849
1124.211 24.237
1124.535 26.425
1124.859 34.813
1125.183 32.001
1125.507 28.389
1125.831 34.778
1126.155 31.166
1126.479 14.954
1126.803 7.742
1127.127 10.330
1127.451 5.718
1127.775 1.505
1128.099 3.493
1128.423 3.881
1128.746 -1.331
1129.070 -2.143
1129.394 4.845
1129.718 9.032
1130.042 5.020
1130.366 4.608
1130.690 8.596
1131.014 10.183
1131.338 13.771
1131.662 18.558
1131.986 25.146
1132.310 22.934
1132.634 9.721
1132.958 4.709
1133.282 6.496
1133.606 3.484
1133.930 4.271
1134.254 9.658
1134.578 10.046
1134.902 8.833
1135.226 8.820
1135.549 8.208
1135.873 10.595
1136.197 7.982
1136.521 5.769
1136.845 5.757
1137.169 7.544
1137.493 4.931
1137.817 7.518
1138.141 8.305
1138.465 5.692
1138.789 2.879
1139.113 7.466
1139.437 11.253
1139.761 11.840
1140.085 11.627
1140.409 12.014
1140.733 5.001
1141.057 -0.612
1141.381 -2.426
1141.705 -3.639
1142.028 -3.652
1142.352 4.735
1142.676 8.121
1143.000 4.308
1143.324 2.295
1143.648 1.681
1143.972 2.068
1144.296 3.855
1144.620 10.041
1144.944 13.428
1145.268 13.214
1145.592 5.601
1145.916 -1.013
1146.240 -3.626
1146.564 0.160
1146.888 3.146
1147.212 4.133
1147.536 6.119
1147.860 9.305
1148.184 3.892
1148.507 0.478
1148.831 2.664
1149.155 7.050
1149.479 8.637
1149.803 13.823
1150.127 16.209
1150.451 11.795
1150.775 10.381
1151.099 8.967
1151.423 10.353
1151.747 13.139
1152.071 25.925
1152.395 30.911
1152.719 27.097
1153.043 24.483
1153.367 24.469
1153.691 18.055
1154.015 12.441
1154.339 16.826
1154.663 18.412
1154.987 16.998
1155.310 15.584
1155.634 16.970
1155.958 16.955
1156.282 14.541
1156.606 14.127
1156.930 10.712
1157.254 12.098
1157.578 8.683
1157.902 4.069
1158.226 3.855
1158.550 3.240
1158.874 -5.174
1159.198 -4.189
1159.522 -1.403
1159.846 -3.218
1160.170 0.968
1160.494 3.553
1160.818 3.738
1161.142 13.324
1161.466 15.109
1161.790 11.694
1162.113 12.080
1162.437 9.865
1162.761 4.850
1163.085 4.635
1163.409 9.421
1163.733 17.406
1164.057 24.991
1164.381 22.976
1164.705 21.761
1165.029 17.346
1165.353 5.732
1165.677 -1.083
1166.001 1.902
1166.325 10.087
1166.649 19.072
1166.973 26.457
1167.297 25.442
1167.621 23.227
1167.945 13.612
1168.269 6.397
1168.592 8.982
1168.916 10.767
1169.240 7.751
1169.564 9.936
1169.888 4.721
1170.212 -5.094
1170.536 -5.709
1170.860 -2.524
1171.184 -0.140
1171.508 8.845
1171.832 19.230
1172.156 21.815
1172.480 17.799
1172.804 10.584
1173.128 6.769
1173.452 1.753
1173.776 -0.262
1174.100 0.323
1174.424 8.307
1174.748 12.292
1175.072 12.677
1175.395 19.061
1175.719 22.246
1176.043 21.630
1176.367 20.215
1176.691 22.400
1177.015 13.784
1177.339 12.369
1177.663 8.353
1177.987 5.338
1178.311 9.522
1178.635 18.707
1178.959 18.891
1179.283 16.076
1179.607 12.660
1179.931 3.645
1180.255 -0.371
1180.579 3.613
1180.903 10.798
1181.227 19.982
1181.551 25.567
1181.874 24.551
1182.198 22.735
1182.522 16.520
1182.846 10.704
1183.170 1.888
1183.494 -3.527
1183.818 -2.943
1184.142 5.442
1184.466 11.026
1184.790 20.810
1185.114 26.194
1185.438 20.979
1185.762 11.563
1186.086 -3.453
1186.410 -15.068
1186.734 -21.484
1187.058 -18.900
1187.382 -16.915
1187.706 -4.331
1188.030 7.653
1188.353 14.838
1188.677 13.822
1189.001 14.206
1189.325 13.390
1189.649 17.575
1189.973 22.559
1190.297 25.543
1190.621 28.127
1190.945 25.712
1191.269 18.096
1191.593 9.680
1191.917 6.865
1192.241 6.049
1192.565 5.433
1192.889 7.218
1193.213 13.402
1193.537 16.786
1193.861 19.170
1194.185 26.955
1194.509 23.939
1194.833 22.323
1195.156 21.108
1195.480 12.092
1195.804 -0.124
1196.128 2.061
1196.452 3.445
1196.776 6.429
1197.100 20.614
1197.424 26.598
1197.748 24.582
1198.072 23.167
1198.396 20.551
1198.720 14.936
1199.044 16.720
1199.368 18.504
1199.692 15.489
1200.016 12.873
1200.340 11.258
1200.664 10.642
1200.988 6.227
1201.312 0.411
1201.635 -4.004
1201.959 -5.020
1202.283 -7.235
1202.607 -5.051
1202.931 5.934
1203.255 16.519
1203.579 19.303
1203.903 18.688
1204.227 15.872
1204.551 9.657
1204.875 6.042
1205.199 4.026
1205.523 4.411
1205.847 6.996
1206.171 4.381
1206.495 0.965
1206.819 5.750
1207.143 9.535
1207.467 5.520
1207.791 7.105
1208.115 7.289
1208.438 2.274
1208.762 -0.341
1209.086 4.244
1209.410 11.629
1209.734 18.214
1210.058 24.599
1210.382 29.984
1210.706 29.969
1211.030 24.954
1211.354 14.739
1211.678 2.125
1212.002 -2.090
1212.326 8.695
1212.650 11.280
1212.974 16.866
1213.298 24.451
1213.622 22.436
1213.946 9.421
1214.270 5.207
1214.594 2.592
1214.917 -2.222
1215.241 -2.037
1215.565 -0.251
1215.889 4.734
1216.213 12.720
1216.537 15.306
1216.861 13.891
1217.185 15.277
1217.509 14.263
1217.833 8.248
1218.157 6.034
1218.481 7.420
1218.805 9.206
1219.129 8.192
1219.453 11.978
1219.777 19.364
1220.101 22.150
1220.425 17.536
1220.749 16.922
1221.073 13.308
1221.397 7.494
1221.720 3.281
1222.044 3.267
1222.368 8.253
1222.692 12.640
1223.016 14.826
1223.340 13.613
1223.664 12.999
1223.988 5.986
1224.312 4.172
1224.636 5.359
1224.960 7.546
1225.284 7.133
1225.608 7.120
1225.932 4.106
1226.256 5.693
1226.580 7.480
1226.904 10.267
1227.228 10.254
1227.552 7.842
1227.876 0.429
1228.199 6.016
1228.523 12.003
1228.847 12.791
1229.171 17.378
1229.495 22.366
1229.819 15.753
1230.143 16.741
1230.467 17.928
1230.791 11.516
1231.115 13.704
1231.439 17.292
1231.763 11.386
1232.087 12.213
