181.241 -4.100
181.495 -13.100
181.749 -17.900
182.003 -22.900
182.257 -34.300
182.511 -37.700
182.765 -30.700
183.019 -21.500
183.273 -12.500
183.528 -2.700
183.782 -3.500
184.036 -6.100
184.290 -8.100
184.544 -18.100
184.798 -27.300
185.052 -21.700
185.306 -18.700
185.560 -19.700
185.814 -18.100
186.068 -9.301
186.322 -8.301
186.576 -9.701
186.830 -7.101
187.084 -2.901
187.339 -1.701
187.593 1.899
187.847 -0.101
188.101 -5.501
188.355 -6.101
188.609 -4.701
188.863 -9.301
189.117 -9.701
189.371 -5.701
189.625 -7.101
189.879 -11.701
190.133 -8.701
190.387 -3.101
190.641 -7.101
190.895 -7.102
191.150 -0.502
191.404 -6.702
191.658 -18.102
191.912 -19.302
192.166 -18.102
192.420 -26.302
192.674 -20.902
192.928 -9.902
193.182 -7.502
193.436 -7.502
193.690 -8.902
193.944 -19.902
194.198 -23.302
194.452 -23.102
194.706 -26.302
194.961 -22.102
195.215 -15.102
195.469 -19.302
195.723 -19.503
195.977 -18.103
196.231 -18.103
196.485 -16.303
196.739 -10.703
196.993 -1.303
197.247 10.097
197.501 17.497
197.755 21.097
198.009 22.497
198.263 14.897
198.517 5.897
198.772 -1.703
199.026 -8.303
199.280 -15.703
199.534 -18.303
199.788 -16.703
200.042 -13.903
200.296 -10.904
200.550 -6.904
200.804 -6.504
201.058 -9.104
201.312 -11.304
201.566 -10.504
201.820 -9.304
202.074 -6.104
202.328 -5.904
202.583 -9.504
202.837 -11.504
203.091 -13.504
203.345 -19.704
203.599 -21.304
203.853 -17.704
204.107 -14.904
204.361 -14.704
204.615 -11.104
204.869 -6.105
205.123 -5.705
205.377 -4.705
205.631 -3.505
205.885 -7.105
206.139 -13.305
206.394 -19.105
206.648 -23.905
206.902 -27.305
207.156 -27.305
207.410 -24.105
207.664 -18.305
207.918 -17.705
208.172 -19.105
208.426 -21.105
208.680 -28.505
208.934 -33.705
209.188 -32.905
209.442 -23.706
209.696 -9.106
209.950 1.494
210.205 4.294
210.459 2.694
210.713 -7.106
210.967 -19.506
211.221 -24.906
211.475 -29.306
211.729 -32.706
211.983 -32.306
212.237 -34.306
212.491 -37.706
212.745 -34.706
212.999 -30.706
213.253 -28.906
213.507 -22.306
213.761 -21.706
214.016 -14.107
214.270 -5.507
214.524 -2.907
214.778 -8.907
215.032 -9.707
215.286 -17.507
215.540 -27.707
215.794 -28.507
216.048 -25.707
216.302 -23.507
216.556 -24.907
216.810 -19.307
217.064 -9.707
217.318 -6.307
217.572 -8.507
217.827 -7.507
218.081 -14.707
218.335 -26.708
218.589 -26.508
218.843 -22.908
219.097 -19.108
219.351 -11.508
219.605 -8.508
219.859 -7.908
220.113 -4.508
220.367 -7.508
220.621 -13.308
220.875 -15.908
221.129 -25.108
221.383 -24.908
221.638 -14.308
221.892 -7.708
222.146 -3.908
222.400 6.092
222.654 7.891
222.908 -6.509
223.162 -17.109
223.416 -20.909
223.670 -21.709
223.924 -23.309
224.178 -17.109
224.432 -3.909
224.686 5.091
224.940 9.691
225.195 7.691
225.449 5.691
225.703 -1.909
225.957 -3.709
226.211 -7.509
226.465 -8.509
226.719 -8.309
226.973 -5.310
227.227 -7.110
227.481 -5.310
227.735 -2.310
227.989 -4.310
228.243 -9.710
228.497 -8.710
228.751 -7.510
229.006 -11.310
229.260 -8.310
229.514 -6.510
229.768 -17.510
230.022 -27.110
230.276 -25.510
230.530 -30.310
230.784 -27.710
231.038 -19.511
231.292 -18.511
231.546 -20.311
231.800 -13.711
232.054 -14.911
232.308 -15.111
232.562 -9.711
232.817 -2.711
233.071 -4.511
233.325 -3.311
233.579 -2.111
233.833 -3.911
234.087 -4.711
234.341 -6.111
234.595 -15.511
234.849 -21.711
235.103 -23.511
235.357 -32.912
235.611 -32.712
235.865 -19.912
236.119 -12.712
236.373 -12.312
236.628 -6.512
236.882 -3.112
237.136 -1.112
237.390 -0.912
237.644 -0.712
237.898 -0.512
238.152 -5.912
238.406 -16.912
238.660 -20.312
238.914 -19.512
239.168 -20.512
239.422 -17.513
239.676 -10.913
239.930 -1.513
240.184 -0.113
240.439 -4.713
240.693 -5.713
240.947 -4.913
241.201 -13.113
241.455 -11.513
241.709 -6.313
241.963 -6.113
242.217 -11.913
242.471 -18.513
242.725 -25.313
242.979 -23.513
243.233 -22.313
243.487 -14.314
243.741 -7.114
243.995 -5.114
244.250 -9.714
244.504 -7.714
244.758 -5.914
245.012 -3.514
245.266 -5.914
245.520 -9.114
245.774 -11.714
246.028 -15.914
246.282 -15.914
246.536 -13.514
246.790 -10.114
247.044 -8.914
247.298 -17.314
247.552 -24.915
247.806 -23.515
248.061 -26.915
248.315 -32.315
248.569 -26.315
248.823 -23.315
249.077 -26.115
249.331 -25.315
249.585 -25.515
249.839 -25.115
250.093 -21.115
250.347 -17.115
250.601 -9.115
250.855 -5.115
251.109 -7.715
251.363 -7.716
251.617 -5.316
251.872 -3.716
252.126 3.684
252.380 7.684
252.634 7.884
252.888 1.084
253.142 -7.716
253.396 -14.116
253.650 -14.716
253.904 -12.916
254.159 -8.316
254.413 -4.316
254.667 -1.916
254.922 -0.916
255.176 -2.516
255.431 -4.117
255.685 -3.317
255.939 -5.917
256.194 -8.317
256.448 -5.717
256.702 -1.717
256.957 -0.117
257.211 6.683
257.465 12.283
257.720 6.483
257.974 3.283
258.228 1.283
258.483 -4.317
258.737 -10.717
258.992 -14.517
259.246 -16.518
259.500 -17.118
259.755 -24.118
260.009 -24.918
260.263 -15.918
260.518 -12.718
260.772 -11.318
261.026 2.082
261.281 13.882
261.535 14.082
261.789 16.082
262.044 18.882
262.298 10.282
262.553 -6.118
262.807 -12.518
263.061 -13.919
263.316 -16.519
263.570 -11.719
263.824 -2.719
264.079 -2.119
264.333 -2.919
264.587 -6.719
264.842 -12.519
265.096 -21.919
265.351 -25.519
265.605 -30.319
265.859 -29.519
266.114 -20.519
266.368 -10.519
266.622 -9.920
266.877 -5.320
267.131 -3.920
267.385 -14.520
267.640 -19.120
267.894 -14.920
268.148 -17.520
268.403 -15.120
268.657 -9.320
268.912 -10.520
269.166 -10.920
269.420 -7.520
269.675 -12.120
269.929 -15.320
270.183 -9.720
270.438 -9.521
270.692 -13.321
270.946 -12.321
271.201 -16.721
271.455 -19.321
271.709 -17.721
271.964 -15.921
272.218 -13.121
272.473 -9.921
272.727 -12.121
272.981 -14.721
273.236 -14.121
273.490 -13.521
273.744 -9.521
273.999 -8.322
274.253 -9.722
274.507 -8.722
274.762 -10.722
275.016 -13.722
275.271 -8.122
275.525 -0.522
275.779 -3.922
276.034 -6.522
276.288 -10.722
276.542 -17.522
276.797 -21.322
277.051 -19.522
277.305 -17.722
277.560 -6.722
277.814 -0.523
278.068 -2.123
278.323 -4.723
278.577 -3.723
278.832 -9.723
279.086 -9.323
279.340 -1.123
279.595 5.077
279.849 7.277
280.103 7.477
280.358 4.277
280.612 -2.123
280.866 -7.923
281.121 -17.723
281.375 -15.324
281.629 -15.524
281.884 -17.324
282.138 -13.924
282.393 -6.924
282.647 -9.124
282.901 -7.124
283.156 -6.524
283.410 -9.724
283.664 -13.324
283.919 -16.324
284.173 -24.524
284.427 -28.124
284.682 -32.324
284.936 -33.125
285.191 -30.125
285.445 -23.725
285.699 -24.325
285.954 -19.925
286.208 -12.725
286.462 -9.525
286.717 -10.325
286.971 -11.125
287.225 -8.125
287.480 -0.125
287.734 6.275
287.988 9.475
288.243 10.474
288.497 4.474
288.752 -9.526
289.006 -19.126
289.260 -23.726
289.515 -23.126
289.769 -14.126
290.023 -4.526
290.278 -3.926
290.532 -0.726
290.786 2.074
291.041 -2.726
291.295 -9.126
291.549 -11.526
291.804 -13.927
292.058 -13.327
292.313 -9.127
292.567 -6.727
292.821 -5.327
293.076 -5.727
293.330 -4.927
293.584 -4.127
293.839 -5.127
294.093 -5.527
294.347 -6.927
294.602 -7.727
294.856 -11.527
295.111 -10.128
295.365 -8.528
295.619 -5.528
295.874 -7.928
296.128 -11.128
296.382 -12.928
296.637 -8.328
296.891 -6.928
297.145 -4.928
297.400 -0.328
297.654 -0.928
297.908 -5.128
298.163 -8.528
298.417 -11.528
298.672 -20.529
298.926 -27.329
299.180 -27.729
299.435 -21.929
299.689 -14.329
299.943 -4.329
300.198 3.471
300.452 4.871
300.706 4.271
300.961 3.671
301.215 -1.929
301.469 -4.329
301.724 -6.329
301.978 -13.930
302.233 -20.130
302.487 -18.530
302.741 -19.730
302.996 -13.130
303.250 -2.930
303.504 -1.930
303.759 -2.530
304.013 -4.330
304.267 -15.530
304.522 -24.130
304.776 -21.930
305.031 -17.130
305.285 -13.131
305.539 -4.731
305.794 -2.331
306.048 -6.731
306.302 -10.931
306.557 -14.131
306.811 -16.131
307.065 -12.731
307.320 -5.331
307.574 0.469
307.828 8.469
308.083 8.269
308.337 3.068
308.592 -3.132
308.846 -7.132
309.100 -11.732
309.355 -12.532
309.609 -15.532
309.863 -19.532
310.118 -20.532
310.372 -15.732
310.626 -12.932
310.881 -7.532
311.135 6.068
311.389 11.868
311.644 10.667
311.898 12.267
312.153 22.067
312.407 22.267
312.661 14.067
312.916 4.667
313.170 0.267
313.429 -15.333
313.688 -25.333
313.947 -27.333
314.206 -30.333
314.465 -35.733
314.724 -31.533
314.983 -25.734
315.242 -19.134
315.501 -12.734
315.760 -8.334
316.019 0.466
316.278 5.866
316.536 8.066
316.795 14.666
317.054 17.266
317.313 8.866
317.572 2.066
317.831 2.066
318.090 0.065
318.349 -3.735
318.608 -2.135
318.867 -4.335
319.126 -11.935
319.385 -17.735
319.644 -13.135
319.903 -13.735
320.162 -13.735
320.421 -13.735
320.680 -15.735
320.939 -24.735
321.198 -31.536
321.457 -33.136
321.716 -27.936
321.975 -20.536
322.234 -6.336
322.493 5.864
322.752 11.264
323.010 12.664
323.269 7.864
323.528 -0.336
323.787 -11.336
324.046 -20.936
324.305 -20.737
324.564 -15.137
324.823 -15.537
325.082 -11.137
325.341 -3.737
325.600 -4.737
325.859 -10.937
326.118 -11.137
326.377 -10.337
326.636 -11.337
326.895 -14.737
327.154 -13.537
327.413 -14.138
327.672 -10.338
327.931 -8.538
328.190 -10.138
328.449 -10.138
328.708 -8.338
328.967 -12.538
329.226 -14.738
329.485 -7.938
329.743 -1.138
330.002 -5.338
330.261 -7.338
330.520 -3.339
330.779 -6.539
331.038 -6.739
331.297 0.061
331.556 9.061
331.815 15.261
332.074 20.661
332.333 15.661
332.592 14.661
332.851 12.261
333.110 5.261
333.369 -1.739
333.628 -3.740
333.887 -8.340
334.146 -13.540
334.405 -12.940
334.664 -7.740
334.923 0.460
335.182 9.860
335.441 12.860
335.700 6.860
335.959 -0.540
336.217 -5.740
336.476 -7.541
336.735 -8.541
336.994 -8.941
337.253 -8.541
337.512 -7.741
337.771 -12.741
338.030 -16.341
338.289 -16.541
338.548 -15.341
338.807 -16.741
339.066 -16.741
339.325 -8.941
339.584 0.458
339.843 3.458
340.102 3.258
340.361 5.458
340.620 2.658
340.879 -1.942
341.138 -1.742
341.397 2.058
341.656 4.658
341.915 3.058
342.174 -0.342
342.433 -2.343
342.691 -8.743
342.950 -9.743
343.209 -12.543
343.468 -12.743
343.727 -10.343
343.986 -8.943
344.245 -9.143
344.504 -2.143
344.763 2.857
345.022 0.657
345.281 0.657
345.540 -10.544
345.799 -22.744
346.058 -24.144
346.317 -27.544
346.576 -31.144
346.835 -23.944
347.094 -19.344
347.353 -24.544
347.612 -16.944
347.871 -11.544
348.130 -17.744
348.389 -20.545
348.648 -19.945
348.907 -30.345
349.166 -34.945
349.424 -30.745
349.683 -19.945
349.942 -9.945
350.201 -0.945
350.460 3.055
350.719 4.855
350.978 2.055
351.237 -3.146
351.496 -4.746
351.755 -1.546
352.014 -1.946
352.273 -5.146
352.532 -4.546
352.791 -5.346
353.050 -11.546
353.309 -17.546
353.568 -19.746
353.827 -25.346
354.086 -29.747
354.345 -27.147
354.604 -20.947
354.863 -18.947
355.122 -15.147
355.381 -13.347
355.640 -11.547
355.898 -7.747
356.157 -9.147
356.416 -8.147
356.675 -5.548
356.934 -11.748
357.193 -17.748
357.452 -14.748
357.711 -16.148
357.970 -16.748
358.229 -12.948
358.488 -6.948
358.747 -5.948
359.006 -2.748
359.265 4.052
359.524 10.451
359.783 4.651
360.042 -2.949
360.301 -10.149
360.560 -20.349
360.819 -29.949
361.078 -32.149
361.337 -35.549
361.596 -39.149
361.855 -31.349
362.114 -22.349
362.372 -23.950
362.631 -20.750
362.890 -10.350
363.149 -3.150
363.408 -0.950
363.667 2.450
363.926 16.450
364.185 22.250
364.444 13.850
364.703 3.250
364.962 2.449
365.221 -1.951
365.480 -8.751
365.741 -14.751
366.002 -11.551
366.264 -1.351
366.525 -0.151
366.786 3.649
367.047 6.849
367.308 7.849
367.570 -0.552
367.831 -6.952
368.092 -16.152
368.353 -19.752
368.614 -23.952
368.876 -26.152
369.137 -21.952
369.398 -18.952
369.659 -16.952
369.920 -12.752
370.182 -7.352
370.443 -12.753
370.704 -14.753
370.965 -15.753
371.226 -15.953
371.488 -18.353
371.749 -16.153
372.010 -4.953
372.271 3.447
372.532 5.847
372.794 6.447
373.055 7.046
373.316 -2.154
373.577 -10.154
373.838 -18.554
374.100 -22.554
374.361 -26.954
374.622 -26.754
374.883 -23.954
375.144 -17.154
375.406 -12.154
375.667 -9.955
375.928 -14.755
376.189 -24.755
376.450 -30.955
376.712 -28.955
376.973 -27.955
377.234 -24.755
377.495 -17.955
377.756 -16.155
378.018 -22.555
378.279 -28.156
378.540 -29.156
378.801 -25.356
379.062 -21.756
379.324 -14.556
379.585 -7.956
379.846 -4.756
380.107 -7.556
380.368 -18.356
380.630 -32.556
380.891 -33.357
381.152 -31.957
381.413 -33.157
381.674 -25.957
381.936 -18.957
382.197 -21.157
382.458 -27.357
382.719 -26.757
382.980 -24.157
383.242 -23.958
383.503 -27.758
383.764 -22.758
384.025 -18.158
384.286 -19.558
384.548 -18.358
384.809 -13.558
385.070 -15.758
385.331 -24.158
385.592 -25.558
385.854 -19.559
386.115 -13.559
386.376 -5.959
386.637 1.641
386.898 8.041
387.160 12.041
387.421 13.641
387.682 4.241
387.943 -0.959
388.204 3.041
388.466 0.640
388.727 -4.560
388.988 4.240
389.249 13.040
389.510 8.640
389.772 4.240
390.033 -0.760
390.294 -9.160
390.555 -18.560
390.816 -26.361
391.078 -29.961
391.339 -22.961
391.600 -12.361
391.861 -6.361
392.122 1.639
392.384 10.439
392.645 16.239
392.906 7.439
393.167 6.639
393.428 9.238
393.690 7.238
393.951 5.038
394.212 8.238
394.473 5.038
394.734 -0.762
394.996 -1.562
395.257 -3.162
395.518 -3.962
395.779 -0.563
396.040 -0.963
396.302 -1.963
396.563 -2.563
396.824 -7.563
397.085 -12.563
397.346 -15.563
397.608 -19.563
397.869 -21.163
398.130 -20.764
398.391 -19.564
398.652 -15.564
398.914 -9.564
399.175 -8.964
399.436 -8.364
399.697 -4.564
399.958 -3.764
400.220 -10.564
400.481 -17.965
400.742 -16.365
401.003 -22.565
401.264 -31.765
401.526 -29.965
401.787 -23.765
402.048 -23.565
402.309 -19.365
402.570 -13.565
402.832 -15.366
403.093 -20.566
403.354 -21.766
403.615 -19.166
403.876 -13.566
404.138 -10.166
404.399 -3.366
404.660 -3.966
404.931 -9.566
405.202 -10.567
405.473 -6.167
405.745 -6.967
406.016 -6.167
406.287 -9.567
406.558 -15.567
406.829 -19.767
407.100 -18.567
407.371 -9.767
407.642 0.832
407.914 10.232
408.185 10.032
408.456 -0.168
408.727 -10.768
408.998 -10.568
409.269 -14.568
409.540 -15.968
409.811 -7.568
410.083 -3.169
410.354 -6.769
410.625 -14.769
410.896 -17.369
411.167 -16.969
411.438 -16.169
411.709 -14.969
411.981 -2.169
412.252 7.431
412.523 7.030
412.794 2.230
413.065 1.230
413.336 -4.970
413.607 -12.770
413.878 -15.370
414.150 -10.170
414.421 -9.970
414.692 -12.570
414.963 -16.571
415.234 -21.171
415.505 -20.971
415.776 -17.171
416.047 -20.971
416.319 -24.371
416.590 -20.771
416.861 -23.371
417.132 -28.372
417.403 -20.572
417.674 -6.372
417.945 -4.372
418.217 -4.772
418.488 -2.572
418.759 0.028
419.030 -2.372
419.301 -2.772
419.572 -0.173
419.843 -0.773
420.114 -7.773
420.386 -11.773
420.657 -8.373
420.928 -9.773
421.199 -12.973
421.470 -12.173
421.741 -15.174
422.012 -15.574
422.283 -12.574
422.555 -6.974
422.826 -4.574
423.097 1.426
423.368 1.426
423.639 -0.974
423.910 -3.974
424.181 -4.775
424.453 -10.375
424.724 -11.575
424.995 -9.775
425.266 -10.175
425.537 -13.575
425.808 -16.775
426.079 -23.575
426.350 -29.376
426.622 -31.376
426.893 -23.976
427.164 -11.376
427.435 -3.376
427.706 2.624
427.977 7.624
428.248 7.824
428.519 9.823
428.791 10.223
429.062 8.623
429.333 6.823
429.604 2.623
429.875 -5.577
430.146 -11.377
430.417 -15.577
430.689 -16.978
430.960 -19.778
431.231 -22.578
431.502 -15.578
431.773 -12.378
432.044 -16.978
432.315 -18.378
432.586 -12.578
432.858 -9.778
433.129 -3.579
433.400 -0.779
433.671 0.221
433.942 -5.779
434.213 -16.179
434.484 -22.179
434.755 -18.179
435.027 -9.779
435.298 -0.180
435.569 9.420
435.840 10.420
436.114 6.020
436.388 2.020
436.663 -10.980
436.937 -25.380
437.211 -31.780
437.485 -34.581
437.759 -38.981
438.034 -35.381
438.308 -29.981
438.582 -29.381
438.856 -24.181
439.130 -23.581
439.405 -26.582
439.679 -24.582
439.953 -18.582
440.227 -15.582
440.501 -7.382
440.776 5.818
441.050 13.018
441.324 12.218
441.598 13.017
441.872 9.417
442.147 2.817
442.421 1.417
442.695 5.617
442.969 3.617
443.244 -1.783
443.518 -6.983
443.792 -12.984
444.066 -12.584
444.340 -13.784
444.615 -11.384
444.889 -8.584
445.163 -6.384
445.437 -11.784
445.711 -8.384
445.986 1.615
446.260 10.015
446.534 13.615
446.808 19.815
447.082 24.615
447.357 19.615
447.631 12.815
447.905 7.214
448.179 5.614
448.453 4.214
448.728 7.814
449.002 13.414
449.276 19.814
449.550 15.614
449.824 12.003
450.099 10.773
450.373 11.936
450.647 5.361
450.921 0.029
451.195 -7.300
451.470 -8.108
451.744 -3.781
452.018 2.738
452.292 13.802
452.566 23.474
452.841 22.871
453.115 21.251
453.389 26.330
453.663 24.938
453.937 23.742
454.212 26.473
454.486 25.279
454.760 21.347
455.034 25.845
455.308 31.110
455.583 32.663
455.857 31.475
456.131 32.839
456.405 29.699
456.680 26.770
456.954 26.782
457.228 31.483
457.502 36.164
457.776 42.424
458.051 45.957
458.325 52.428
458.599 56.338
458.873 52.858
459.147 54.054
459.422 64.855
459.696 70.769
459.970 74.173
460.244 79.497
460.518 83.083
460.793 79.616
461.067 75.145
461.341 73.434
461.615 81.756
461.889 90.108
462.164 91.771
462.438 91.263
462.712 92.129
462.986 87.079
463.260 86.028
463.535 88.502
463.809 92.751
464.083 101.967
464.357 111.210
464.631 111.323
464.906 119.587
465.180 132.385
465.454 138.509
465.728 146.010
466.002 154.286
466.277 156.466
466.551 156.716
466.825 161.932
467.099 168.127
467.373 167.307
467.648 163.948
467.922 170.054
468.196 173.352
468.470 173.229
468.744 185.846
469.019 195.414
469.293 198.194
469.567 199.283
469.841 200.087
470.116 202.759
470.390 217.596
470.664 229.729
470.938 243.576
471.212 253.497
471.487 252.037
471.761 246.080
472.035 248.194
472.309 256.505
472.583 270.884
472.858 290.618
473.132 313.555
473.406 328.280
473.680 329.894
473.954 331.578
474.229 334.270
474.503 338.138
474.777 347.157
475.051 364.824
475.325 372.111
475.600 378.245
475.874 384.469
476.148 392.462
476.422 395.446
476.696 404.806
476.971 411.410
477.245 420.552
477.519 430.856
477.793 442.658
478.067 461.043
478.342 480.461
478.616 491.294
478.890 498.897
479.164 510.423
479.438 516.307
479.713 526.526
479.987 543.592
480.261 560.397
480.535 571.413
480.809 591.863
481.084 608.680
481.358 616.190
481.632 624.628
481.906 637.422
482.180 646.840
482.455 669.143
482.729 695.703
483.003 717.829
483.277 734.061
483.551 749.509
483.826 761.432
484.100 767.918
484.374 774.675
484.648 799.364
484.923 822.714
485.197 845.826
485.471 877.021
485.745 908.121
486.019 924.975
486.294 944.124
486.568 958.230
486.842 969.243
487.116 980.074
487.390 995.929
487.665 1013.531
487.939 1031.724
488.213 1053.968
488.487 1083.397
488.761 1113.999
489.036 1142.161
489.310 1175.992
489.584 1210.636
489.858 1238.545
490.132 1267.971
490.407 1298.758
490.681 1329.398
490.955 1356.434
491.229 1387.813
491.503 1416.827
491.778 1449.104
492.052 1469.629
492.326 1490.473
492.600 1516.406
492.874 1539.535
493.149 1557.528
493.423 1591.677
493.697 1629.496
493.971 1662.495
494.245 1706.879
494.520 1752.464
494.794 1780.694
495.068 1807.467
495.342 1835.042
495.616 1856.563
495.891 1889.372
496.165 1933.589
496.439 1979.374
496.713 2024.863
496.987 2072.910
497.262 2107.589
497.536 2140.344
497.810 2171.476
498.084 2204.559
498.359 2245.616
498.633 2297.129
498.907 2348.303
499.181 2394.196
499.455 2441.094
499.730 2486.262
500.004 2515.453
500.278 2546.252
500.552 2594.623
500.826 2645.513
501.101 2689.855
501.375 2750.556
501.649 2809.155
501.923 2848.599
502.197 2889.105
502.472 2932.354
502.746 2972.305
503.020 3000.191
503.294 3044.305
503.568 3092.218
503.843 3137.570
504.117 3191.629
504.391 3264.912
504.665 3318.918
504.939 3360.106
505.214 3403.286
505.488 3449.112
505.762 3482.943
506.036 3532.742
506.310 3588.572
506.585 3638.430
506.859 3682.584
507.133 3728.905
507.407 3774.370
507.681 3814.713
507.956 3857.791
508.230 3891.231
508.504 3927.732
508.778 3967.685
509.052 4013.632
509.327 4060.998
509.601 4105.533
509.875 4145.347
510.149 4183.326
510.423 4224.418
510.698 4252.444
510.972 4283.905
511.246 4324.933
511.520 4364.364
511.795 4388.421
512.069 4424.286
512.343 4463.125
512.617 4500.224
512.891 4525.183
513.166 4556.949
513.440 4587.249
513.714 4620.300
513.988 4649.860
514.262 4688.461
514.537 4719.035
514.811 4743.203
515.085 4757.772
515.359 4771.438
515.633 4783.968
515.908 4800.176
516.182 4814.823
516.456 4828.332
516.730 4840.824
517.004 4850.045
517.279 4857.561
517.553 4868.055
517.827 4875.006
518.101 4884.422
518.375 4884.233
518.650 4879.809
518.924 4876.004
519.198 4872.857
519.472 4859.167
519.746 4859.828
520.021 4866.764
520.295 4854.094
520.569 4836.293
520.843 4814.201
521.117 4793.659
521.392 4782.492
521.666 4776.429
521.940 4775.449
522.214 4774.995
522.488 4763.996
522.763 4735.552
523.037 4699.902
523.311 4651.945
523.585 4610.917
523.859 4575.490
524.134 4543.376
524.408 4518.472
524.682 4504.194
524.956 4495.403
525.231 4468.486
525.505 4427.707
525.779 4395.578
526.053 4356.957
526.327 4302.749
526.602 4252.373
526.876 4225.070
527.150 4200.620
527.424 4173.510
527.698 4148.685
527.973 4128.523
528.247 4095.393
528.521 4050.533
528.795 3999.901
529.069 3946.185
529.344 3899.721
529.618 3858.685
529.892 3823.689
530.166 3798.617
530.440 3770.159
530.715 3736.392
530.989 3691.043
531.263 3643.236
531.537 3595.458
531.811 3550.247
532.086 3506.606
532.360 3463.322
532.634 3415.429
532.908 3367.362
533.182 3319.507
533.457 3270.098
533.731 3220.196
534.005 3177.152
534.279 3140.770
534.553 3102.557
534.828 3052.991
535.102 3019.731
535.376 2992.580
535.650 2950.949
535.924 2918.806
536.199 2886.818
536.473 2841.236
536.747 2793.570
537.021 2750.051
537.295 2712.948
537.570 2679.658
537.844 2647.971
538.118 2615.684
538.392 2591.346
538.666 2555.234
538.941 2523.993
539.215 2494.827
539.489 2449.851
539.763 2406.071
540.038 2377.630
540.312 2348.430
540.586 2307.158
540.860 2278.841
541.134 2243.593
541.409 2201.690
541.683 2159.887
541.957 2134.899
542.231 2106.550
542.505 2074.675
542.780 2039.102
543.054 2013.406
543.328 1983.191
543.602 1956.765
543.876 1937.065
544.151 1917.020
544.425 1885.296
544.699 1852.838
544.973 1827.303
545.247 1796.077
545.522 1765.092
545.796 1735.994
546.070 1718.005
546.351 1683.983
546.632 1660.581
546.912 1641.286
547.193 1620.481
547.474 1593.827
547.755 1573.160
548.036 1550.345
548.317 1522.803
548.597 1490.847
548.878 1458.526
549.159 1423.131
549.440 1388.982
549.721 1360.906
550.001 1342.627
550.282 1319.261
550.563 1304.456
550.844 1290.901
551.125 1269.527
551.406 1240.531
551.686 1216.429
551.967 1194.448
552.248 1167.639
552.529 1143.572
552.810 1125.555
553.090 1111.869
553.371 1098.020
553.652 1079.856
553.933 1064.621
554.214 1054.491
554.495 1034.937
554.775 1017.930
555.056 1002.478
555.337 984.861
555.618 962.536
555.899 939.445
556.179 909.867
556.460 890.305
556.741 873.096
557.022 862.349
557.303 859.778
557.584 852.068
557.864 841.390
558.145 828.697
558.426 803.234
558.707 776.813
558.988 763.469
559.268 751.843
559.549 740.969
559.830 737.616
560.111 734.122
560.392 716.847
560.673 698.307
560.953 683.172
561.234 670.154
561.515 652.198
561.796 644.029
562.077 638.882
562.357 635.243
562.638 630.465
562.919 625.643
563.200 613.095
563.481 587.884
563.762 560.160
564.042 537.952
564.323 520.165
564.604 507.018
564.885 506.717
565.166 506.021
565.446 496.166
565.727 488.002
566.008 482.729
566.289 468.201
566.570 455.266
566.851 451.754
567.131 450.624
567.412 448.572
567.693 443.333
567.974 436.841
568.255 425.496
568.535 404.327
568.816 382.341
569.097 368.421
569.378 364.245
569.659 363.126
569.940 365.369
570.220 357.340
570.501 350.994
570.782 342.226
571.063 332.606
571.344 321.922
571.624 320.021
571.905 322.874
572.186 313.657
572.467 309.830
572.748 306.885
573.029 299.164
573.309 287.288
573.590 281.245
573.871 269.377
574.152 259.134
574.433 255.222
574.713 249.997
574.994 244.831
575.275 238.452
575.556 236.685
575.837 234.372
576.118 230.592
576.398 231.651
576.679 231.994
576.960 231.070
577.245 233.026
577.531 229.754
577.816 220.752
578.102 212.921
578.387 207.330
578.672 194.538
578.958 188.829
579.243 186.641
579.529 177.855
579.814 163.986
580.099 156.316
580.385 152.062
580.670 151.506
580.956 157.338
581.241 163.248
581.526 168.505
581.812 163.553
582.097 159.405
582.382 159.206
582.668 160.467
582.953 158.481
583.239 161.181
583.524 155.545
583.809 143.106
584.095 132.541
584.380 130.210
584.666 133.360
584.951 136.815
585.236 136.694
585.522 131.417
585.807 122.742
586.093 116.886
586.378 112.861
586.663 114.653
586.949 122.263
587.234 124.763
587.520 121.225
587.805 114.527
588.090 109.227
588.376 111.250
588.661 115.075
588.947 111.745
589.232 110.953
589.517 108.613
589.803 94.865
590.088 83.632
590.374 81.280
590.659 83.772
590.944 84.704
591.230 85.476
591.515 85.669
591.800 86.425
592.086 84.652
592.371 81.934
592.657 83.253
592.942 85.345
593.227 80.512
593.513 78.584
593.798 78.747
594.084 75.840
594.369 73.333
594.654 77.941
594.940 72.546
595.225 67.358
595.511 64.660
595.796 62.694
596.081 55.947
596.367 52.656
596.652 54.547
596.938 56.447
597.223 55.497
597.508 56.064
597.794 62.025
598.079 66.284
598.365 67.231
598.650 63.365
598.935 64.144
599.221 70.105
599.506 72.415
599.792 67.044
600.077 69.744
600.362 68.224
600.648 58.618
600.933 51.110
601.218 48.424
601.504 44.584
601.789 41.116
602.075 40.355
602.360 37.082
602.645 40.364
602.931 51.913
603.216 60.983
603.502 64.066
603.787 68.143
604.072 67.196
604.358 58.766
604.643 57.622
604.929 53.978
605.214 51.284
605.499 54.577
605.785 51.298
606.070 43.014
606.356 45.362
606.641 51.204
606.926 51.820
607.212 56.107
607.497 60.017
607.783 61.032
608.068 59.729
608.353 60.167
608.639 65.842
608.924 66.650
609.210 65.136
609.495 65.190
609.780 62.116
610.066 60.635
610.351 66.155
610.636 65.207
610.922 65.444
611.207 69.797
611.493 62.792
611.778 61.479
612.063 73.676
612.349 78.845
612.634 83.035
612.920 91.901
613.205 93.521
613.490 89.272
613.776 89.724
614.061 90.943
614.347 92.967
614.632 93.986
614.917 89.703
615.203 83.445
615.488 75.020
615.774 65.204
616.059 58.554
616.344 60.395
616.630 61.642
616.915 62.669
617.201 70.667
617.486 83.424
617.771 89.666
618.057 93.300
618.342 101.333
618.627 104.579
618.913 100.257
619.198 101.453
619.484 104.709
619.769 103.549
620.054 99.191
620.340 97.246
620.625 89.343
620.911 83.975
621.196 83.250
621.481 89.316
621.767 92.802
622.052 99.078
622.338 101.740
622.623 102.381
622.908 99.852
623.194 96.872
623.479 94.315
623.765 93.180
624.050 86.780
624.335 85.811
624.621 86.268
624.906 82.482
625.192 76.843
625.477 79.716
625.762 77.563
626.048 75.592
626.333 73.798
626.619 72.011
626.904 67.806
627.189 60.346
627.475 55.732
627.760 59.667
628.045 66.085
628.331 68.377
628.616 69.017
628.902 63.746
629.187 54.801
629.472 45.999
629.758 34.561
630.043 35.514
630.329 40.917
630.614 44.047
630.899 41.114
631.185 46.083
631.470 47.094
631.756 43.112
632.041 37.168
632.326 38.844
632.612 40.244
632.897 43.306
633.183 49.736
633.468 51.357
633.753 42.538
634.039 30.288
634.324 19.455
634.610 11.917
634.895 8.365
635.180 9.537
635.466 17.286
635.751 20.559
636.037 20.790
636.322 19.060
636.607 23.319
636.893 25.818
637.178 16.891
637.463 8.749
637.749 3.805
638.034 -3.339
638.320 -9.233
638.605 -5.233
638.890 -5.946
639.176 -4.291
639.461 -0.471
639.747 -2.461
640.032 -11.127
640.317 -12.199
640.603 -7.864
640.888 -8.226
641.174 -7.864
641.459 -0.469
641.744 1.692
642.030 0.973
642.315 2.782
642.601 1.510
642.886 0.065
643.171 -0.122
643.457 -1.566
643.742 -2.468
644.028 -2.112
644.313 -1.385
644.598 -2.123
644.884 -3.583
645.169 -13.452
645.455 -15.116
645.740 -11.076
646.025 -10.355
646.311 -12.939
646.596 -11.725
646.881 -10.457
647.167 -13.380
647.452 -14.871
647.738 -14.717
648.023 -10.319
648.308 -10.519
648.594 -12.744
648.879 -16.862
649.165 -16.696
649.450 -13.355
649.735 -14.303
650.021 -12.434
650.306 -8.539
650.592 -14.383
650.877 -23.228
651.162 -26.077
651.448 -29.840
651.733 -29.294
652.019 -24.441
652.304 -13.896
652.589 -8.060
652.875 -5.800
653.160 -3.722
653.446 0.816
653.731 -2.034
654.016 0.632
654.302 -1.090
654.587 -7.592
654.873 -7.975
655.158 -5.300
655.443 -9.312
655.729 -5.864
656.014 -2.638
656.299 -7.264
656.585 -13.236
656.870 -19.616
657.156 -29.070
657.441 -27.347
657.726 -20.205
658.012 -12.861
658.297 -1.649
658.583 4.905
658.868 3.143
659.153 -0.548
659.439 -5.604
659.724 -14.957
660.010 -14.571
660.295 -8.531
660.580 -6.776
660.866 -4.437
661.151 -1.325
661.437 -5.841
661.722 -15.643
662.007 -19.571
662.293 -21.540
662.578 -18.599
662.864 -11.929
663.149 -3.091
663.434 -4.491
663.720 -8.254
664.005 -4.500
664.290 -4.691
664.576 -9.440
664.861 -3.910
665.147 1.225
665.432 -0.942
665.717 1.643
666.003 6.802
666.288 3.423
666.574 1.030
666.859 -2.751
667.144 -10.510
667.430 -20.865
667.715 -23.072
668.001 -16.691
668.286 -11.104
668.571 -8.321
668.857 -3.155
669.142 1.434
669.428 -4.960
669.713 -12.961
669.998 -17.774
670.284 -23.793
670.569 -28.208
670.855 -24.406
671.140 -21.206
671.425 -14.593
671.711 -3.164
671.996 1.047
672.282 -1.567
672.567 -1.773
672.852 -4.592
673.138 -11.037
673.423 -16.276
673.708 -16.885
673.994 -14.066
674.279 -11.448
674.565 -12.068
674.850 -9.460
675.135 -10.273
675.421 -11.079
675.706 -17.551
675.992 -19.978
676.277 -18.973
676.562 -18.575
676.848 -19.789
677.133 -18.981
677.419 -13.527
677.704 -11.707
677.989 -14.762
678.275 -20.443
678.560 -17.014
678.846 -20.666
679.131 -28.991
679.416 -26.762
679.702 -19.864
679.987 -16.207
680.273 -17.038
680.558 -14.825
680.843 -10.556
681.129 -17.881
681.414 -27.248
681.700 -23.996
681.985 -19.111
682.270 -18.702
682.556 -7.503
682.841 5.124
683.126 11.641
683.412 9.805
683.697 4.911
683.983 0.629
684.268 -5.075
684.553 -3.022
684.839 -0.169
685.124 0.035
685.410 0.035
685.695 -0.576
685.980 -9.762
686.266 -11.596
686.551 -13.635
686.837 -21.383
687.122 -29.948
687.407 -36.665
687.693 -36.052
687.978 -27.495
688.264 -18.934
688.549 -13.221
688.834 -8.932
689.120 -8.930
689.405 -15.840
689.691 -20.712
689.976 -17.652
690.261 -15.818
690.547 -19.673
690.832 -17.841
691.118 -15.811
691.403 -21.079
691.688 -20.455
691.974 -17.601
692.259 -19.821
692.544 -21.633
692.830 -15.755
693.115 -11.104
693.401 -9.484
693.686 -13.696
693.971 -16.914
694.257 -16.712
694.542 -16.715
694.828 -14.093
695.113 -9.672
695.398 -7.243
695.684 -11.669
695.969 -20.122
696.255 -30.770
696.540 -32.556
696.834 -29.334
697.127 -23.500
697.421 -23.478
697.715 -15.846
698.008 -12.029
698.302 -10.223
698.596 -8.222
698.889 6.808
699.183 10.817
699.477 9.228
699.771 7.627
700.064 0.026
700.358 -8.181
700.652 -8.788
700.945 -9.188
701.239 -10.185
701.533 -6.388
701.826 -5.788
702.120 -10.777
702.414 -13.355
702.707 -16.930
703.001 -20.914
703.295 -24.890
703.588 -30.637
703.882 -30.022
704.176 -29.806
704.469 -26.414
704.763 -22.240
705.057 -11.124
705.351 -3.385
705.644 1.377
705.938 0.588
706.232 -0.601
706.525 -7.334
706.819 -14.264
707.113 -12.484
707.406 -8.527
707.700 -7.537
707.994 -4.168
708.287 -0.993
708.581 1.577
708.875 -0.203
709.168 0.192
709.462 5.518
709.756 8.478
710.049 6.499
710.343 4.526
710.637 6.496
710.931 2.550
711.224 -3.362
711.518 -12.814
711.812 -18.716
712.105 -27.189
712.399 -26.403
712.693 -21.280
712.986 -13.406
713.280 -3.369
713.574 3.526
713.867 5.300
714.161 5.693
714.455 7.266
714.748 6.874
715.042 2.149
715.336 -4.744
715.629 -10.069
715.923 -15.390
716.217 -14.603
716.511 -7.117
716.804 -1.405
717.098 -0.222
717.392 -2.003
717.685 -12.666
717.979 -24.517
718.273 -28.467
718.566 -23.532
718.860 -16.817
719.154 -9.509
719.447 -3.392
719.741 -4.003
720.035 -8.958
720.328 -17.671
720.622 -21.645
720.916 -18.270
721.209 -20.656
721.503 -23.060
721.797 -16.132
722.091 -13.759
722.384 -17.548
722.678 -14.775
722.972 -13.189
723.265 -12.194
723.559 -9.203
723.853 -5.210
724.146 -5.013
724.440 -8.432
724.734 -17.832
725.027 -20.429
725.321 -18.629
725.615 -16.631
725.908 -6.434
726.202 -0.431
726.496 -5.034
726.789 -10.434
727.083 -13.635
727.377 -24.833
727.671 -26.837
727.964 -22.837
728.258 -20.037
728.552 -16.037
728.845 -5.032
729.139 -0.032
729.433 -0.038
729.726 -4.455
730.020 -6.465
730.314 -5.660
730.607 -5.460
730.901 -6.879
731.195 -5.075
731.488 -5.077
731.782 -9.497
732.076 -11.912
732.369 -5.675
732.663 1.566
732.957 5.389
733.251 3.569
733.544 5.177
733.838 4.173
734.132 -3.073
734.425 -7.507
734.719 -8.722
735.013 -16.385
735.306 -25.466
735.600 -26.887
735.894 -23.859
736.187 -18.410
736.481 -11.560
736.775 -10.573
737.068 -14.831
737.362 -15.843
737.656 -17.261
737.949 -18.692
738.243 -12.420
738.537 -8.992
738.831 -7.570
739.124 -6.759
739.418 -6.766
739.712 -13.684
740.005 -12.680
740.299 -14.919
740.593 -16.959
740.886 -20.218
741.180 -20.642
741.474 -23.704
741.767 -26.366
742.061 -26.573
742.355 -21.890
742.648 -18.434
742.942 -19.061
743.236 -28.072
743.529 -33.803
743.823 -35.444
744.117 -33.405
744.411 -25.437
744.704 -8.655
744.998 1.987
745.292 0.755
745.585 -4.366
745.879 -12.350
746.173 -16.645
746.466 -17.263
746.760 -12.555
747.054 -4.981
747.347 -4.381
747.641 -9.100
747.935 -10.533
748.228 -10.327
748.522 -12.792
748.816 -15.058
749.109 -18.152
749.403 -22.670
749.697 -26.786
749.991 -28.625
750.284 -23.903
750.578 -15.476
750.872 -10.959
751.165 -6.025
751.459 -6.656
751.753 -7.894
752.046 -14.266
752.340 -16.321
752.634 -16.728
752.927 -9.744
753.221 -9.334
753.515 -6.868
753.808 -12.632
754.102 -16.539
754.396 -22.291
754.689 -15.716
754.983 -13.659
755.277 -8.103
755.571 -8.922
755.864 -7.070
756.158 -9.947
756.452 -11.388
756.745 -15.083
757.039 -16.726
757.333 -19.406
757.626 -25.976
757.920 -23.713
758.214 -13.857
758.507 -1.750
758.801 -0.502
759.095 6.276
759.388 6.891
759.682 -2.551
759.976 -12.797
760.269 -8.699
760.563 -9.724
760.857 -8.496
761.151 -3.778
761.444 -1.531
761.738 -9.704
762.032 -13.372
762.325 -21.335
762.619 -31.937
762.913 -33.156
763.206 -29.467
763.500 -23.957
763.798 -17.019
764.097 -8.250
764.395 -9.052
764.693 -15.325
764.992 -23.854
765.290 -28.321
765.588 -31.556
765.887 -32.162
766.185 -24.049
766.483 -14.306
766.782 -10.649
767.080 -4.573
767.378 -2.135
767.677 -4.350
767.975 -9.602
768.273 -14.040
768.571 -16.263
768.870 -17.067
769.168 -15.850
769.466 -11.412
769.765 -6.367
770.063 -7.967
770.361 -10.366
770.660 -11.956
770.958 -19.766
771.256 -22.973
771.555 -15.962
771.853 -13.343
772.151 -6.330
772.450 6.072
772.748 15.466
773.046 14.658
773.345 15.859
773.643 11.262
773.941 2.474
774.240 -10.108
774.538 -16.891
774.836 -18.286
775.135 -16.888
775.433 -18.474
775.731 -17.858
776.030 -15.664
776.328 -14.067
776.626 -11.878
776.925 -9.084
777.223 -10.656
777.521 -16.022
777.819 -21.004
778.118 -22.994
778.416 -25.380
778.714 -24.388
779.013 -15.639
779.311 -14.629
779.609 -23.775
779.908 -21.194
780.206 -14.243
780.504 -19.012
780.803 -12.857
781.101 -5.303
781.399 -4.310
781.698 -4.907
781.996 -6.309
782.294 -13.662
782.593 -18.043
782.891 -21.430
783.189 -20.635
783.488 -20.437
783.786 -23.827
784.084 -26.812
784.383 -21.034
784.681 -26.231
784.979 -33.229
785.278 -28.476
785.576 -30.124
785.874 -38.523
786.173 -33.124
786.471 -22.147
786.769 -18.148
787.068 -10.756
787.366 -6.972
787.664 -8.774
787.962 -7.771
788.261 -12.804
788.559 -15.441
788.857 -13.235
789.156 -8.808
789.454 -9.208
789.752 -8.014
790.051 -6.615
790.349 -8.037
790.647 -13.078
790.946 -14.088
791.244 -7.211
791.542 -0.949
791.841 0.660
792.139 -0.364
792.437 -1.384
792.736 -0.769
793.034 3.095
793.332 8.182
793.631 10.617
793.929 7.959
794.227 -1.419
794.526 -10.379
794.824 -15.272
795.122 -13.841
795.421 -7.102
795.719 2.301
796.017 2.900
796.316 2.073
796.614 3.929
796.912 2.299
797.211 -6.957
797.509 -9.458
797.807 -10.910
798.105 -14.406
798.404 -12.747
798.702 -8.847
799.000 -9.305
799.299 -4.350
799.597 -4.768
799.895 -17.426
800.194 -26.165
800.492 -30.564
800.790 -32.015
801.089 -30.349
801.387 -21.217
801.685 -13.127
801.984 -0.605
802.282 1.913
802.580 5.694
802.879 6.951
803.177 -0.657
803.475 -6.975
803.774 -9.282
804.072 -20.665
804.370 -32.302
804.669 -26.643
804.967 -27.722
805.265 -35.593
805.564 -32.452
805.862 -26.358
806.160 -23.188
806.459 -21.105
806.757 -12.802
807.055 -6.817
807.353 0.232
807.652 2.585
807.950 5.365
808.248 -0.241
808.547 -8.872
808.845 -18.383
809.143 -18.595
809.442 -12.743
809.740 -11.255
810.038 -8.471
810.337 -3.071
810.635 -4.598
810.933 -11.557
811.232 -9.181
811.530 -7.016
811.831 -4.171
812.132 -1.526
812.432 0.670
812.733 7.553
813.034 12.215
813.335 6.871
813.636 5.992
813.936 3.083
814.237 -4.722
814.538 -4.251
814.839 1.331
815.140 -2.494
815.440 -3.417
815.741 -2.525
816.042 -11.761
816.343 -20.806
816.644 -28.776
816.945 -30.614
817.245 -34.249
817.546 -34.262
817.847 -34.962
818.148 -29.748
818.449 -28.599
818.749 -29.946
819.050 -32.195
819.351 -30.819
819.652 -36.210
819.953 -44.804
820.253 -47.921
820.554 -44.071
820.855 -35.479
821.156 -28.226
821.457 -24.975
821.757 -20.690
822.058 -18.200
822.359 -23.561
822.660 -30.455
822.961 -22.154
823.261 -15.656
823.562 -19.206
823.863 -18.086
824.164 -12.023
824.465 -11.794
824.765 -9.387
825.066 -5.380
825.367 -12.150
825.668 -9.248
825.969 -5.965
826.269 -10.372
826.570 -13.629
826.871 -0.928
827.172 -2.211
827.473 -8.943
827.774 -10.889
828.074 -10.639
828.375 -23.764
828.676 -32.533
828.977 -28.205
829.278 -30.095
829.578 -31.107
829.879 -22.084
830.180 -9.008
830.481 -9.010
830.782 -3.896
831.082 5.215
831.383 2.707
831.684 -6.313
831.985 -10.081
832.286 -13.016
832.586 -16.821
832.887 -14.082
833.188 -6.746
833.489 -1.949
833.790 -2.127
834.090 -8.095
834.391 -4.802
834.692 -3.978
834.993 -8.894
835.294 -7.449
835.594 -3.527
835.895 -8.212
836.196 -10.236
836.497 -4.544
836.798 -3.528
837.099 -11.095
837.399 -16.230
837.700 -15.405
838.001 -15.244
838.302 -15.447
838.603 -4.486
838.903 2.681
839.204 -3.239
839.505 -11.169
839.806 -16.134
840.107 -22.106
840.407 -26.138
840.708 -27.098
841.009 -26.842
841.310 -21.467
841.611 -20.141
841.911 -21.505
842.212 -18.649
842.513 -17.148
842.814 -20.509
843.115 -12.532
843.415 -7.167
843.716 -7.957
844.017 -5.056
844.318 -4.066
844.619 -14.643
844.919 -15.976
845.220 -9.948
845.521 -8.428
845.822 -4.677
846.123 -6.831
846.423 -13.177
846.724 -17.002
847.025 -16.095
847.326 -16.973
847.627 -7.751
847.928 -3.507
848.228 -4.236
848.529 -8.558
848.830 -7.635
849.131 -10.830
849.432 -10.171
849.732 -8.810
850.033 -13.838
850.334 -18.638
850.635 -16.351
850.936 -9.504
851.236 -10.175
851.537 -3.548
851.838 1.233
852.139 -5.788
852.440 -9.886
852.740 -1.737
853.041 -4.207
853.342 -7.595
853.643 -1.262
853.944 -1.483
854.244 -7.776
854.545 -10.143
854.846 -14.988
855.147 -18.084
855.448 -15.437
855.748 -16.062
856.049 -13.349
856.350 -12.798
856.651 -16.618
856.952 -31.731
857.253 -35.746
857.553 -34.602
857.854 -34.267
858.155 -34.123
858.456 -29.001
858.757 -27.208
859.057 -28.624
859.358 -30.176
859.659 -31.703
859.960 -35.655
860.261 -36.990
860.561 -33.426
860.862 -29.000
861.163 -27.203
861.464 -23.731
861.765 -20.399
862.065 -21.393
862.366 -24.325
862.667 -17.440
862.968 -7.566
863.269 -11.265
863.569 -9.475
863.870 0.214
864.171 5.279
864.472 9.712
864.773 12.349
865.073 8.867
865.374 1.094
865.675 -11.850
865.976 -23.801
866.277 -23.937
866.577 -26.749
866.878 -27.268
867.179 -28.298
867.480 -29.708
867.781 -27.399
868.082 -22.813
868.382 -24.258
868.683 -21.932
868.984 -18.128
869.285 -15.882
869.586 -10.483
869.886 -3.570
870.187 -1.828
870.488 -5.100
870.789 -7.873
871.090 -14.723
871.390 -18.783
871.691 -18.028
871.992 -10.847
872.293 -9.557
872.594 -9.184
872.894 -9.165
873.195 -7.133
873.496 -2.923
873.797 2.742
874.098 7.501
874.398 8.414
874.699 8.964
875.000 7.124
875.301 2.010
875.602 -4.002
875.902 -8.357
876.203 -13.450
876.504 -16.008
876.805 -18.011
877.106 -14.739
877.407 -2.558
877.707 3.991
878.008 2.175
878.309 1.812
878.610 0.003
878.911 -0.568
879.211 5.951
879.512 6.130
879.813 2.498
880.114 1.584
880.415 -4.573
880.715 -13.451
881.016 -13.993
881.317 -6.550
881.618 -3.647
881.919 -4.920
882.219 -7.474
882.520 -11.826
882.821 -16.535
883.122 -22.695
883.423 -31.548
883.723 -26.459
884.024 -20.658
884.325 -23.748
884.626 -20.844
884.927 -8.368
885.227 -9.637
885.528 -12.530
885.829 -12.513
886.130 -13.599
886.431 -16.857
886.731 -19.945
887.032 -20.144
887.333 -12.910
887.634 -10.203
887.935 -7.851
888.236 -9.832
888.536 -13.071
888.837 -17.595
889.138 -20.675
889.439 -21.582
889.740 -15.972
890.040 -12.913
890.341 -9.479
890.642 -5.498
890.943 -6.770
891.244 -10.405
891.544 -7.865
891.845 -12.041
892.146 -16.028
892.447 -20.037
892.748 -16.951
893.048 -14.774
893.349 -12.428
893.650 -8.808
893.951 -7.182
894.252 -11.742
894.552 -15.209
894.853 -22.353
895.154 -30.236
895.455 -28.422
895.756 -26.255
896.056 -24.437
896.357 -19.338
896.658 -16.449
896.959 -15.537
897.260 -16.474
897.561 -21.654
897.861 -22.969
898.162 -21.328
898.463 -23.373
898.764 -18.206
899.065 -12.107
899.365 -10.277
899.666 -4.166
899.967 2.723
900.268 -1.578
900.569 -2.889
900.869 -0.676
901.170 -9.662
901.471 -23.170
901.772 -25.248
902.073 -21.110
902.373 -20.174
902.674 -16.455
902.975 -8.961
903.276 -9.371
903.577 -20.749
903.877 -26.833
904.178 -34.094
904.479 -38.492
904.780 -34.734
905.081 -25.997
905.381 -19.732
905.682 -10.220
905.983 -6.043
906.284 -8.159
906.585 -15.837
906.885 -14.878
907.186 -12.778
907.487 -14.148
907.788 -15.533
908.089 -13.078
908.390 -12.883
908.690 -10.746
908.991 -10.385
909.292 -12.153
909.593 -15.110
909.894 -14.714
910.194 -17.236
910.495 -14.720
910.796 -9.703
911.097 -1.524
911.398 -9.981
911.698 -14.311
911.999 -14.909
912.300 -16.503
912.607 -18.878
912.915 -13.180
913.222 -12.616
913.529 -11.042
913.837 -5.300
914.144 -5.909
914.451 -11.491
914.759 -18.493
915.066 -27.467
915.374 -37.461
915.681 -36.678
915.988 -33.535
916.296 -26.795
916.603 -20.041
916.910 -12.043
917.218 -10.648
917.525 -10.690
917.832 -8.486
918.140 -8.501
918.447 -11.551
918.754 -11.761
919.062 -7.498
919.369 -8.730
919.677 -13.643
919.984 -16.737
920.291 -25.721
920.599 -33.288
920.906 -39.089
921.213 -39.332
921.521 -34.015
921.828 -25.870
922.135 -18.097
922.443 -9.037
922.750 1.021
923.057 6.594
923.365 9.896
923.672 8.448
923.980 -0.032
924.287 -15.118
924.594 -24.219
924.902 -26.293
925.209 -26.509
925.516 -21.150
925.824 -12.076
926.131 -7.521
926.438 -14.413
926.746 -22.160
927.053 -20.710
927.360 -17.588
927.668 -21.152
927.975 -12.587
928.283 -4.435
928.590 -2.549
928.897 0.615
929.205 9.226
929.512 11.546
929.819 7.725
930.127 -0.505
930.434 -7.705
930.741 -16.146
931.049 -21.649
931.356 -18.271
931.663 -13.245
931.971 -16.086
932.278 -13.337
932.586 -14.001
932.893 -17.262
933.200 -11.664
933.508 -0.659
933.815 -1.107
934.122 -6.204
934.430 -8.934
934.737 -21.483
935.044 -29.429
935.352 -29.453
935.659 -26.972
935.966 -21.751
936.274 -13.383
936.581 -12.582
936.889 -17.249
937.196 -19.077
937.503 -18.446
937.811 -19.197
938.118 -13.845
938.425 -6.127
938.733 -4.661
939.040 -8.113
939.347 -5.247
939.655 -6.410
939.962 -9.809
940.269 -10.226
940.577 -17.074
940.884 -23.561
941.191 -27.053
941.499 -30.358
941.806 -25.662
942.114 -16.246
942.421 -11.505
942.728 -1.375
943.036 5.190
943.343 11.503
943.650 11.757
943.958 9.719
944.265 2.602
944.572 2.094
944.880 -2.707
945.187 -5.207
945.494 -7.951
945.802 -12.984
946.109 -19.772
946.417 -23.288
946.724 -24.505
947.031 -23.465
947.339 -21.423
947.646 -16.161
947.953 -15.370
948.261 -15.779
948.568 -15.937
948.875 -15.659
949.183 -16.875
949.490 -20.461
949.797 -25.879
950.105 -28.418
950.412 -30.549
950.720 -30.053
951.027 -30.422
951.334 -19.567
951.642 -12.375
951.949 -15.369
952.256 -17.932
952.564 -15.246
952.871 -15.702
953.178 -15.471
953.486 -15.337
953.793 -19.681
954.100 -14.334
954.408 -14.549
954.715 -15.012
955.023 -2.369
955.330 7.071
955.637 4.091
955.945 -1.109
956.252 -2.238
956.559 -11.071
956.867 -18.298
957.174 -21.182
957.481 -17.066
957.789 -12.819
958.096 -3.221
958.403 1.739
958.711 3.322
959.018 0.906
959.326 -13.259
959.633 -25.671
959.940 -30.742
960.248 -35.539
960.555 -26.053
960.862 -13.907
961.170 -14.761
961.477 -14.502
961.784 -12.299
962.092 -18.877
962.399 -23.682
962.706 -22.928
963.014 -23.745
963.321 -25.024
963.629 -25.228
963.936 -19.146
964.243 -8.316
964.551 -6.561
964.858 -9.321
965.165 -12.747
965.473 -20.921
965.780 -28.669
966.092 -28.211
966.404 -22.134
966.716 -14.631
967.028 -4.550
967.340 -0.080
967.652 6.537
967.964 9.956
968.276 2.750
968.588 -0.682
968.900 -1.328
969.212 -1.347
969.524 3.094
969.836 6.893
970.148 3.292
970.460 2.440
970.772 -3.492
971.084 -10.681
971.396 -13.203
971.708 -15.508
972.020 -20.783
972.332 -18.239
972.644 -13.181
972.956 -10.021
973.268 -7.485
973.580 -0.106
973.892 -3.677
974.204 -10.630
974.516 -12.096
974.828 -11.274
975.140 -20.346
975.452 -17.833
975.764 -9.836
976.076 -11.977
976.388 -13.216
976.700 -4.365
977.012 -0.993
977.324 -8.372
977.636 -10.022
977.948 -14.442
978.260 -24.702
978.572 -36.256
978.884 -35.818
979.196 -29.518
979.508 -21.333
979.820 -13.610
980.132 -7.762
980.444 -9.698
980.756 -9.700
981.068 -9.063
981.380 -6.518
981.692 -1.871
982.004 -0.413
982.316 -8.238
982.628 -9.938
982.940 -12.486
983.252 -17.585
983.564 -15.885
983.876 -12.107
984.188 -12.955
984.500 -13.166
984.812 -8.497
985.124 -9.564
985.436 -11.701
985.748 -14.694
986.060 -16.844
986.372 -21.948
986.684 -24.297
986.996 -25.578
987.308 -22.813
987.620 -18.334
987.932 -16.437
988.244 -14.302
988.556 -11.962
988.868 -14.528
989.180 -17.085
989.492 -15.594
989.804 -14.121
990.116 -14.544
990.428 -10.491
990.740 -8.790
991.052 -11.141
991.364 -6.435
991.676 -0.477
991.988 -4.948
992.300 -11.560
992.612 -9.633
992.924 -11.561
993.236 -17.524
993.548 -19.016
993.860 -16.661
994.172 -18.997
994.484 -27.705
994.796 -27.288
995.108 -21.547
995.420 -15.792
995.732 -11.764
996.044 -2.637
996.356 0.969
996.668 -1.394
996.980 -8.891
997.292 -9.752
997.604 -12.320
997.916 -21.561
998.228 -27.594
998.540 -26.323
998.852 -27.191
999.164 -34.710
999.476 -26.129
999.788 -15.164
1000.100 -13.041
1000.412 -15.837
1000.724 -12.448
1001.036 -13.520
1001.348 -21.923
1001.660 -26.469
1001.972 -18.499
1002.284 -15.042
1002.596 -20.674
1002.908 -21.368
1003.220 -20.062
1003.532 -22.661
1003.844 -18.997
1004.156 -13.179
1004.468 -14.275
1004.780 -19.229
1005.092 -23.104
1005.404 -25.693
1005.716 -21.587
1006.028 -7.522
1006.340 5.409
1006.652 4.968
1006.964 -2.575
1007.276 -11.014
1007.588 -21.164
1007.900 -24.617
1008.212 -20.528
1008.524 -11.696
1008.836 -2.635
1009.148 3.608
1009.460 4.894
1009.772 7.227
1010.084 7.865
1010.396 1.060
1010.708 -6.147
1011.020 -8.056
1011.332 -7.235
1011.644 -11.250
1011.956 -5.528
1012.268 4.144
1012.580 6.463
1012.892 -1.319
1013.204 1.203
1013.516 -1.945
1013.828 -9.053
1014.140 -10.522
1014.452 -7.160
1014.764 -8.607
1015.076 -5.686
1015.388 1.745
1015.700 7.102
1016.012 6.286
1016.324 6.717
1016.636 4.859
1016.948 1.350
1017.260 -1.340
1017.572 3.169
1017.884 10.353
1018.196 20.006
1018.508 23.050
1018.820 27.316
1019.132 31.792
1019.444 36.775
1019.756 37.288
1020.068 43.309
1020.380 47.946
1020.692 44.852
1021.004 36.748
1021.316 33.491
1021.628 27.653
1021.940 21.545
1022.252 29.824
1022.564 32.050
1022.876 26.367
1023.188 28.178
1023.500 32.390
1023.812 25.122
1024.124 26.931
1024.436 34.447
1024.748 28.365
1025.060 25.529
1025.372 30.093
1025.684 35.080
1025.996 39.655
1026.308 51.986
1026.620 53.225
1026.932 52.693
1027.244 53.140
1027.556 50.736
1027.868 49.508
1028.180 54.292
1028.492 57.227
1028.804 56.382
1029.116 58.317
1029.428 64.181
1029.740 64.329
1030.052 53.676
1030.364 53.616
1030.676 59.943
1030.988 53.135
1031.300 49.485
1031.612 57.511
1031.924 49.670
1032.236 40.285
1032.548 40.626
1032.860 39.985
1033.172 41.153
1033.484 50.165
1033.796 48.179
1034.108 44.252
1034.420 46.320
1034.732 50.316
1035.044 58.312
1035.356 69.108
1035.668 75.105
1035.980 79.101
1036.292 80.697
1036.604 75.494
1036.916 71.690
1037.228 67.286
1037.540 60.282
1037.852 52.679
1038.164 56.075
1038.476 57.671
1038.788 63.467
1039.100 72.863
1039.412 81.660
1039.724 78.256
1040.036 74.652
1040.348 70.648
1040.660 62.644
1040.972 51.040
1041.284 47.437
1041.596 49.633
1041.908 49.629
1042.220 49.825
1042.532 52.021
1042.844 45.817
1043.156 37.013
1043.468 37.609
1043.780 40.405
1044.092 48.801
1044.404 61.397
1044.716 70.593
1045.028 69.189
1045.340 65.185
1045.652 61.981
1045.964 52.377
1046.276 41.173
1046.588 37.769
1046.900 36.565
1047.212 35.561
1047.524 37.757
1047.836 41.353
1048.148 42.949
1048.460 44.345
1048.772 45.540
1049.084 45.336
1049.396 46.932
1049.708 49.528
1050.020 58.724
1050.332 63.120
1050.644 63.115
1050.956 67.511
1051.268 70.907
1051.580 57.903
1051.892 41.699
1052.204 43.094
1052.516 42.490
1052.828 42.686
1053.140 50.482
1053.452 59.277
1053.764 55.273
1054.076 47.469
1054.388 42.664
1054.700 38.460
1055.012 38.456
1055.324 41.851
1055.636 43.247
1055.948 36.843
1056.260 36.838
1056.572 36.834
1056.884 31.629
1057.196 29.225
1057.508 32.421
1057.820 32.816
1058.132 25.012
1058.444 24.007
1058.756 27.003
1059.068 28.398
1059.380 27.194
1059.692 33.389
1060.004 35.585
1060.316 34.980
1060.628 26.376
1060.940 21.371
1061.252 18.366
1061.564 19.162
1061.876 21.357
1062.188 28.953
1062.500 33.148
1062.812 34.143
1063.124 29.939
1063.436 29.334
1063.748 30.329
1064.060 25.125
1064.372 22.320
1064.684 28.315
1064.996 31.311
1065.308 30.906
1065.620 36.701
1065.932 35.096
1066.244 26.892
1066.556 16.487
1066.868 14.282
1067.180 10.277
1067.492 10.272
1067.804 15.268
1068.116 22.463
1068.428 24.658
1068.740 27.253
1069.052 24.648
1069.364 20.243
1069.676 15.238
1069.988 3.433
1070.300 -4.972
1070.612 -0.377
1070.924 5.618
1071.236 11.214
1071.548 17.809
1071.860 16.204
1072.172 14.799
1072.484 13.194
1072.796 7.788
1073.108 0.783
1073.420 6.778
1073.732 9.173
1074.044 6.368
1074.356 6.763
1074.668 16.558
1074.980 18.553
1075.292 20.948
1075.604 20.343
1075.916 13.737
1076.228 1.132
1076.540 -7.073
1076.852 -12.078
1077.164 -8.083
1077.476 -4.489
1077.788 1.106
1078.100 5.501
1078.412 1.496
1078.724 -9.710
1079.036 -9.915
1079.348 -10.320
1079.660 -6.726
1079.972 2.869
1080.284 10.864
1080.596 14.458
1080.908 25.253
1081.220 31.247
1081.532 27.042
1081.844 27.237
1082.156 22.431
1082.468 14.226
1082.780 8.820
1083.092 7.615
1083.404 8.209
1083.716 15.204
1084.028 14.398
1084.340 8.993
1084.652 3.387
1084.964 -3.218
1085.276 -6.824
1085.588 -7.430
1085.900 -10.635
1086.212 -10.841
1086.524 -5.446
1086.836 -0.052
1087.148 6.342
1087.460 13.137
1087.772 16.131
1088.084 14.525
1088.396 10.719
1088.708 12.714
1089.020 12.908
1089.332 13.902
1089.644 6.296
1089.956 3.291
1090.268 1.285
1090.580 -2.921
1090.892 -9.527
1091.204 -6.133
1091.516 -5.539
1091.828 -10.345
1092.140 -11.350
1092.464 -12.756
1092.788 -15.362
1093.112 -16.768
1093.436 -15.374
1093.760 -9.180
1094.084 -0.786
1094.408 2.408
1094.732 2.402
1095.056 1.596
1095.380 -3.410
1095.703 -2.816
1096.027 -1.622
1096.351 -3.029
1096.675 -5.235
1096.999 -2.441
1097.323 -5.047
1097.647 -4.253
1097.971 -2.259
1098.295 -4.865
1098.619 -8.272
1098.943 -6.078
1099.267 -4.684
1099.591 -5.090
1099.915 -6.097
1100.239 -7.303
1100.563 -11.109
1100.887 -14.716
1101.211 -10.122
1101.535 1.272
1101.859 6.265
1102.182 9.859
1102.506 11.453
1102.830 -0.354
1103.154 -11.360
1103.478 -11.567
1103.802 -17.373
1104.126 -25.780
1104.450 -19.386
1104.774 -13.593
1105.098 -11.399
1105.422 -5.606
1105.746 7.988
1106.070 4.781
1106.394 -1.825
1106.718 -9.032
1107.042 -10.439
1107.366 -16.645
1107.690 -16.052
1108.014 -12.659
1108.338 -11.665
1108.662 -14.072
1108.985 -13.879
1109.309 -11.885
1109.633 -16.892
1109.957 -21.699
1110.281 -22.506
1110.605 -26.912
1110.929 -23.919
1111.253 -14.526
1111.577 -11.533
1111.901 -15.140
1112.225 -13.547
1112.549 -18.954
1112.873 -28.961
1113.197 -32.367
1113.521 -31.374
1113.845 -30.381
1114.169 -31.388
1114.493 -29.395
1114.817 -16.602
1115.141 -3.409
1115.464 -4.216
1115.788 -11.623
1116.112 -4.631
1116.436 -6.438
1116.760 -24.245
1117.084 -26.852
1117.408 -9.659
1117.732 -11.266
1118.056 -12.873
1118.380 0.919
1118.704 8.512
1119.028 2.905
1119.352 2.298
1119.676 -3.909
1120.000 -14.517
1120.324 -20.524
1120.648 -22.531
1120.972 -18.539
1121.296 -15.746
1121.620 -19.353
1121.944 -21.361
1122.267 -25.968
1122.591 -33.976
1122.915 -34.583
1123.239 -23.790
1123.563 -15.598
1123.887 -7.405
1124.211 -7.213
1124.535 -7.620
1124.859 -9.628
1125.183 -15.636
1125.507 -16.043
1125.831 -11.851
1126.155 -7.658
1126.479 -3.866
1126.803 1.326
1127.127 -1.081
1127.451 -8.889
1127.775 -19.297
1128.099 -27.104
1128.423 -27.312
1128.746 -25.120
1129.070 -20.327
1129.394 -18.135
1129.718 -15.343
1130.042 -16.951
1130.366 -19.159
1130.690 -16.566
1131.014 -11.774
1131.338 -16.782
1131.662 -27.790
1131.986 -30.598
1132.310 -32.806
1132.634 -31.214
1132.958 -21.422
1133.282 -13.430
1133.606 -15.438
1133.930 -19.046
1134.254 -25.454
1134.578 -31.262
1134.902 -27.870
1135.226 -25.678
1135.549 -23.886
1135.873 -11.494
1136.197 -5.302
1136.521 -5.710
1136.845 -0.119
1137.169 3.473
1137.493 -15.935
1137.817 -28.943
1138.141 -35.151
1138.465 -38.360
1138.789 -41.368
1139.113 -29.376
1139.437 -18.984
1139.761 -16.193
1140.085 -20.001
1140.409 -20.609
1140.733 -21.618
1141.057 -27.826
1141.381 -31.834
1141.705 -28.443
1142.028 -22.451
1142.352 -19.860
1142.676 -15.868
1143.000 -8.077
1143.324 -2.285
1143.648 -1.294
1143.972 -3.902
1144.296 -3.911
1144.620 -6.719
1144.944 -13.928
1145.268 -17.136
1145.592 -15.745
1145.916 -16.354
1146.240 -14.362
1146.564 -13.571
1146.888 -13.380
1147.212 -16.588
1147.536 -22.397
1147.860 -21.206
1148.184 -13.414
1148.507 -11.623
1148.831 -8.032
1149.155 0.959
1149.479 -3.049
1149.803 -14.658
1150.127 -27.267
1150.451 -33.676
1150.775 -33.285
1151.099 -26.294
1151.423 -20.703
1151.747 -6.511
1152.071 2.080
1152.395 0.671
1152.719 -1.738
1153.043 -2.747
1153.367 -8.156
1153.691 -13.365
1154.015 -16.374
1154.339 -24.583
1154.663 -31.592
1154.987 -29.601
1155.310 -20.610
1155.634 -16.419
1155.958 -9.228
1156.282 -4.838
1156.606 -8.447
1156.930 -11.456
1157.254 -12.065
1157.578 -17.474
1157.902 -14.483
1158.226 -11.293
1158.550 -11.102
1158.874 -7.311
1159.198 -4.720
1159.522 -6.529
1159.846 -11.539
1160.170 -22.148
1160.494 -31.357
1160.818 -31.167
1161.142 -24.976
1161.466 -18.985
1161.790 -12.195
1162.113 -14.204
1162.437 -17.213
1162.761 -15.823
1163.085 -17.432
1163.409 -14.841
1163.733 -6.051
1164.057 -4.060
1164.381 -15.070
1164.705 -19.879
1165.029 -25.489
1165.353 -30.298
1165.677 -28.308
1166.001 -23.117
1166.325 -22.127
1166.649 -17.336
1166.973 -13.146
1167.297 -13.755
1167.621 -11.765
1167.945 -9.174
1168.269 -14.984
1168.592 -14.594
1168.916 -13.603
1169.240 -18.213
1169.564 -16.222
1169.888 -10.032
1170.212 -11.642
1170.536 -12.451
1170.860 -14.061
1171.184 -15.671
1171.508 -16.080
1171.832 -14.290
1172.156 -13.300
1172.480 -10.509
1172.804 -10.919
1173.128 -18.329
1173.452 -16.939
1173.776 -10.948
1174.100 -5.758
1174.424 -1.768
1174.748 3.022
1175.072 -7.188
1175.395 -14.397
1175.719 -12.807
1176.043 -12.217
1176.367 -11.627
1176.691 -11.037
1177.015 -14.646
1177.339 -21.256
1177.663 -22.866
1177.987 -23.876
1178.311 -18.886
1178.635 -8.696
1178.959 -1.906
1179.283 -1.116
1179.607 1.275
1179.931 3.065
1180.255 -4.345
1180.579 -12.355
1180.903 -17.765
1181.227 -27.375
1181.551 -33.785
1181.874 -39.995
1182.198 -45.605
1182.522 -40.815
1182.846 -30.225
1183.170 -26.635
1183.494 -18.845
1183.818 -15.255
1184.142 -20.864
1184.466 -26.274
1184.790 -24.684
1185.114 -23.094
1185.438 -18.504
1185.762 -15.514
1186.086 -10.524
1186.410 -14.134
1186.734 -18.544
1187.058 -14.354
1187.382 -16.164
1187.706 -15.774
1188.030 -11.784
1188.353 -9.594
1188.677 -13.004
1189.001 -11.014
1189.325 -15.024
1189.649 -23.234
1189.973 -27.044
1190.297 -28.454
1190.621 -34.264
1190.945 -35.274
1191.269 -27.284
1191.593 -22.294
1191.917 -24.904
1192.241 -20.314
1192.565 -19.324
1192.889 -20.534
1193.213 -26.544
1193.537 -27.554
1193.861 -27.164
1194.185 -24.174
1194.509 -21.784
1194.833 -13.594
1195.156 -4.804
1195.480 -1.614
1195.804 -1.024
1196.128 -4.434
1196.452 -5.044
1196.776 -5.054
1197.100 -5.464
1197.424 -6.674
1197.748 -0.284
1198.072 1.106
1198.396 -1.904
1198.720 -3.314
1199.044 -7.524
1199.368 -14.334
1199.692 -20.543
1200.016 -27.753
1200.340 -29.363
1200.664 -26.573
1200.988 -25.183
1201.312 -19.393
1201.635 -9.403
1201.959 -3.813
1202.283 -0.622
1202.607 6.368
1202.931 6.958
1203.255 -0.052
1203.579 -3.862
1203.903 -0.871
1204.227 -7.481
1204.551 -16.091
1204.875 -15.501
1205.199 -15.510
1205.523 -22.320
1205.847 -23.730
1206.171 -21.340
1206.495 -21.549
1206.819 -25.359
1207.143 -23.969
1207.467 -23.378
1207.791 -25.388
1208.115 -25.198
1208.438 -19.607
1208.762 -20.017
1209.086 -19.626
1209.410 -11.836
1209.734 -4.446
1210.058 -4.255
1210.382 -0.665
1210.706 4.126
1211.030 2.116
1211.354 -0.693
1211.678 -8.103
1212.002 -15.312
1212.326 -20.121
1212.650 -24.131
1212.974 -29.940
1213.298 -24.749
1213.622 -22.559
1213.946 -23.768
1214.270 -20.977
1214.594 -15.387
1214.917 -16.996
1215.241 -19.805
1215.565 -23.814
1215.889 -28.424
1216.213 -35.233
1216.537 -38.242
1216.861 -33.651
1217.185 -23.060
1217.509 -16.469
1217.833 -11.278
1218.157 -8.887
1218.481 -12.496
1218.805 -17.905
1219.129 -20.914
1219.453 -25.723
1219.777 -26.732
1220.101 -22.341
1220.425 -25.550
1220.749 -19.159
1221.073 -11.767
1221.397 -6.176
1221.720 -7.185
1222.044 -5.794
1222.368 -14.802
1222.692 -20.211
1223.016 -25.620
1223.340 -27.028
1223.664 -23.237
1223.988 -19.445
1224.312 -21.654
1224.636 -24.262
1224.960 -25.271
1225.284 -27.879
1225.608 -30.488
1225.932 -24.096
1226.256 -16.104
1226.580 -10.513
1226.904 -7.321
1227.228 -3.729
1227.552 -8.337
1227.876 -11.145
1228.199 -16.753
1228.523 -27.362
1228.847 -28.170
1229.171 -21.178
1229.495 -21.786
1229.819 -22.393
1230.143 -14.001
1230.467 -6.209
1230.791 -5.017
1231.115 -4.425
1231.439 -1.833
1231.763 1.564
1232.087 -6.774
