181.241 -24.028
181.495 -10.778
181.749 3.172
182.003 15.972
182.257 25.972
182.511 27.171
182.765 20.171
183.019 8.171
183.273 -2.229
183.528 -10.629
183.782 -13.429
184.036 -9.429
184.290 -5.029
184.544 0.971
184.798 13.771
185.052 16.971
185.306 12.771
185.560 6.571
185.814 1.971
186.068 -10.829
186.322 -20.629
186.576 -18.629
186.830 -10.429
187.084 -6.829
187.339 -2.629
187.593 8.771
187.847 12.571
188.101 6.971
188.355 4.171
188.609 2.971
188.863 1.371
189.117 -0.029
189.371 -0.029
189.625 -0.029
189.879 1.771
190.133 4.171
190.387 6.171
190.641 7.771
190.895 6.771
191.150 5.171
191.404 0.171
191.658 -4.829
191.912 -4.629
192.166 -3.429
192.420 -6.229
192.674 -10.029
192.928 -15.029
193.182 -15.229
193.436 -15.629
193.690 -17.029
193.944 -12.229
194.198 -5.429
194.452 -7.429
194.706 5.171
194.961 19.571
195.215 19.371
195.469 13.371
195.723 11.771
195.977 -5.229
196.231 -20.229
196.485 -20.229
196.739 -12.629
196.993 -12.029
197.247 -1.029
197.501 12.171
197.755 13.371
198.009 12.971
198.263 15.971
198.517 9.971
198.772 6.771
199.026 9.171
199.280 4.370
199.534 3.370
199.788 4.570
200.042 -0.430
200.296 -4.630
200.550 -2.630
200.804 -3.830
201.058 -6.830
201.312 -6.030
201.566 2.570
201.820 13.570
202.074 23.170
202.328 27.370
202.583 26.970
202.837 18.770
203.091 5.770
203.345 -5.030
203.599 -1.030
203.853 4.970
204.107 11.170
204.361 10.370
204.615 9.570
204.869 4.370
205.123 2.370
205.377 1.370
205.631 2.170
205.885 -0.430
206.139 -2.430
206.394 -3.230
206.648 -1.630
206.902 3.970
207.156 7.170
207.410 3.370
207.664 -2.630
207.918 -9.430
208.172 -9.630
208.426 -10.430
208.680 -10.430
208.934 -5.630
209.188 -5.230
209.442 -5.630
209.696 -3.230
209.950 -1.830
210.205 -5.230
210.459 -10.430
210.713 -18.630
210.967 -15.230
211.221 -5.830
211.475 -3.430
211.729 5.170
211.983 17.970
212.237 20.370
212.491 12.170
212.745 7.170
212.999 -0.230
213.253 -6.030
213.507 -12.030
213.761 -15.030
214.016 -9.830
214.270 -1.630
214.524 -8.430
214.778 -11.030
215.032 -0.031
215.286 6.569
215.540 6.169
215.794 11.569
216.048 14.769
216.302 12.969
216.556 10.969
216.810 13.569
217.064 19.369
217.318 20.969
217.572 15.169
217.827 9.369
218.081 2.369
218.335 -1.631
218.589 2.769
218.843 13.769
219.097 25.569
219.351 37.969
219.605 40.369
219.859 33.369
220.113 19.769
220.367 1.369
220.621 -13.631
220.875 -19.231
221.129 -18.231
221.383 -7.031
221.638 8.569
221.892 12.769
222.146 12.969
222.400 10.569
222.654 -1.831
222.908 -10.831
223.162 -15.631
223.416 -16.631
223.670 -13.431
223.924 -5.831
224.178 -3.631
224.432 0.769
224.686 2.569
224.940 -0.631
225.195 -2.631
225.449 -4.031
225.703 -6.431
225.957 -6.231
226.211 -4.431
226.465 -5.431
226.719 -6.631
226.973 -4.031
227.227 2.569
227.481 4.969
227.735 4.969
227.989 0.769
228.243 3.369
228.497 3.169
228.751 9.969
229.006 13.969
229.260 17.969
229.514 8.169
229.768 -2.631
230.022 -12.432
230.276 -14.632
230.530 -15.632
230.784 -14.632
231.038 -12.232
231.292 -5.632
231.546 -0.032
231.800 6.568
232.054 16.968
232.308 17.768
232.562 4.968
232.817 -5.832
233.071 -11.432
233.325 -18.432
233.579 -17.832
233.833 -10.032
234.087 -0.832
234.341 3.368
234.595 13.768
234.849 15.968
235.103 11.568
235.357 8.768
235.611 15.168
235.865 15.568
236.119 17.568
236.373 22.368
236.628 22.168
236.882 13.968
237.136 8.768
237.390 3.568
237.644 -1.632
237.898 -7.632
238.152 -13.632
238.406 -20.832
238.660 -17.232
238.914 -10.232
239.168 -7.232
239.422 -2.832
239.676 0.968
239.930 -4.632
240.184 -9.432
240.439 -9.632
240.693 -10.232
240.947 -7.232
241.201 3.368
241.455 13.968
241.709 15.168
241.963 16.568
242.217 14.368
242.471 10.368
242.725 -1.232
242.979 -7.032
243.233 -8.432
243.487 -9.232
243.741 -8.832
243.995 -2.832
244.250 6.968
244.504 8.567
244.758 7.767
245.012 3.367
245.266 -3.633
245.520 -8.033
245.774 -9.833
246.028 -8.833
246.282 -6.833
246.536 -4.033
246.790 2.367
247.044 5.767
247.298 -1.833
247.552 -3.433
247.806 -3.833
248.061 -8.433
248.315 -3.433
248.569 6.767
248.823 8.367
249.077 12.167
249.331 16.167
249.585 11.767
249.839 9.567
250.093 7.967
250.347 3.567
250.601 -5.833
250.855 -10.633
251.109 -8.233
251.363 -2.833
251.617 2.167
251.872 12.967
252.126 17.167
252.380 16.767
252.634 12.367
252.888 1.567
253.142 -10.033
253.396 -8.833
253.650 -9.033
253.904 -8.433
254.159 -0.833
254.413 7.767
254.667 7.367
254.922 6.367
255.176 2.567
255.431 -3.233
255.685 -6.833
255.939 -9.833
256.194 -6.633
256.448 -2.033
256.702 4.367
256.957 8.767
257.211 9.767
257.465 0.567
257.720 -5.633
257.974 -13.033
258.228 -20.034
258.483 -15.634
258.737 -5.434
258.992 -1.834
259.246 0.766
259.500 -3.234
259.755 -7.634
260.009 -13.434
260.263 -17.034
260.518 -7.634
260.772 6.966
261.026 9.566
261.281 10.566
261.535 13.966
261.789 7.166
262.044 -1.034
262.298 -7.234
262.553 -8.234
262.807 -6.034
263.061 -5.634
263.316 -6.434
263.570 -3.234
263.824 -3.034
264.079 -5.034
264.333 1.366
264.587 3.766
264.842 2.166
265.096 4.566
265.351 4.166
265.605 -1.634
265.859 -5.034
266.114 -2.434
266.368 -4.634
266.622 -0.434
266.877 -0.434
267.131 0.566
267.385 -0.834
267.640 -1.034
267.894 -10.634
268.148 -13.234
268.403 -12.234
268.657 -7.434
268.912 -0.834
269.166 8.366
269.420 12.166
269.675 11.566
269.929 3.166
270.183 -2.234
270.438 -0.634
270.692 1.966
270.946 2.966
271.201 9.166
271.455 11.165
271.709 14.165
271.964 15.165
272.218 16.965
272.473 17.365
272.727 17.165
272.981 9.765
273.236 8.765
273.490 9.365
273.744 8.165
273.999 -0.035
274.253 -5.235
274.507 -11.835
274.762 -17.235
275.016 -21.435
275.271 -17.435
275.525 -9.435
275.779 -7.835
276.034 -2.035
276.288 7.565
276.542 10.365
276.797 4.165
277.051 6.565
277.305 6.365
277.560 4.965
277.814 4.965
278.068 10.765
278.323 17.165
278.577 16.165
278.832 8.365
279.086 1.565
279.340 -7.635
279.595 -17.435
279.849 -20.235
280.103 -16.235
280.358 -10.235
280.612 -5.235
280.866 -2.635
281.121 -3.235
281.375 -6.635
281.629 -10.435
281.884 -16.435
282.138 -22.235
282.393 -21.635
282.647 -20.635
282.901 -13.835
283.156 -3.435
283.410 6.765
283.664 7.565
283.919 7.764
284.173 9.564
284.427 15.564
284.682 13.964
284.936 14.364
285.191 17.364
285.445 17.564
285.699 13.764
285.954 14.564
286.208 12.764
286.462 12.564
286.717 4.564
286.971 -1.236
287.225 -2.436
287.480 1.564
287.734 5.764
287.988 18.764
288.243 24.364
288.497 19.364
288.752 12.164
289.006 -1.636
289.260 -15.636
289.515 -26.836
289.769 -25.636
290.023 -19.836
290.278 -12.436
290.532 -4.436
290.786 12.164
291.041 16.964
291.295 16.764
291.549 15.764
291.804 12.164
292.058 2.364
292.313 -6.236
292.567 -9.636
292.821 -0.236
293.076 4.764
293.330 3.564
293.584 7.164
293.839 5.764
294.093 -5.236
294.347 -6.636
294.602 -4.636
294.856 -5.836
295.111 -4.036
295.365 1.964
295.619 -2.636
295.874 -4.436
296.128 0.963
296.382 2.763
296.637 -6.837
296.891 -11.837
297.145 -13.037
297.400 -13.037
297.654 -7.837
297.908 -0.637
298.163 3.963
298.417 7.363
298.672 0.363
298.926 -6.637
299.180 -12.237
299.435 -15.837
299.689 -17.637
299.943 -17.237
300.198 -14.037
300.452 -7.637
300.706 1.763
300.961 6.563
301.215 15.363
301.469 13.363
301.724 8.963
301.978 2.763
302.233 1.763
302.487 0.763
302.741 8.363
302.996 11.563
303.250 8.963
303.504 -2.237
303.759 -8.037
304.013 -14.837
304.267 -15.037
304.522 -8.637
304.776 3.563
305.031 10.163
305.285 7.363
305.539 3.963
305.794 7.363
306.048 7.163
306.302 4.563
306.557 7.563
306.811 12.963
307.065 8.763
307.320 9.163
307.574 9.962
307.828 12.162
308.083 5.562
308.337 0.162
308.592 -3.238
308.846 -6.638
309.100 -10.438
309.355 -5.638
309.609 -4.838
309.863 -6.238
310.118 2.962
310.372 15.362
310.626 20.162
310.881 21.962
311.135 21.162
311.389 12.562
311.644 -3.638
311.898 -10.238
312.153 -11.038
312.407 -9.838
312.661 -5.838
312.916 6.762
313.170 12.962
313.429 17.162
313.688 18.562
313.947 12.162
314.206 1.362
314.465 -3.238
314.724 0.162
314.983 8.762
315.242 12.962
315.501 14.762
315.760 11.962
316.019 5.162
316.278 -1.838
316.536 -5.838
316.795 -11.238
317.054 -13.838
317.313 -13.238
317.572 -9.438
317.831 -6.238
318.090 5.562
318.349 16.162
318.608 12.162
318.867 -2.039
319.126 -0.639
319.385 -6.239
319.644 -18.239
319.903 -18.839
320.162 -11.239
320.421 -13.039
320.680 -14.239
320.939 -8.239
321.198 -6.839
321.457 -8.039
321.716 -4.239
321.975 -1.839
322.234 0.161
322.493 10.961
322.752 18.561
323.010 14.361
323.269 12.561
323.528 15.561
323.787 8.561
324.046 0.561
324.305 -1.639
324.564 0.161
324.823 -5.239
325.082 -12.239
325.341 -14.039
325.600 -11.639
325.859 -11.239
326.118 -6.639
326.377 2.561
326.636 3.961
326.895 -1.039
327.154 -0.839
327.413 -1.639
327.672 -0.639
327.931 5.361
328.190 13.561
328.449 15.761
328.708 14.161
328.967 6.161
329.226 -2.439
329.485 -9.439
329.743 -14.240
330.002 -13.640
330.261 -2.240
330.520 5.960
330.779 12.960
331.038 14.360
331.297 8.360
331.556 -5.440
331.815 -10.840
332.074 -17.640
332.333 -18.040
332.592 -12.040
332.851 -6.440
333.110 -4.440
333.369 -0.240
333.628 -0.440
333.887 -4.840
334.146 -4.240
334.405 0.360
334.664 4.960
334.923 10.960
335.182 16.560
335.441 17.160
335.700 10.960
335.959 4.360
336.217 -1.840
336.476 -6.040
336.735 -7.640
336.994 -8.040
337.253 -2.640
337.512 8.160
337.771 17.360
338.030 23.960
338.289 29.960
338.548 25.160
338.807 13.160
339.066 5.560
339.325 3.160
339.584 -0.040
339.843 2.760
340.102 8.360
340.361 16.759
340.620 23.159
340.879 24.159
341.138 20.559
341.397 14.159
341.656 7.159
341.915 2.159
342.174 -1.641
342.433 -2.241
342.691 2.359
342.950 1.359
343.209 -0.041
343.468 0.559
343.727 3.359
343.986 1.159
344.245 -5.041
344.504 -14.841
344.763 -17.641
345.022 -18.041
345.281 -12.441
345.540 -2.841
345.799 3.159
346.058 5.159
346.317 3.759
346.576 -5.841
346.835 -10.041
347.094 -8.641
347.353 -6.041
347.612 -4.841
347.871 1.559
348.130 3.159
348.389 0.759
348.648 1.959
348.907 2.359
349.166 -0.841
349.424 2.759
349.683 8.759
349.942 6.559
350.201 9.159
350.460 11.558
350.719 3.558
350.978 2.158
351.237 6.558
351.496 7.758
351.755 8.358
352.014 12.358
352.273 13.558
352.532 14.958
352.791 13.358
353.050 13.958
353.309 16.558
353.568 13.158
353.827 4.758
354.086 -5.642
354.345 -10.842
354.604 -12.042
354.863 -9.842
355.122 -3.242
355.381 6.958
355.640 15.558
355.898 19.958
356.157 24.758
356.416 22.358
356.675 21.158
356.934 13.158
357.193 5.958
357.452 5.358
357.711 11.158
357.970 19.358
358.229 30.158
358.488 31.958
358.747 23.558
359.006 24.558
359.265 17.158
359.524 11.158
359.783 3.158
360.042 1.758
360.301 -1.843
360.560 -0.043
360.819 5.157
361.078 18.157
361.337 24.557
361.596 22.557
361.855 18.957
362.114 12.957
362.372 4.757
362.631 5.957
362.890 7.157
363.149 4.757
363.408 0.557
363.667 0.757
363.926 3.557
364.185 2.957
364.444 4.157
364.703 6.957
364.962 7.757
365.221 3.157
365.480 5.157
365.741 8.757
366.002 6.357
366.264 6.557
366.525 9.757
366.786 5.557
367.047 -0.043
367.308 -0.443
367.570 -6.643
367.831 -15.843
368.092 -18.243
368.353 -10.043
368.614 -4.843
368.876 2.157
369.137 10.757
369.398 13.557
369.659 6.556
369.920 0.556
370.182 -8.844
370.443 -20.044
370.704 -21.844
370.965 -15.644
371.226 -6.444
371.488 6.956
371.749 13.956
372.010 11.956
372.271 7.156
372.532 4.356
372.794 -4.244
373.055 -10.244
373.316 -9.444
373.577 -13.444
373.838 -17.244
374.100 -10.644
374.361 -10.844
374.622 -16.444
374.883 -17.844
375.144 -22.044
375.406 -21.044
375.667 -12.244
375.928 -3.044
376.189 2.356
376.450 7.956
376.712 6.556
376.973 7.356
377.234 10.956
377.495 12.556
377.756 14.756
378.018 20.356
378.279 20.356
378.540 14.956
378.801 14.155
379.062 14.355
379.324 4.755
379.585 -2.845
379.846 -3.645
380.107 -8.445
380.368 -11.445
380.630 -5.445
380.891 -2.245
381.152 -0.245
381.413 6.155
381.674 7.555
381.936 3.555
382.197 3.555
382.458 1.555
382.719 -3.645
382.980 -8.645
383.242 -6.845
383.503 0.155
383.764 4.155
384.025 7.555
384.286 12.555
384.548 10.355
384.809 -0.845
385.070 -7.045
385.331 -1.445
385.592 3.755
385.854 3.155
386.115 4.155
386.376 8.355
386.637 4.555
386.898 -5.845
387.160 -14.045
387.421 -17.045
387.682 -16.046
387.943 -11.646
388.204 -2.046
388.466 3.554
388.727 7.954
388.988 7.954
389.249 -0.046
389.510 -4.846
389.772 0.954
390.033 5.154
390.294 4.954
390.555 10.354
390.816 16.954
391.078 14.354
391.339 9.154
391.600 8.954
391.861 7.354
392.122 -2.846
392.384 -5.246
392.645 -9.846
392.906 -15.846
393.167 -17.846
393.428 -12.446
393.690 -6.046
393.951 5.954
394.212 10.154
394.473 2.154
394.734 -7.046
394.996 -15.046
395.257 -21.646
395.518 -15.246
395.779 -1.446
396.040 9.954
396.302 20.553
396.563 25.553
396.824 18.953
397.085 11.353
397.346 -0.047
397.608 -9.447
397.869 -14.647
398.130 -21.047
398.391 -18.247
398.652 -3.847
398.914 1.153
399.175 6.353
399.436 9.553
399.697 0.353
399.958 -11.047
400.220 -20.447
400.481 -25.647
400.742 -21.047
401.003 -16.447
401.264 -13.247
401.526 -6.247
401.787 -10.447
402.048 -18.247
402.309 -20.047
402.570 -26.847
402.832 -27.247
403.093 -21.447
403.354 -15.047
403.615 -8.047
403.876 -0.247
404.138 -3.247
404.399 -7.247
404.660 -10.848
404.931 -17.048
405.202 -22.448
405.473 -21.848
405.745 -22.048
406.016 -18.448
406.287 -11.648
406.558 -0.248
406.829 3.752
407.100 10.552
407.371 11.552
407.642 7.552
407.914 -4.048
408.185 -6.048
408.456 -6.448
408.727 -5.448
408.998 3.752
409.269 16.752
409.540 20.752
409.811 16.352
410.083 13.752
410.354 6.152
410.625 -2.848
410.896 -8.648
411.167 -4.248
411.438 -3.048
411.709 -4.248
411.981 0.952
412.252 8.752
412.523 4.752
412.794 8.952
413.065 15.351
413.336 9.951
413.607 4.351
413.878 12.951
414.150 17.951
414.421 18.351
414.692 21.751
414.963 21.951
415.234 14.551
415.505 6.151
415.776 0.351
416.047 -6.049
416.319 -7.649
416.590 -3.449
416.861 -0.449
417.132 4.751
417.403 9.951
417.674 15.551
417.945 11.351
418.217 3.751
418.488 -3.849
418.759 -6.449
419.030 -6.649
419.301 -1.849
419.572 3.951
419.843 5.151
420.114 3.151
420.386 0.551
420.657 -1.849
420.928 -2.649
421.199 0.950
421.470 0.950
421.741 -0.650
422.012 3.750
422.283 4.150
422.555 2.950
422.826 -2.450
423.097 -5.450
423.368 -9.850
423.639 -11.650
423.910 -15.050
424.181 -7.650
424.453 -1.050
424.724 1.750
424.995 5.550
425.266 9.950
425.537 12.750
425.808 6.350
426.079 -0.050
426.350 -7.250
426.622 -11.050
426.893 -10.650
427.164 -9.050
427.435 -7.450
427.706 -5.250
427.977 -9.050
428.248 -18.450
428.519 -19.850
428.791 -15.650
429.062 -6.051
429.333 0.749
429.604 10.349
429.875 20.749
430.146 25.349
430.417 17.949
430.689 14.749
430.960 10.749
431.231 -1.051
431.502 -10.851
431.773 -10.651
432.044 -4.051
432.315 8.749
432.586 17.149
432.858 17.149
433.129 16.949
433.400 9.149
433.671 -3.651
433.942 -7.451
434.213 -3.651
434.484 -5.451
434.755 -5.451
435.027 -0.451
435.298 8.949
435.569 12.749
435.840 12.149
436.114 19.949
436.388 20.549
436.663 11.949
436.937 4.348
437.211 1.748
437.485 -5.452
437.759 -5.652
438.034 -4.252
438.308 -6.452
438.582 -6.652
438.856 -3.452
439.130 -5.052
439.405 -9.452
439.679 -5.252
439.953 -1.052
440.227 -2.252
440.501 0.748
440.776 3.548
441.050 4.748
441.324 5.348
441.598 3.548
441.872 2.748
442.147 3.348
442.421 4.948
442.695 7.148
442.969 8.348
443.244 7.148
443.518 12.548
443.792 13.948
444.066 9.948
444.340 8.747
444.615 4.747
444.889 3.147
445.163 -0.853
445.437 1.347
445.711 4.147
445.986 -0.653
446.260 -9.453
446.534 -13.453
446.808 -23.853
447.082 -25.653
447.357 -13.453
447.631 -14.453
447.905 -21.853
448.179 -21.653
448.453 -25.653
448.728 -36.253
449.002 -31.653
449.276 -16.853
449.550 -5.853
449.824 0.142
450.099 4.747
450.373 2.777
450.647 -4.983
450.921 -8.970
451.195 -6.995
451.470 -8.769
451.744 -7.966
452.018 -2.423
452.292 4.278
452.566 7.808
452.841 16.267
453.115 14.516
453.389 14.902
453.663 11.742
453.937 5.443
454.212 -1.234
454.486 4.258
454.760 7.777
455.034 6.209
455.308 4.256
455.583 5.039
455.857 5.425
456.131 4.247
456.405 8.738
456.680 14.793
456.954 16.555
457.228 14.016
457.502 8.739
457.776 2.683
458.051 -0.244
458.325 -8.078
458.599 -5.927
458.873 4.272
459.147 5.053
459.422 0.350
459.696 3.086
459.970 -3.588
460.244 -19.303
460.518 -20.484
460.793 -14.986
461.067 -9.287
461.341 -0.630
461.615 9.211
461.889 13.549
462.164 8.811
462.438 3.084
462.712 -4.235
462.986 -8.383
463.260 -13.728
463.535 -11.753
463.809 -11.769
464.083 -6.612
464.357 -1.837
464.631 1.345
464.906 2.539
465.180 8.913
465.454 1.918
465.728 -9.667
466.002 -10.466
466.277 -11.668
466.551 -19.683
466.825 -12.878
467.099 -2.265
467.373 -2.266
467.648 -0.255
467.922 5.375
468.196 -0.269
468.470 -5.500
468.744 -2.268
469.019 -2.265
469.293 -0.037
469.567 10.458
469.841 18.340
470.116 20.163
470.390 15.716
470.664 7.425
470.938 -0.458
471.212 -5.117
471.487 -12.799
471.761 -10.370
472.035 -5.112
472.309 -3.693
472.583 4.178
472.858 13.061
473.132 11.247
473.406 4.004
473.680 -3.060
473.954 -15.766
474.229 -22.223
474.503 -22.611
474.777 -14.966
475.051 -6.694
475.325 -2.064
475.600 -1.863
475.874 0.747
476.148 -0.053
476.422 -2.451
476.696 -7.623
476.971 -12.200
477.245 -13.985
477.519 -11.406
477.793 -7.628
478.067 -1.079
478.342 -0.242
478.616 -2.988
478.890 -10.287
479.164 -15.609
479.438 -19.152
479.713 -13.447
479.987 -4.791
480.261 7.568
480.535 16.000
480.809 19.132
481.084 14.241
481.358 3.303
481.632 -9.774
481.906 -18.748
482.180 -23.418
482.455 -16.219
482.729 -4.157
483.003 1.485
483.277 1.881
483.551 4.603
483.826 -2.769
484.100 -10.136
484.374 -10.715
484.648 -5.287
484.923 -3.738
485.197 -4.115
485.471 -1.405
485.745 4.784
486.019 10.972
486.294 14.840
486.568 17.159
486.842 13.677
487.116 7.875
487.390 4.583
487.665 -1.220
487.939 4.973
488.213 17.352
488.487 21.223
488.761 14.262
489.036 18.139
489.310 10.581
489.584 -10.743
489.858 -22.003
490.132 -21.039
490.407 -22.588
490.681 -16.951
490.955 -1.992
491.229 10.063
491.503 14.733
491.778 16.104
492.052 11.235
492.326 7.338
492.600 2.667
492.874 0.137
493.149 -0.835
493.423 2.682
493.697 1.502
493.971 4.050
494.245 5.817
494.520 -2.819
494.794 -9.688
495.068 -4.197
495.342 -4.387
495.616 -8.510
495.891 2.492
496.165 11.931
496.439 7.805
496.713 5.247
496.987 3.076
497.262 -5.188
497.536 -8.729
497.810 -8.926
498.084 -8.335
498.359 -2.816
498.633 1.519
498.907 0.533
499.181 5.269
499.455 9.810
499.730 8.429
500.004 8.823
500.278 12.772
500.552 6.652
500.826 2.111
501.101 2.111
501.375 -1.248
501.649 -5.395
501.923 3.700
502.197 3.502
502.472 2.514
502.746 3.498
503.020 -2.825
503.294 -12.717
503.568 -17.073
503.843 -14.500
504.117 -5.787
504.391 5.289
504.665 7.861
504.939 4.692
505.214 -8.158
505.488 -21.023
505.762 -28.739
506.036 -26.368
506.310 -19.041
506.585 -3.038
506.859 8.628
507.133 13.566
507.407 12.774
507.681 10.807
507.956 5.083
508.230 0.138
508.504 5.815
508.778 4.830
509.052 5.038
509.327 6.410
509.601 5.039
509.875 1.491
510.149 6.352
510.423 11.999
510.698 8.117
510.972 6.572
511.246 4.215
511.520 4.184
511.795 2.423
512.069 14.562
512.343 24.170
512.617 26.457
512.891 28.707
513.166 27.930
513.440 7.654
513.714 -3.821
513.988 -13.719
514.262 -23.069
514.537 -21.374
514.811 -7.868
515.085 -5.006
515.359 -3.843
515.633 -4.772
515.908 -8.552
516.182 -16.099
516.456 -14.965
516.730 -10.054
517.004 -4.769
517.279 -3.261
517.553 -2.520
517.827 -4.784
518.101 -1.763
518.375 -5.162
518.650 -3.837
518.924 -1.570
519.198 -4.614
519.472 -6.311
519.746 -4.421
520.021 -4.796
520.295 -0.434
520.569 10.963
520.843 15.160
521.117 9.824
521.392 3.920
521.666 1.256
521.940 -3.495
522.214 -10.551
522.488 -3.677
522.763 5.697
523.037 11.841
523.311 11.849
523.585 11.066
523.859 5.870
524.134 1.458
524.408 -5.465
524.682 -7.005
524.956 -5.662
525.231 -2.965
525.505 2.656
525.779 7.305
526.053 4.389
526.327 2.826
526.602 9.628
526.876 3.620
527.150 -2.407
527.424 1.093
527.698 2.839
527.973 -3.771
528.247 -3.381
528.521 0.914
528.795 -6.920
529.069 -13.205
529.344 -17.721
529.618 -22.434
529.892 -22.821
530.166 -17.147
530.440 -9.885
530.715 -2.420
530.989 2.493
531.263 2.299
531.537 3.674
531.811 4.464
532.086 -2.636
532.360 -4.806
532.634 -3.025
532.908 -1.641
533.182 3.114
533.457 12.808
533.731 18.146
534.005 13.993
534.279 12.608
534.553 14.206
534.828 16.394
535.102 15.611
535.376 21.764
535.650 23.946
535.924 19.184
536.199 13.233
536.473 9.067
536.747 2.315
537.021 -0.663
537.295 -3.441
537.570 -5.426
537.844 -5.826
538.118 -6.022
538.392 -1.855
538.666 2.510
538.941 -0.066
539.215 -0.856
539.489 -3.228
539.763 -9.570
540.038 -20.476
540.312 -23.047
540.586 -21.263
540.860 -11.560
541.134 -5.025
541.409 1.715
541.683 11.612
541.957 20.111
542.231 18.319
542.505 17.125
542.780 21.077
543.054 21.652
543.328 11.972
543.602 5.068
543.876 4.867
544.151 7.412
544.425 9.579
544.699 21.394
544.973 30.643
545.247 27.100
545.522 17.461
545.796 9.779
546.070 -1.046
546.351 -6.552
546.632 -2.423
546.912 4.251
547.193 13.279
547.474 16.415
547.755 19.745
548.036 22.674
548.317 21.887
548.597 11.293
548.878 7.767
549.159 6.000
549.440 6.191
549.721 13.820
550.001 31.631
550.282 43.178
550.563 45.137
550.844 43.176
551.125 36.519
551.406 25.165
551.686 25.937
551.967 31.789
552.248 39.793
552.529 55.610
552.810 63.407
553.090 65.948
553.371 73.973
553.652 74.559
553.933 65.965
554.214 67.370
554.495 69.943
554.775 73.091
555.056 83.509
555.337 92.551
555.618 98.049
555.899 96.467
556.179 92.374
556.460 88.634
556.741 84.309
557.022 85.269
557.303 90.376
557.584 98.849
557.864 109.110
558.145 122.530
558.426 130.575
558.707 138.010
558.988 138.306
559.268 130.954
559.549 130.306
559.830 129.320
560.111 134.810
560.392 142.659
560.673 152.324
560.953 155.846
561.234 161.566
561.515 163.837
561.796 167.526
562.077 167.421
562.357 165.962
562.638 172.505
562.919 179.274
563.200 182.158
563.481 192.535
563.762 199.091
564.042 196.258
564.323 188.208
564.604 189.204
564.885 190.953
565.166 199.673
565.446 207.597
565.727 220.664
566.008 222.414
566.289 217.837
566.570 209.280
566.851 201.628
567.131 192.261
567.412 187.989
567.693 191.151
567.974 197.798
568.255 209.963
568.535 217.633
568.816 224.232
569.097 226.329
569.378 220.217
569.659 210.202
569.940 202.369
570.220 194.892
570.501 194.671
570.782 196.600
571.063 192.993
571.344 198.684
571.624 208.530
571.905 211.864
572.186 218.197
572.467 224.583
572.748 222.830
573.029 216.197
573.309 206.824
573.590 201.093
573.871 206.181
574.152 211.956
574.433 214.960
574.713 217.885
574.994 215.215
575.275 201.196
575.556 180.279
575.837 166.896
576.118 160.308
576.398 157.917
576.679 167.540
576.960 183.536
577.245 190.052
577.531 180.783
577.816 173.109
578.102 162.594
578.387 153.487
578.672 149.214
578.958 156.145
579.243 160.912
579.529 164.943
579.814 165.521
580.099 165.134
580.385 164.730
580.670 158.885
580.956 147.102
581.241 135.051
581.526 128.146
581.812 121.994
582.097 115.646
582.382 115.845
582.668 121.858
582.953 121.063
583.239 120.393
583.524 124.142
583.809 125.603
584.095 120.449
584.380 114.539
584.666 110.369
584.951 109.009
585.236 110.600
585.522 105.539
585.807 100.988
586.093 95.531
586.378 90.521
586.663 83.777
586.949 86.335
587.234 85.352
587.520 85.711
587.805 89.689
588.090 87.500
588.376 84.329
588.661 85.077
588.947 79.632
589.232 70.529
589.517 62.775
589.803 55.029
590.088 56.562
590.374 61.948
590.659 60.971
590.944 65.584
591.230 69.255
591.515 66.743
591.800 62.871
592.086 59.189
592.371 54.352
592.657 56.643
592.942 58.161
593.227 55.838
593.513 58.728
593.798 63.520
594.084 62.928
594.369 62.349
594.654 69.270
594.940 69.656
595.225 60.614
595.511 50.595
595.796 44.017
596.081 35.924
596.367 36.481
596.652 42.035
596.938 42.988
597.223 41.070
597.508 34.530
597.794 27.223
598.079 23.202
598.365 22.045
598.650 20.690
598.935 27.999
599.221 33.768
599.506 35.308
599.792 34.734
600.077 32.623
600.362 28.015
600.648 27.062
600.933 28.409
601.218 32.455
601.504 39.964
601.789 42.661
602.075 37.467
602.360 26.688
602.645 20.914
602.931 14.947
603.216 9.167
603.502 10.516
603.787 20.554
604.072 27.893
604.358 33.316
604.643 36.792
604.929 35.450
605.214 29.275
605.499 25.226
605.785 20.399
606.070 17.895
606.356 21.584
606.641 27.408
606.926 28.973
607.212 29.760
607.497 35.792
607.783 33.489
608.068 25.937
608.353 21.099
608.639 15.859
608.924 4.771
609.210 -2.624
609.495 -1.445
609.780 0.319
610.066 2.076
610.351 4.216
610.636 3.622
610.922 -2.246
611.207 -10.860
611.493 -8.500
611.778 -8.308
612.063 -10.083
612.349 -5.965
612.634 0.708
612.920 -1.842
613.205 0.915
613.490 8.581
613.776 7.795
614.061 5.431
614.347 5.631
614.632 5.043
614.917 3.472
615.203 2.087
615.488 2.876
615.774 10.810
616.059 18.167
616.344 15.193
616.630 15.586
616.915 13.399
617.201 0.699
617.486 -10.030
617.771 -17.215
618.057 -22.800
618.342 -18.018
618.627 -9.047
618.913 -9.652
619.198 -0.280
619.484 9.301
619.769 6.106
620.054 0.317
620.340 4.914
620.625 4.916
620.911 4.923
621.196 11.346
621.481 16.159
621.767 11.544
622.052 5.516
622.338 -0.906
622.623 -11.358
622.908 -20.605
623.194 -21.819
623.479 -16.392
623.765 -7.322
624.050 1.342
624.335 9.203
624.621 13.837
624.906 11.815
625.192 1.720
625.477 -6.365
625.762 -16.485
626.048 -23.777
626.333 -18.918
626.619 -12.244
626.904 -4.333
627.189 2.352
627.475 10.871
627.760 10.274
628.045 5.596
628.331 3.367
628.616 -3.777
628.902 -16.628
629.187 -22.746
629.472 -17.441
629.758 -14.602
630.043 -5.632
630.329 3.365
630.614 5.226
630.899 3.772
631.185 0.502
631.470 -3.111
631.756 -6.455
632.041 -5.428
632.326 -10.978
632.612 -12.571
632.897 -5.499
633.183 1.995
633.468 5.110
633.753 8.085
634.039 6.755
634.324 4.353
634.610 2.592
634.895 -1.044
635.180 1.419
635.466 5.387
635.751 2.538
636.037 0.670
636.322 -3.184
636.607 -7.829
636.893 -13.934
637.178 -15.575
637.463 -7.519
637.749 1.129
638.034 1.533
638.320 5.938
638.605 6.143
638.890 2.100
639.176 1.171
639.461 -1.877
639.747 -2.602
640.032 -1.333
640.317 -3.327
640.603 -5.500
640.888 3.342
641.174 7.129
641.459 7.490
641.744 -0.264
642.030 -5.323
642.315 -11.646
642.601 -19.238
642.886 -19.058
643.171 -10.937
643.457 -2.789
643.742 4.833
644.028 9.546
644.313 10.456
644.598 6.448
644.884 -1.575
645.169 -4.110
645.455 -3.004
645.740 -5.016
646.025 -6.876
646.311 -2.123
646.596 0.106
646.881 -0.620
647.167 -2.294
647.452 1.930
647.738 0.074
648.023 -5.651
648.308 -3.972
648.594 6.066
648.879 7.367
649.165 12.207
649.450 20.048
649.735 18.007
650.021 6.812
650.306 2.689
650.592 -1.799
650.877 -11.541
651.162 -13.230
651.448 -2.889
651.733 6.726
652.019 8.606
652.304 12.372
652.589 16.725
652.875 17.906
653.160 17.181
653.446 12.426
653.731 6.714
654.016 6.730
654.302 3.151
654.587 -0.068
654.873 7.177
655.158 13.277
655.443 5.817
655.729 -1.271
656.014 -2.988
656.299 -6.435
656.585 -9.516
656.870 -5.293
657.156 5.699
657.441 13.439
657.726 20.606
658.012 23.308
658.297 20.205
658.583 12.095
658.868 6.501
659.153 1.471
659.439 -1.841
659.724 4.975
660.010 8.873
660.295 7.712
660.580 5.566
660.866 11.430
661.151 9.681
661.437 5.585
661.722 -2.258
662.007 -6.191
662.293 -5.392
662.578 -3.013
662.864 2.104
663.149 12.325
663.434 15.264
663.720 10.931
664.005 6.790
664.290 3.253
664.576 -2.670
664.861 -6.443
665.147 -10.215
665.432 -8.823
665.717 -3.457
666.003 0.712
666.288 2.485
666.574 8.244
666.859 6.457
667.144 -6.871
667.430 -13.440
667.715 -8.465
668.001 -4.470
668.286 0.725
668.571 10.097
668.857 14.880
669.142 16.082
669.428 11.093
669.713 7.700
669.998 11.312
670.284 18.928
670.569 16.729
670.855 16.128
671.140 15.129
671.425 13.330
671.711 3.102
671.996 3.304
672.282 10.345
672.567 11.153
672.852 5.128
673.138 6.532
673.423 5.526
673.708 1.104
673.994 -2.723
674.279 -4.341
674.565 -6.366
674.850 -7.781
675.135 -7.373
675.421 -3.337
675.706 3.937
675.992 10.003
676.277 11.821
676.562 9.600
676.848 1.911
677.133 -6.987
677.419 -10.020
677.704 -7.989
677.989 -10.424
678.275 -8.814
678.560 -3.148
678.846 0.909
679.131 -1.528
679.416 -1.937
679.702 1.102
679.987 -2.966
680.273 -7.225
680.558 -6.412
680.843 -5.195
681.129 -4.381
681.414 -4.181
681.700 -6.829
681.985 -3.566
682.270 3.778
682.556 5.408
682.841 3.779
683.126 7.445
683.412 6.833
683.697 -0.921
683.983 -9.476
684.268 -8.869
684.553 -6.415
684.839 -13.147
685.124 -11.516
685.410 -1.943
685.695 -0.514
685.980 -6.229
686.266 -9.080
686.551 -10.099
686.837 -10.913
687.122 -11.527
687.407 -7.452
687.693 -1.946
687.978 -0.113
688.264 0.089
688.549 7.220
688.834 2.745
689.120 -0.713
689.405 -1.730
689.691 -1.331
689.976 -4.187
690.261 -2.763
690.547 5.774
690.832 9.219
691.118 9.622
691.403 9.418
691.688 3.154
691.974 -5.356
692.259 -3.340
692.544 -5.166
692.830 -0.926
693.115 17.476
693.401 32.218
693.686 28.167
693.971 26.956
694.257 23.117
694.542 11.995
694.828 -1.725
695.113 -6.566
695.398 -9.784
695.684 -8.983
695.969 -10.592
696.255 -8.771
696.540 -4.337
696.834 5.912
697.127 2.292
697.421 -1.314
697.715 -3.117
698.008 -5.927
698.302 -11.952
698.596 -3.330
698.889 3.688
699.183 6.898
699.477 7.704
699.771 -1.288
700.064 -15.495
700.358 -23.690
700.652 -24.289
700.945 -19.294
701.239 -6.312
701.533 1.080
701.826 11.658
702.120 19.635
702.414 16.436
702.707 7.468
703.001 -1.098
703.295 -8.661
703.588 -20.010
703.882 -19.814
704.176 -7.102
704.469 4.638
704.763 9.010
705.057 13.378
705.351 10.605
705.644 1.677
705.938 0.482
706.232 -0.312
706.525 -4.074
706.819 -2.492
707.113 0.868
707.406 5.606
707.700 11.140
707.994 15.099
708.287 16.087
708.581 9.370
708.875 2.453
709.168 1.850
709.462 0.272
709.756 -2.293
710.049 3.237
710.343 5.801
710.637 4.811
710.931 13.278
711.224 23.329
711.518 25.688
711.812 22.337
712.105 18.002
712.399 10.718
712.693 7.368
712.986 5.006
713.280 12.480
713.574 16.417
713.867 16.220
714.161 12.670
714.455 8.342
714.748 1.853
715.042 0.671
715.336 1.065
715.629 6.395
715.923 15.853
716.217 18.609
716.511 19.205
716.804 20.586
717.098 15.852
717.392 14.081
717.685 10.931
717.979 8.367
718.273 9.556
718.566 6.989
718.860 -1.314
719.154 0.273
719.447 1.861
719.741 -4.087
720.035 -4.087
720.328 5.814
720.622 7.006
720.916 8.998
721.209 16.155
721.503 22.919
721.797 22.149
722.091 19.168
722.384 16.788
722.678 11.414
722.972 -0.133
723.265 -11.888
723.559 -16.679
723.853 -22.871
724.146 -14.481
724.440 -0.703
724.734 6.085
725.027 14.271
725.321 17.266
725.615 10.473
725.908 4.071
726.202 3.071
726.496 -0.926
726.789 1.474
727.083 4.274
727.377 6.876
727.671 9.675
727.964 11.275
728.258 16.481
728.552 11.477
728.845 2.263
729.139 -1.742
729.433 -2.343
729.726 -5.136
730.020 0.687
730.314 7.108
730.607 13.733
730.901 16.751
731.195 7.507
731.488 -0.135
731.782 -3.148
732.076 -10.583
732.369 -12.394
732.663 -6.766
732.957 -2.340
733.251 2.293
733.544 3.298
733.838 -2.748
734.132 -6.576
734.425 -8.794
734.719 -12.827
735.013 -12.829
735.306 -5.972
735.600 6.540
735.894 13.003
736.187 16.841
736.481 23.509
736.775 25.337
737.068 10.779
737.362 -0.358
737.656 -3.388
737.949 -7.020
738.243 -10.053
738.537 -2.357
738.831 6.370
739.124 3.723
739.418 -0.347
739.712 -3.398
740.005 -8.486
740.299 -10.110
740.593 -0.734
740.886 4.561
741.180 11.080
741.474 24.940
741.767 27.601
742.061 23.730
742.355 23.936
742.648 23.332
742.942 16.407
743.236 13.340
743.529 9.665
743.823 8.856
744.117 7.837
744.411 4.773
744.704 12.952
744.998 19.719
745.292 14.194
745.585 12.559
745.879 12.764
746.173 3.970
746.466 0.480
746.760 9.704
747.054 15.845
747.347 16.256
747.641 11.537
747.935 4.356
748.228 -2.621
748.522 -13.277
748.816 -15.330
749.109 -8.146
749.403 -4.860
749.697 -4.244
749.991 0.066
750.284 2.119
750.578 3.961
750.872 1.493
751.165 -6.301
751.459 -8.560
751.753 -12.876
752.046 -25.201
752.340 -26.429
752.634 -16.166
752.927 -9.805
753.221 -0.966
753.515 10.545
753.808 13.826
754.102 14.235
754.396 15.478
754.689 6.027
754.983 -2.600
755.277 -2.188
755.571 -1.574
755.864 -5.688
756.158 -5.075
756.452 2.319
756.745 4.579
757.039 0.061
757.333 -0.964
757.626 5.816
757.920 1.096
758.214 0.069
758.507 6.840
758.801 7.246
759.095 1.504
759.388 -1.570
759.682 -5.468
759.976 -8.961
760.269 -11.624
760.563 -9.986
760.857 -0.973
761.151 10.695
761.444 10.083
761.738 10.085
762.032 10.904
762.325 9.261
762.619 3.733
762.913 9.844
763.206 11.477
763.500 6.594
763.798 4.961
764.097 3.939
764.395 6.143
764.693 8.981
764.992 14.067
765.290 12.442
765.588 10.411
765.887 -1.567
766.185 -5.015
766.483 -2.381
766.782 -0.150
767.080 1.065
767.378 6.128
767.677 7.745
767.975 -1.954
768.273 -5.790
768.571 -9.020
768.870 -13.869
769.168 -17.703
769.466 -12.851
769.765 -12.838
770.063 -11.217
770.361 -7.994
770.660 -2.164
770.958 -3.557
771.256 -3.147
771.555 -3.542
771.853 -5.946
772.151 -11.557
772.450 -10.551
772.748 -3.953
773.046 3.635
773.345 7.033
773.643 5.440
773.941 2.848
774.240 -7.338
774.538 -18.511
774.836 -24.697
775.135 -22.299
775.433 -22.090
775.731 -18.485
776.030 -12.703
776.328 -2.353
776.626 2.624
776.925 7.007
777.223 9.796
777.521 9.794
777.819 4.229
778.118 3.427
778.416 2.433
778.714 5.014
779.013 10.786
779.311 12.969
779.609 7.802
779.908 8.398
780.206 8.596
780.504 7.982
780.803 4.209
781.101 5.004
781.399 8.589
781.698 11.585
781.996 15.383
782.294 18.164
782.593 18.162
782.891 11.788
783.189 0.046
783.488 -15.874
783.786 -17.465
784.084 -18.460
784.383 -19.864
784.681 -15.701
784.979 -8.534
785.278 -10.734
785.576 -13.747
785.874 -14.557
786.173 -16.553
786.471 -17.352
786.769 -11.946
787.068 -5.544
787.366 2.464
787.664 7.063
787.962 6.058
788.261 -3.787
788.559 -8.618
788.857 -7.410
789.156 -5.997
789.454 -7.009
789.752 3.465
790.051 11.126
790.349 11.951
790.647 13.776
790.946 16.601
791.244 13.580
791.542 12.786
791.841 11.386
792.139 8.767
792.437 11.822
792.736 17.928
793.034 14.682
793.332 9.191
793.631 10.010
793.929 9.001
794.227 4.941
794.526 3.510
794.824 3.090
795.122 -4.468
795.421 -5.076
795.719 -4.035
796.017 7.843
796.316 21.793
796.614 27.932
796.912 26.093
797.211 23.844
797.509 5.753
797.807 -17.914
798.105 -22.451
798.404 -22.036
798.702 -21.818
799.000 -10.858
799.299 5.241
799.597 10.202
799.895 9.375
800.194 2.520
800.492 -4.562
800.790 -8.087
801.089 -8.080
801.387 -3.269
801.685 -3.717
801.984 -6.046
802.282 -3.109
802.580 -4.363
802.879 -10.227
803.177 -9.845
803.475 -6.511
803.774 -9.239
804.072 -8.606
804.370 -9.459
804.669 -4.188
804.967 -1.236
805.265 4.295
805.564 4.087
805.862 0.228
806.160 -3.611
806.459 0.026
806.757 -5.292
807.055 -6.792
807.353 1.112
807.652 9.909
807.950 18.120
808.248 22.436
808.547 21.779
808.845 18.553
809.143 9.054
809.442 -11.261
809.740 -13.621
810.038 -10.149
810.337 -9.503
810.635 -5.167
810.933 8.985
811.232 8.791
811.530 8.369
811.831 5.935
812.132 3.058
812.432 4.447
812.733 3.580
813.034 -1.973
813.335 0.004
813.636 2.437
813.936 -1.963
814.237 2.311
814.538 4.524
814.839 3.841
815.140 6.542
815.440 7.464
815.741 4.332
816.042 12.677
816.343 19.002
816.644 16.070
816.945 9.043
817.245 3.614
817.546 -3.847
817.847 -15.174
818.148 -19.721
818.449 -21.747
818.749 -22.645
819.050 -25.354
819.351 -15.837
819.652 -8.578
819.953 -1.784
820.253 -1.986
820.554 -4.909
820.855 -10.105
821.156 -13.713
821.457 -9.687
821.757 1.770
822.058 15.462
822.359 25.735
822.660 28.422
822.961 21.482
823.261 19.873
823.562 18.501
823.863 10.927
824.164 6.044
824.465 6.944
824.765 -1.496
825.066 -5.732
825.367 -2.444
825.668 4.820
825.969 3.303
826.269 1.148
826.570 -4.960
826.871 -11.732
827.172 -13.069
827.473 -5.039
827.774 4.528
828.074 12.768
828.375 17.525
828.676 17.932
828.977 13.589
829.278 1.573
829.578 -7.198
829.879 -9.339
830.180 -12.341
830.481 -11.929
830.782 -0.230
831.082 6.355
831.383 6.991
831.684 3.433
831.985 -1.610
832.286 -4.377
832.586 -4.394
832.887 -6.893
833.188 -4.573
833.489 0.428
833.790 3.288
834.090 0.395
834.391 0.635
834.692 -2.619
834.993 -4.884
835.294 -10.021
835.594 -9.596
835.895 -5.320
836.196 -1.021
836.497 0.197
836.798 5.230
837.099 8.848
837.399 5.428
837.700 4.841
838.001 3.842
838.302 -5.305
838.603 -7.112
838.903 1.169
839.204 8.478
839.505 12.047
839.806 20.552
840.107 24.361
840.407 20.493
840.708 15.788
841.009 10.374
841.310 7.819
841.611 3.623
841.911 5.573
842.212 7.719
842.513 13.733
842.814 9.967
843.115 8.060
843.415 7.161
843.716 9.635
844.017 5.423
844.318 2.269
844.619 0.901
844.919 -2.053
845.220 -4.309
845.521 6.555
845.822 24.949
846.123 39.462
846.423 46.698
846.724 39.111
847.025 19.196
847.326 -1.695
847.627 -14.507
847.928 -22.612
848.228 -12.852
848.529 2.558
848.830 15.753
849.131 21.697
849.432 18.496
849.732 9.824
850.033 2.525
850.334 -3.194
850.635 -6.180
850.936 -3.890
851.236 1.582
851.537 9.543
851.838 17.259
852.139 16.794
852.440 16.121
852.740 11.359
853.041 4.543
853.342 -0.462
853.643 -6.537
853.944 -10.106
854.244 -10.084
854.545 -8.307
854.846 -5.237
855.147 -0.735
855.448 5.282
855.748 11.217
856.049 8.359
856.350 -5.846
856.651 -3.675
856.952 1.250
857.253 -4.185
857.553 -3.090
857.854 4.336
858.155 0.706
858.456 -3.429
858.757 -3.196
859.057 -8.839
859.358 -14.210
859.659 -18.732
859.960 -24.137
860.261 -18.158
860.561 -8.418
860.862 -4.188
861.163 -4.659
861.464 -6.814
861.765 -14.363
862.065 -24.644
862.366 -24.975
862.667 -23.038
862.968 -15.597
863.269 -6.460
863.569 3.470
863.870 9.012
864.171 15.729
864.472 16.073
864.773 14.399
865.073 8.939
865.374 5.630
865.675 6.559
865.976 9.014
866.277 5.699
866.577 13.339
866.878 21.705
867.179 17.886
867.480 14.044
867.781 14.397
868.082 9.250
868.382 0.167
868.683 2.987
868.984 7.823
869.285 11.910
869.586 11.720
869.886 6.926
870.187 4.502
870.488 -0.171
870.789 0.862
871.090 4.723
871.390 9.179
871.691 8.815
871.992 8.998
872.293 6.044
872.594 5.665
872.894 7.144
873.195 2.210
873.496 -3.841
873.797 -7.520
874.098 -13.017
874.398 -16.308
874.699 -11.001
875.000 -9.161
875.301 -11.166
875.602 -7.704
875.902 0.136
876.203 -2.046
876.504 -0.763
876.805 4.152
877.106 -0.030
877.407 -6.758
877.707 -0.940
878.008 4.874
878.309 -2.220
878.610 -3.658
878.911 -1.292
879.211 -2.387
879.512 -10.194
879.813 -6.558
880.114 -1.124
880.415 2.870
880.715 1.964
881.016 9.223
881.317 9.948
881.618 1.236
881.919 -6.030
882.219 -7.482
882.520 -12.378
882.821 -11.112
883.122 -4.940
883.423 1.226
883.723 6.304
884.024 11.743
884.325 14.647
884.626 18.085
884.927 14.468
885.227 7.400
885.528 2.868
885.829 -3.112
886.130 -4.378
886.431 5.213
886.731 14.824
887.032 11.552
887.333 5.565
887.634 0.854
887.935 -10.915
888.236 -19.984
888.536 -15.085
888.837 -7.832
889.138 -0.583
889.439 7.029
889.740 12.633
890.040 19.171
890.341 22.434
890.642 18.811
890.943 17.544
891.244 14.838
891.544 4.130
891.845 -3.308
892.146 -5.303
892.447 -10.391
892.748 -14.212
893.048 -9.673
893.349 -3.493
893.650 2.145
893.951 6.883
894.252 13.259
894.552 12.537
894.853 7.601
895.154 7.438
895.455 11.666
895.756 10.587
896.056 11.698
896.357 12.050
896.658 -2.674
896.959 -14.057
897.260 -19.761
897.561 -19.384
897.861 -13.112
898.162 -0.758
898.463 6.619
898.764 11.792
899.065 9.202
899.365 9.219
899.666 6.994
899.967 3.654
900.268 4.984
900.569 4.609
900.869 6.147
901.170 10.075
901.471 11.199
901.772 5.756
902.073 6.128
902.373 1.627
902.674 -2.695
902.975 -5.908
903.276 -4.031
903.577 -0.614
903.877 -3.267
904.178 -0.043
904.479 6.605
904.780 6.600
905.081 0.311
905.381 -1.034
905.682 -1.604
905.983 -3.500
906.284 -2.734
906.585 -3.514
906.885 -4.707
907.186 -2.576
907.487 -2.947
907.788 -5.263
908.089 -0.652
908.390 10.173
908.690 9.035
908.991 5.939
909.292 4.379
909.593 0.489
909.894 -5.901
910.194 -6.079
910.495 -6.091
910.796 -3.974
911.097 -4.189
911.398 -7.930
911.698 -10.278
911.999 -10.680
912.300 -13.256
912.607 -11.115
912.915 -7.771
913.222 -7.179
913.529 -7.987
913.837 -6.430
914.144 -6.039
914.451 -5.842
914.759 -8.632
915.066 -9.443
915.374 -10.054
915.681 -6.656
915.988 -4.850
916.296 -6.083
916.603 -8.340
916.910 -13.405
917.218 -21.659
917.525 -20.020
917.832 -13.558
918.140 -10.754
918.447 -1.267
918.754 5.400
919.062 3.373
919.369 2.164
919.677 7.044
919.984 11.557
920.291 7.478
920.599 0.529
920.906 -1.925
921.213 -8.274
921.521 -15.445
921.828 -8.879
922.135 2.613
922.443 8.375
922.750 21.941
923.057 28.959
923.365 22.764
923.672 19.274
923.980 17.230
924.287 9.625
924.594 4.874
924.902 11.316
925.209 12.163
925.516 9.266
925.824 4.069
926.131 -1.337
926.438 -4.883
926.746 -7.172
927.053 -3.411
927.360 2.434
927.668 12.044
927.975 16.456
928.283 18.355
928.590 15.649
928.897 6.374
929.205 -7.279
929.512 -16.328
929.819 -18.430
930.127 -20.330
930.434 -11.877
930.741 -2.405
931.049 2.872
931.356 -7.156
931.663 -12.517
931.971 -15.934
932.278 -18.931
932.586 -25.592
932.893 -22.472
933.200 -11.936
933.508 -5.644
933.815 -0.863
934.122 8.451
934.430 13.618
934.737 7.070
935.044 -0.866
935.352 -4.838
935.659 -6.769
935.966 -9.080
936.274 -13.956
936.581 -11.305
936.889 -7.405
937.196 -5.947
937.503 -6.071
937.811 -2.298
938.118 -2.809
938.425 -5.353
938.733 -10.568
939.040 -7.042
939.347 5.300
939.655 15.302
939.962 19.267
940.269 20.939
940.577 25.669
940.884 15.630
941.191 2.532
941.499 0.844
941.806 2.097
942.114 -0.604
942.421 2.431
942.728 10.758
943.036 14.065
943.343 10.528
943.650 6.464
943.958 6.209
944.265 4.429
944.572 -6.985
944.880 -11.765
945.187 -6.212
945.494 -4.215
945.802 -6.499
946.109 -4.173
946.417 1.376
946.724 -6.890
947.031 -8.669
947.339 -8.417
947.646 -1.450
947.953 1.052
948.261 3.337
948.568 4.769
948.875 7.700
949.183 3.749
949.490 -0.134
949.797 -1.769
950.105 -6.878
950.412 -8.365
950.720 -11.232
951.027 -10.219
951.334 -7.306
951.642 -15.308
951.949 -20.999
952.256 -14.610
952.564 -9.897
952.871 -18.026
953.178 -19.740
953.486 -18.965
953.793 -19.933
954.100 -22.498
954.408 -15.251
954.715 -4.083
955.023 0.076
955.330 -7.466
955.637 -9.508
955.945 -8.121
956.252 -9.926
956.559 -12.855
956.867 -11.676
957.174 -8.732
957.481 -2.018
957.789 8.693
958.096 18.727
958.403 24.777
958.711 20.781
959.018 8.767
959.326 -3.224
959.633 -10.569
959.940 -13.888
960.248 -6.834
960.555 1.564
960.862 17.598
961.170 28.585
961.477 24.000
961.784 12.394
962.092 7.580
962.399 -1.650
962.706 -12.862
963.014 -8.904
963.321 -6.250
963.629 -3.421
963.936 -9.715
964.243 -17.741
964.551 -16.007
964.858 -11.216
965.165 -15.730
965.473 -16.793
965.780 -6.429
966.092 -2.364
966.404 0.635
966.716 3.864
967.028 4.732
967.340 2.392
967.652 -0.181
967.964 -8.480
968.276 -11.010
968.588 -9.503
968.900 -15.025
969.212 -19.478
969.524 -10.994
969.836 -7.613
970.148 -9.927
970.460 -4.195
970.772 -2.716
971.084 -10.953
971.396 -13.904
971.708 -8.414
972.020 -3.987
972.332 -1.450
972.644 -0.812
972.956 -2.283
973.268 -5.226
973.580 -8.603
973.892 -9.237
974.204 -7.548
974.516 -4.804
974.828 -4.393
975.140 -8.822
975.452 -10.719
975.764 -7.141
976.076 -6.100
976.388 -4.209
976.700 -3.147
977.012 -3.993
977.324 -6.736
977.636 -8.832
977.948 -14.076
978.260 -7.374
978.572 5.440
978.884 14.896
979.196 20.784
979.508 28.142
979.820 20.565
980.132 2.889
980.444 -7.211
980.756 -13.333
981.068 -15.223
981.380 -3.977
981.692 8.727
982.004 8.497
982.316 9.980
982.628 9.980
982.940 2.770
983.252 -1.483
983.564 0.006
983.876 -1.494
984.188 1.252
984.500 1.883
984.812 -1.736
985.124 -3.864
985.436 -4.081
985.748 -12.150
986.060 -16.407
986.372 -13.214
986.684 -13.219
986.996 -16.628
987.308 -11.729
987.620 -0.655
987.932 7.671
988.244 12.354
988.556 15.548
988.868 10.212
989.180 1.488
989.492 -7.051
989.804 -11.753
990.116 -11.963
990.428 -4.922
990.740 -2.154
991.052 -2.155
991.364 1.266
991.676 7.663
991.988 5.529
992.300 -1.079
992.612 -5.332
992.924 -6.838
993.236 -11.534
993.548 -10.684
993.860 1.230
994.172 13.973
994.484 20.784
994.796 20.142
995.108 12.681
995.420 8.470
995.732 5.566
996.044 2.825
996.356 4.735
996.668 9.202
996.980 3.838
997.292 -0.676
997.604 -2.388
997.916 -4.967
998.228 -5.834
998.540 -10.554
998.852 -18.731
999.164 -22.593
999.476 -21.314
999.788 -20.885
1000.100 -15.750
1000.412 -4.130
1000.724 3.193
1001.036 -0.027
1001.348 -3.696
1001.660 -5.860
1001.972 -11.241
1002.284 -17.944
1002.596 -12.784
1002.908 -3.713
1003.220 4.276
1003.532 6.001
1003.844 8.597
1004.156 5.345
1004.468 -3.121
1004.780 -7.653
1005.092 -13.248
1005.404 -18.224
1005.716 -10.237
1006.028 3.595
1006.340 6.615
1006.652 13.501
1006.964 18.258
1007.276 13.088
1007.588 1.436
1007.900 -6.753
1008.212 -11.049
1008.524 -5.677
1008.836 -2.046
1009.148 0.345
1009.460 5.510
1009.772 5.944
1010.084 -1.996
1010.396 -12.201
1010.708 -20.219
1011.020 -28.467
1011.332 -29.301
1011.644 -22.096
1011.956 -10.674
1012.268 -1.177
1012.580 4.964
1012.892 6.234
1013.204 -3.219
1013.516 -13.081
1013.828 -14.751
1014.140 -13.902
1014.452 -10.161
1014.764 -1.391
1015.076 2.407
1015.388 4.886
1015.700 4.900
1016.012 3.847
1016.324 -2.133
1016.636 -6.466
1016.948 -8.522
1017.260 -5.653
1017.572 -9.141
1017.884 -8.124
1018.196 -3.994
1018.508 -7.862
1018.820 -15.813
1019.132 -13.357
1019.444 -11.918
1019.756 -16.161
1020.068 -21.177
1020.380 -21.559
1020.692 -25.415
1021.004 -21.152
1021.316 -9.179
1021.628 -3.136
1021.940 -3.313
1022.252 -2.701
1022.564 -13.659
1022.876 -25.002
1023.188 -24.389
1023.500 -17.320
1023.812 -10.026
1024.124 -1.107
1024.436 6.588
1024.748 13.274
1025.060 12.870
1025.372 9.809
1025.684 12.612
1025.996 17.231
1026.308 13.987
1026.620 16.005
1026.932 22.901
1027.244 22.516
1027.556 11.619
1027.868 6.769
1028.180 7.763
1028.492 6.288
1028.804 5.065
1029.116 10.108
1029.428 8.754
1029.740 2.134
1030.052 -0.500
1030.364 -0.116
1030.676 4.269
1030.988 13.655
1031.300 10.884
1031.612 3.679
1031.924 -1.522
1032.236 -8.908
1032.548 -11.908
1032.860 -6.525
1033.172 -4.318
1033.484 3.874
1033.796 11.268
1034.108 14.874
1034.420 13.263
1034.732 11.062
1035.044 7.661
1035.356 3.660
1035.668 4.459
1035.980 19.457
1036.292 26.656
1036.604 23.455
1036.916 23.054
1037.228 12.853
1037.540 -5.948
1037.852 -12.549
1038.164 -12.350
1038.476 -13.751
1038.788 -4.552
1039.100 2.647
1039.412 7.246
1039.724 14.245
1040.036 18.443
1040.348 13.242
1040.660 10.041
1040.972 -1.160
1041.284 -11.561
1041.596 -15.562
1041.908 -13.163
1042.220 -9.364
1042.532 -0.365
1042.844 2.633
1043.156 6.432
1043.468 7.231
1043.780 3.230
1044.092 3.429
1044.404 6.628
1044.716 6.827
1045.028 6.025
1045.340 4.624
1045.652 3.223
1045.964 1.022
1046.276 -1.179
1046.588 -1.380
1046.900 -1.381
1047.212 -4.983
1047.524 -7.784
1047.836 -7.185
1048.148 -3.186
1048.460 3.813
1048.772 9.012
1049.084 16.610
1049.396 15.209
1049.708 -0.392
1050.020 -8.993
1050.332 -6.794
1050.644 -8.396
1050.956 -4.997
1051.268 9.402
1051.580 15.801
1051.892 12.800
1052.204 2.198
1052.516 -4.003
1052.828 -4.004
1053.140 -1.005
1053.452 2.594
1053.764 14.992
1054.076 22.391
1054.388 20.790
1054.700 19.789
1055.012 15.587
1055.324 6.586
1055.636 5.785
1055.948 6.184
1056.260 1.182
1056.572 -1.019
1056.884 -0.020
1057.196 -3.621
1057.508 1.377
1057.820 5.576
1058.132 4.175
1058.444 3.373
1058.756 -2.428
1059.068 -9.829
1059.380 -14.030
1059.692 -12.632
1060.004 -8.633
1060.316 1.966
1060.628 7.564
1060.940 15.163
1061.252 22.762
1061.564 22.361
1061.876 16.559
1062.188 7.158
1062.500 -5.443
1062.812 -13.445
1063.124 -10.446
1063.436 -4.847
1063.748 0.151
1064.060 5.550
1064.372 10.349
1064.684 2.347
1064.996 -7.054
1065.308 -14.055
1065.620 -16.057
1065.932 -16.058
1066.244 -7.860
1066.556 0.739
1066.868 7.538
1067.180 8.936
1067.492 7.335
1067.804 0.534
1068.116 -8.868
1068.428 -8.669
1068.740 -2.871
1069.052 6.928
1069.364 15.327
1069.676 18.325
1069.988 14.324
1070.300 12.922
1070.612 6.921
1070.924 -1.080
1071.236 -0.282
1071.548 -3.483
1071.860 -9.485
1072.172 -15.286
1072.484 -16.488
1072.796 -14.889
1073.108 -7.690
1073.420 -3.092
1073.732 -5.493
1074.044 -4.095
1074.356 -9.296
1074.668 -14.898
1074.980 -17.299
1075.292 -10.101
1075.604 -7.502
1075.916 -1.304
1076.228 4.495
1076.540 4.293
1076.852 -8.508
1077.164 -13.710
1077.476 -17.111
1077.788 -14.713
1078.100 -6.914
1078.412 8.084
1078.724 19.683
1079.036 22.481
1079.348 14.280
1079.660 7.478
1079.972 1.877
1080.284 -7.925
1080.596 -9.326
1080.908 -3.328
1081.220 0.271
1081.532 -3.731
1081.844 2.868
1082.156 7.666
1082.468 7.264
1082.780 -1.537
1083.092 -5.539
1083.404 -14.340
1083.716 -24.142
1084.028 -28.143
1084.340 -17.745
1084.652 -8.947
1084.964 -7.348
1085.276 -4.750
1085.588 -8.151
1085.900 -16.953
1086.212 -23.355
1086.524 -22.356
1086.836 -23.558
1087.148 -15.759
1087.460 -5.161
1087.772 9.237
1088.084 13.836
1088.396 20.234
1088.708 18.832
1089.020 3.631
1089.332 -16.771
1089.644 -21.172
1089.956 -24.174
1090.268 -22.576
1090.580 -10.177
1090.892 6.621
1091.204 15.219
1091.516 16.818
1091.828 6.816
1092.140 3.814
1092.464 -0.188
1092.788 -9.989
1093.112 -10.391
1093.436 -4.393
1093.760 -4.794
1094.084 -5.796
1094.408 -3.798
1094.732 -7.799
1095.056 -8.601
1095.380 -8.603
1095.703 -7.605
1096.027 -4.206
1096.351 -1.208
1096.675 6.390
1096.999 7.588
1097.323 8.387
1097.647 11.585
1097.971 10.983
1098.295 -5.219
1098.619 -13.220
1098.943 -19.222
1099.267 -25.224
1099.591 -21.026
1099.915 -6.228
1100.239 0.971
1100.563 8.369
1100.887 7.367
1101.211 1.365
1101.535 -4.837
1101.859 -4.838
1102.182 -1.840
1102.506 2.758
1102.830 7.556
1103.154 9.954
1103.478 9.752
1103.802 6.551
1104.126 6.549
1104.450 -1.653
1104.774 -7.655
1105.098 -5.057
1105.422 -8.059
1105.746 -13.261
1106.070 -4.663
1106.394 11.136
1106.718 11.534
1107.042 10.332
1107.366 12.530
1107.690 6.128
1108.014 -8.674
1108.338 -20.076
1108.662 -20.478
1108.985 -15.680
1109.309 -8.682
1109.633 -1.483
1109.957 9.515
1110.281 13.113
1110.605 11.711
1110.929 14.109
1111.253 19.507
1111.577 17.105
1111.901 12.903
1112.225 8.901
1112.549 4.499
1112.873 5.697
1113.197 11.095
1113.521 13.093
1113.845 16.091
1114.169 12.889
1114.493 1.887
1114.817 -2.915
1115.141 -0.317
1115.464 -1.519
1115.788 -0.321
1116.112 5.277
1116.436 9.475
1116.760 9.473
1117.084 9.271
1117.408 7.669
1117.732 0.667
1118.056 -10.535
1118.380 -16.137
1118.704 -13.539
1119.028 -5.941
1119.352 3.857
1119.676 9.454
1120.000 12.252
1120.324 7.050
1120.648 -2.352
1120.972 -15.354
1121.296 -20.556
1121.620 -24.358
1121.944 -21.760
1122.267 -8.762
1122.591 5.436
1122.915 13.233
1123.239 20.431
1123.563 21.229
1123.887 8.827
1124.211 -2.375
1124.535 -0.377
1124.859 1.621
1125.183 -2.982
1125.507 0.016
1125.831 5.214
1126.155 5.012
1126.479 -3.190
1126.803 -5.792
1127.127 -6.995
1127.451 -8.597
1127.775 -12.399
1128.099 -6.801
1128.423 4.997
1128.746 9.994
1129.070 9.992
1129.394 3.590
1129.718 -4.812
1130.042 -7.415
1130.366 -6.617
1130.690 -2.619
1131.014 4.979
1131.338 13.377
1131.662 12.774
1131.986 10.772
1132.310 4.770
1132.634 0.967
1132.958 -6.235
1133.282 -12.837
1133.606 -12.639
1133.930 -9.842
1134.254 -4.644
1134.578 4.554
1134.902 12.951
1135.226 16.349
1135.549 15.547
1135.873 7.745
1136.197 0.142
1136.521 -8.460
1136.845 -13.462
1137.169 -10.465
1137.493 -3.667
1137.817 2.931
1138.141 6.728
1138.465 3.726
1138.789 -3.077
1139.113 -7.679
1139.437 -11.881
1139.761 -14.684
1140.085 -12.686
1140.409 -3.488
1140.733 3.309
1141.057 6.907
1141.381 14.104
1141.705 13.302
1142.028 4.500
1142.352 2.297
1142.676 -2.305
1143.000 -14.308
1143.324 -13.510
1143.648 -10.112
1143.972 -10.715
1144.296 -9.317
1144.620 -7.120
1144.944 -9.122
1145.268 -10.125
1145.592 -13.927
1145.916 -13.130
1146.240 -7.532
1146.564 -12.935
1146.888 -12.937
1147.212 -7.140
1147.536 -4.142
1147.860 -4.144
1148.184 3.253
1148.507 1.251
1148.831 -4.552
1149.155 -12.554
1149.479 -9.557
1149.803 -1.560
1150.127 4.638
1150.451 5.235
1150.775 8.233
1151.099 0.030
1151.423 -16.772
1151.747 -24.375
1152.071 -23.377
1152.395 -17.580
1152.719 -11.582
1153.043 -6.785
1153.367 0.813
1153.691 4.010
1154.015 -5.193
1154.339 -8.795
1154.663 -5.198
1154.987 -3.600
1155.310 -2.803
1155.634 6.794
1155.958 13.992
1156.282 14.789
1156.606 10.987
1156.930 7.784
1157.254 -3.419
1157.578 -16.221
1157.902 -20.624
1158.226 -22.026
1158.550 -27.029
1158.874 -27.832
1159.198 -17.234
1159.522 -5.237
1159.846 3.960
1160.170 10.758
1160.494 20.155
1160.818 18.752
1161.142 9.150
1161.466 1.947
1161.790 4.344
1162.113 1.142
1162.437 3.339
1162.761 12.136
1163.085 17.734
1163.409 18.131
1163.733 19.528
1164.057 17.526
1164.381 9.923
1164.705 2.720
1165.029 1.918
1165.353 8.315
1165.677 13.112
1166.001 15.709
1166.325 13.707
1166.649 10.104
1166.973 6.501
1167.297 2.499
1167.621 1.696
1167.945 -1.107
1168.269 -6.510
1168.592 -7.712
1168.916 -1.115
1169.240 1.682
1169.564 8.079
1169.888 12.877
1170.212 9.874
1170.536 -1.729
1170.860 -2.932
1171.184 -4.134
1171.508 -3.737
1171.832 3.260
1172.156 13.057
1172.480 15.654
1172.804 18.652
1173.128 17.049
1173.452 12.646
1173.776 8.443
1174.100 11.841
1174.424 12.838
1174.748 20.235
1175.072 26.032
1175.395 28.029
1175.719 20.627
1176.043 16.024
1176.367 13.421
1176.691 7.618
1177.015 -0.385
1177.339 -4.788
1177.663 -4.390
1177.987 -10.993
1178.311 -12.396
1178.635 -8.599
1178.959 -1.202
1179.283 1.796
1179.607 3.393
1179.931 -0.810
1180.255 -8.213
1180.579 -12.816
1180.903 -16.819
1181.227 -18.221
1181.551 -14.024
1181.874 -4.427
1182.198 0.970
1182.522 5.967
1182.846 10.764
1183.170 7.562
1183.494 -1.041
1183.818 -11.044
1184.142 -14.447
1184.466 -9.450
1184.790 -2.653
1185.114 -0.856
1185.438 2.542
1185.762 1.739
1186.086 -8.264
1186.410 -13.667
1186.734 -11.870
1187.058 -10.873
1187.382 -7.676
1187.706 4.122
1188.030 3.719
1188.353 7.716
1188.677 10.713
1189.001 5.110
1189.325 -4.093
1189.649 -0.696
1189.973 -5.498
1190.297 -10.701
1190.621 -10.704
1190.945 -12.107
1191.269 -13.910
1191.593 -11.313
1191.917 -5.116
1192.241 -4.118
1192.565 -5.121
1192.889 0.876
1193.213 3.673
1193.537 -2.930
1193.861 1.867
1194.185 3.464
1194.509 -1.738
1194.833 -3.341
1195.156 -1.144
1195.480 -1.747
1195.804 2.650
1196.128 4.047
1196.452 5.445
1196.776 3.242
1197.100 -8.961
1197.424 -15.564
1197.748 -13.167
1198.072 -15.970
1198.396 -11.573
1198.720 -5.975
1199.044 -6.978
1199.368 -7.981
1199.692 -5.984
1200.016 -11.387
1200.340 -7.989
1200.664 -0.992
1200.988 1.005
1201.312 2.602
1201.635 6.199
1201.959 5.596
1202.283 0.594
1202.607 -12.009
1202.931 -22.612
1203.255 -18.015
1203.579 -8.418
1203.903 3.180
1204.227 14.577
1204.551 19.374
1204.875 10.971
1205.199 1.168
1205.523 -10.234
1205.847 -21.437
1206.171 -24.240
1206.495 -19.643
1206.819 -15.845
1207.143 -10.848
1207.467 -1.251
1207.791 5.346
1208.115 6.944
1208.438 8.341
1208.762 3.138
1209.086 -2.265
1209.410 -5.067
1209.734 -6.470
1210.058 -1.273
1210.382 6.124
1210.706 8.322
1211.030 5.719
1211.354 5.116
1211.678 -2.286
1212.002 -13.489
1212.326 -18.492
1212.650 -11.895
1212.974 -2.497
1213.298 4.500
1213.622 11.297
1213.946 18.895
1214.270 21.092
1214.594 6.090
1214.917 -6.913
1215.241 -8.116
1215.565 -9.118
1215.889 -9.121
1216.213 1.876
1216.537 10.674
1216.861 9.071
1217.185 2.469
1217.509 -3.134
1217.833 -12.337
1218.157 -21.339
1218.481 -16.142
1218.805 -5.344
1219.129 -0.747
1219.453 7.651
1219.777 12.848
1220.101 6.445
1220.425 -0.957
1220.749 -10.760
1221.073 -21.762
1221.397 -26.765
1221.720 -21.767
1222.044 -15.970
1222.368 -7.172
1222.692 -2.575
1223.016 -2.777
1223.340 -4.980
1223.664 -3.582
1223.988 -2.984
1224.312 1.413
1224.636 3.611
1224.960 1.808
1225.284 1.606
1225.608 6.204
1225.932 5.201
1226.256 4.199
1226.580 6.596
1226.904 2.194
1227.228 -3.808
1227.552 -4.011
1227.876 -1.213
1228.199 -2.615
1228.523 1.582
1228.847 3.780
1229.171 5.978
1229.495 9.176
1229.819 9.173
1230.143 -0.029
1230.467 -9.631
1230.791 -17.833
1231.115 -13.836
1231.439 -7.038
1231.763 -1.589
1232.087 8.827
