181.241 42.100
181.495 36.350
181.749 29.500
182.003 23.900
182.257 26.300
182.511 27.300
182.765 24.100
183.019 20.300
183.273 11.300
183.528 -2.900
183.782 -9.300
184.036 -7.500
184.290 -4.900
184.544 -4.100
184.798 -2.300
185.052 3.900
185.306 -1.700
185.560 -8.300
185.814 -5.700
186.068 -2.499
186.322 -7.299
186.576 -1.699
186.830 9.101
187.084 10.501
187.339 4.501
187.593 2.701
187.847 0.701
188.101 -1.499
188.355 -4.499
188.609 -2.099
188.863 -4.699
189.117 -4.099
189.371 1.301
189.625 10.301
189.879 14.101
190.133 21.301
190.387 21.101
190.641 17.101
190.895 15.902
191.150 14.702
191.404 9.502
191.658 2.502
191.912 -1.298
192.166 -7.298
192.420 -11.298
192.674 -7.898
192.928 2.502
193.182 3.502
193.436 8.102
193.690 9.902
193.944 0.502
194.198 -11.098
194.452 -10.698
194.706 -14.298
194.961 -13.498
195.215 -9.098
195.469 -3.898
195.723 -5.697
195.977 -5.097
196.231 -5.697
196.485 -5.097
196.739 -8.297
196.993 -4.297
197.247 1.703
197.501 3.103
197.755 5.103
198.009 11.703
198.263 6.303
198.517 -0.497
198.772 0.703
199.026 -1.097
199.280 -4.897
199.534 1.503
199.788 5.503
200.042 4.103
200.296 9.504
200.550 10.304
200.804 3.704
201.058 -0.096
201.312 1.504
201.566 1.904
201.820 10.104
202.074 19.304
202.328 26.904
202.583 30.704
202.837 33.304
203.091 27.904
203.345 22.504
203.599 17.504
203.853 11.904
204.107 9.904
204.361 16.704
204.615 18.504
204.869 19.105
205.123 23.505
205.377 23.305
205.631 19.705
205.885 19.505
206.139 16.305
206.394 15.905
206.648 19.505
206.902 15.705
207.156 17.505
207.410 24.905
207.664 24.505
207.918 18.705
208.172 18.505
208.426 9.105
208.680 0.105
208.934 -4.495
209.188 -7.895
209.442 -12.094
209.696 -6.294
209.950 0.706
210.205 4.306
210.459 12.106
210.713 19.506
210.967 14.906
211.221 2.706
211.475 -2.294
211.729 -13.294
211.983 -19.494
212.237 -16.494
212.491 -10.494
212.745 -10.094
212.999 -4.094
213.253 1.906
213.507 6.106
213.761 9.306
214.016 11.707
214.270 11.707
214.524 9.507
214.778 4.307
215.032 -0.893
215.286 -3.093
215.540 -2.493
215.794 -4.693
216.048 -5.093
216.302 -0.293
216.556 1.307
216.810 -4.693
217.064 -5.693
217.318 -1.493
217.572 4.707
217.827 9.107
218.081 13.707
218.335 15.908
218.589 15.708
218.843 11.708
219.097 1.708
219.351 -5.092
219.605 -6.292
219.859 -10.092
220.113 -11.092
220.367 -5.692
220.621 -3.092
220.875 2.108
221.129 9.108
221.383 7.108
221.638 3.308
221.892 5.308
222.146 -1.492
222.400 -4.292
222.654 -3.691
222.908 0.109
223.162 -0.091
223.416 1.109
223.670 -4.091
223.924 -5.291
224.178 -3.291
224.432 1.509
224.686 5.709
224.940 11.909
225.195 17.109
225.449 14.509
225.703 4.509
225.957 -1.491
226.211 1.509
226.465 -2.691
226.719 -6.291
226.973 -0.890
227.227 -1.490
227.481 -7.490
227.735 -11.290
227.989 -18.090
228.243 -23.090
228.497 -19.090
228.751 -18.290
229.006 -11.090
229.260 2.110
229.514 8.310
229.768 4.510
230.022 2.110
230.276 -5.290
230.530 -9.890
230.784 -5.290
231.038 1.711
231.292 6.711
231.546 10.911
231.800 9.311
232.054 4.311
232.308 1.311
232.562 -3.289
232.817 -6.289
233.071 -2.289
233.325 -4.489
233.579 -7.489
233.833 -7.089
234.087 -5.689
234.341 0.911
234.595 6.111
234.849 11.911
235.103 17.711
235.357 24.112
235.611 19.312
235.865 16.512
236.119 13.112
236.373 8.512
236.628 5.112
236.882 4.712
237.136 6.712
237.390 12.112
237.644 15.712
237.898 13.912
238.152 11.312
238.406 7.112
238.660 -1.288
238.914 -5.488
239.168 -6.888
239.422 -12.487
239.676 -14.687
239.930 -11.487
240.184 -8.087
240.439 -4.887
240.693 0.313
240.947 4.513
241.201 9.113
241.455 7.113
241.709 1.313
241.963 -0.087
242.217 -2.087
242.471 -7.887
242.725 -6.287
242.979 -3.887
243.233 -2.487
243.487 0.514
243.741 5.514
243.995 6.714
244.250 9.714
244.504 16.314
244.758 23.514
245.012 21.114
245.266 23.314
245.520 28.314
245.774 28.914
246.028 19.314
246.282 20.914
246.536 18.914
246.790 6.914
247.044 -1.286
247.298 0.514
247.552 -3.885
247.806 -9.485
248.061 -4.685
248.315 -5.685
248.569 -9.085
248.823 -7.685
249.077 -4.685
249.331 -4.685
249.585 -3.885
249.839 0.915
250.093 2.515
250.347 4.515
250.601 9.115
250.855 16.515
251.109 19.515
251.363 18.316
251.617 19.316
251.872 21.716
252.126 23.316
252.380 21.116
252.634 15.116
252.888 8.716
253.142 -1.684
253.396 -11.484
253.650 -16.284
253.904 -14.284
254.159 -13.484
254.413 -13.084
254.667 -11.884
254.922 -7.684
255.176 -4.084
255.431 1.717
255.685 12.117
255.939 21.317
256.194 18.717
256.448 19.317
256.702 13.317
256.957 3.117
257.211 -1.683
257.465 0.717
257.720 6.117
257.974 15.517
258.228 20.517
258.483 18.117
258.737 15.917
258.992 8.117
259.246 1.318
259.500 -6.082
259.755 -9.082
260.009 -5.882
260.263 -6.882
260.518 -1.082
260.772 8.318
261.026 6.518
261.281 2.318
261.535 0.118
261.789 -15.882
262.044 -26.282
262.298 -29.482
262.553 -24.682
262.807 -16.882
263.061 -13.681
263.316 -12.081
263.570 -4.681
263.824 -4.481
264.079 -3.481
264.333 -0.681
264.587 4.719
264.842 12.519
265.096 13.519
265.351 11.319
265.605 15.719
265.859 11.519
266.114 5.319
266.368 11.119
266.622 20.720
266.877 23.520
267.131 26.720
267.385 31.920
267.640 26.120
267.894 14.520
268.148 7.120
268.403 5.520
268.657 -3.880
268.912 -9.280
269.166 -10.480
269.420 -7.080
269.675 -6.680
269.929 -4.880
270.183 -7.880
270.438 -7.879
270.692 -9.079
270.946 -7.879
271.201 -4.279
271.455 -0.879
271.709 -3.679
271.964 -6.679
272.218 -5.079
272.473 -2.679
272.727 -1.679
272.981 -2.279
273.236 -0.079
273.490 0.921
273.744 -5.879
273.999 -5.678
274.253 0.922
274.507 2.122
274.762 -1.878
275.016 -8.478
275.271 -14.078
275.525 -15.278
275.779 -15.678
276.034 -13.478
276.288 -3.278
276.542 5.922
276.797 5.722
277.051 3.122
277.305 1.122
277.560 -3.478
277.814 -8.277
278.068 -5.277
278.323 5.323
278.577 10.923
278.832 15.323
279.086 15.123
279.340 5.923
279.595 -1.277
279.849 -4.077
280.103 -5.077
280.358 -2.277
280.612 7.123
280.866 10.123
281.121 7.523
281.375 2.724
281.629 5.524
281.884 11.524
282.138 12.324
282.393 10.124
282.647 11.124
282.901 4.324
283.156 -2.876
283.410 -3.276
283.664 5.924
283.919 15.324
284.173 23.724
284.427 21.324
284.682 16.324
284.936 10.525
285.191 3.725
285.445 -6.075
285.699 -6.675
285.954 -2.675
286.208 3.325
286.462 7.925
286.717 10.925
286.971 8.725
287.225 5.925
287.480 -1.875
287.734 -4.875
287.988 -1.475
288.243 3.126
288.497 2.726
288.752 0.926
289.006 -4.674
289.260 -6.074
289.515 -0.874
289.769 0.726
290.023 1.726
290.278 6.726
290.532 10.926
290.786 12.526
291.041 12.526
291.295 15.326
291.549 16.326
291.804 7.127
292.058 -7.873
292.313 -10.673
292.567 -10.873
292.821 -13.073
293.076 -6.073
293.330 0.927
293.584 1.327
293.839 3.127
294.093 12.327
294.347 18.327
294.602 23.327
294.856 28.927
295.111 30.928
295.365 17.928
295.619 5.528
295.874 1.528
296.128 -5.872
296.382 -15.872
296.637 -12.272
296.891 -8.672
297.145 -12.272
297.400 -15.872
297.654 -11.072
297.908 -10.272
298.163 -10.472
298.417 -9.072
298.672 -3.671
298.926 -0.471
299.180 -1.471
299.435 -3.071
299.689 -1.271
299.943 -2.471
300.198 -5.671
300.452 -7.671
300.706 -12.071
300.961 -11.071
301.215 -5.671
301.469 -4.871
301.724 -4.071
301.978 -0.870
302.233 -5.070
302.487 -7.270
302.741 -0.870
302.996 7.730
303.250 12.930
303.504 15.130
303.759 15.330
304.013 11.130
304.267 6.930
304.522 2.130
304.776 -1.070
305.031 -2.470
305.285 -3.669
305.539 -4.469
305.794 -2.269
306.048 4.331
306.302 8.131
306.557 8.931
306.811 3.531
307.065 -5.069
307.320 -12.669
307.574 -16.869
307.828 -16.069
308.083 -8.469
308.337 3.332
308.592 7.732
308.846 9.332
309.100 9.932
309.355 2.732
309.609 -3.268
309.863 -2.268
310.118 -9.268
310.372 -14.068
310.626 -9.868
310.881 0.332
311.135 2.332
311.389 5.932
311.644 1.733
311.898 -8.467
312.153 -19.867
312.407 -23.067
312.661 -25.267
312.916 -18.467
313.170 -8.867
313.429 -8.867
313.688 -8.067
313.947 -3.467
314.206 -0.867
314.465 -1.267
314.724 1.133
314.983 1.334
315.242 4.934
315.501 8.534
315.760 19.534
316.019 24.534
316.278 24.534
316.536 22.134
316.795 12.734
317.054 -1.066
317.313 -0.266
317.572 4.334
317.831 6.334
318.090 11.735
318.349 14.535
318.608 9.135
318.867 10.935
319.126 13.935
319.385 8.735
319.644 11.135
319.903 14.335
320.162 6.535
320.421 -2.865
320.680 -2.065
320.939 -5.265
321.198 -7.464
321.457 -7.264
321.716 -8.264
321.975 -10.264
322.234 -9.064
322.493 -6.864
322.752 1.136
323.010 15.336
323.269 20.336
323.528 26.536
323.787 31.536
324.046 26.136
324.305 15.937
324.564 15.737
324.823 8.937
325.082 5.537
325.341 7.937
325.600 12.737
325.859 15.337
326.118 15.737
326.377 17.137
326.636 16.737
326.895 14.337
327.154 10.737
327.413 12.538
327.672 6.938
327.931 4.338
328.190 4.738
328.449 10.938
328.708 14.338
328.967 15.738
329.226 12.538
329.485 9.338
329.743 6.738
330.002 0.338
330.261 -3.062
330.520 -3.061
330.779 2.139
331.038 3.339
331.297 11.539
331.556 20.539
331.815 22.939
332.074 15.339
332.333 12.139
332.592 7.539
332.851 2.539
333.110 -1.061
333.369 -2.461
333.628 -5.460
333.887 -7.860
334.146 -9.060
334.405 -4.460
334.664 1.140
334.923 2.940
335.182 1.140
335.441 1.140
335.700 5.140
335.959 8.140
336.217 9.940
336.476 10.341
336.735 6.341
336.994 -1.059
337.253 -3.459
337.512 -4.259
337.771 -0.259
338.030 7.141
338.289 9.741
338.548 12.741
338.807 10.541
339.066 4.941
339.325 -1.059
339.584 -2.258
339.843 -1.458
340.102 2.142
340.361 8.342
340.620 12.542
340.879 16.942
341.138 15.142
341.397 15.142
341.656 12.342
341.915 11.742
342.174 11.342
342.433 9.743
342.691 7.143
342.950 7.143
343.209 8.143
343.468 2.743
343.727 -2.057
343.986 -0.457
344.245 4.343
344.504 3.943
344.763 4.143
345.022 5.543
345.281 -0.657
345.540 -5.856
345.799 -5.656
346.058 -3.656
346.317 -1.656
346.576 2.344
346.835 -1.256
347.094 -1.056
347.353 0.744
347.612 6.744
347.871 12.344
348.130 15.544
348.389 12.545
348.648 9.745
348.907 1.545
349.166 -7.255
349.424 -7.455
349.683 -10.255
349.942 -11.855
350.201 -0.455
350.460 9.345
350.719 11.345
350.978 15.145
351.237 15.946
351.496 2.946
351.755 -5.254
352.014 -5.654
352.273 -5.254
352.532 -1.254
352.791 4.346
353.050 8.346
353.309 10.146
353.568 10.546
353.827 9.546
354.086 8.347
354.345 1.747
354.604 -2.653
354.863 -3.653
355.122 -3.653
355.381 -0.453
355.640 11.747
355.898 22.947
356.157 33.147
356.416 37.347
356.675 36.948
356.934 28.948
357.193 20.748
357.452 20.548
357.711 22.348
357.970 23.748
358.229 21.748
358.488 18.148
358.747 5.148
359.006 -3.852
359.265 -6.052
359.524 -3.051
359.783 -6.451
360.042 -5.851
360.301 -7.651
360.560 -11.651
360.819 -10.851
361.078 -4.251
361.337 6.549
361.596 16.549
361.855 18.949
362.114 12.549
362.372 7.750
362.631 -0.850
362.890 -6.650
363.149 -2.250
363.408 7.150
363.667 9.150
363.926 5.150
364.185 0.950
364.444 -7.850
364.703 -12.850
364.962 -15.449
365.221 -9.249
365.480 0.751
365.741 11.551
366.002 17.551
366.264 21.751
366.525 16.951
366.786 1.751
367.047 -6.649
367.308 -6.249
367.570 2.352
367.831 4.952
368.092 17.152
368.353 26.552
368.614 20.952
368.876 9.952
369.137 9.152
369.398 5.752
369.659 3.352
369.920 -0.648
370.182 -5.448
370.443 -7.447
370.704 -9.247
370.965 -13.847
371.226 -7.647
371.488 4.553
371.749 10.153
372.010 10.153
372.271 12.953
372.532 14.353
372.794 8.553
373.055 5.154
373.316 5.554
373.577 1.754
373.838 -4.246
374.100 -5.046
374.361 -3.646
374.622 0.554
374.883 5.354
375.144 15.154
375.406 20.154
375.667 24.955
375.928 25.155
376.189 19.955
376.450 9.555
376.712 0.955
376.973 -8.045
377.234 -10.245
377.495 -13.845
377.756 -15.845
378.018 -11.845
378.279 -6.044
378.540 -4.644
378.801 7.556
379.062 13.556
379.324 13.756
379.585 10.756
379.846 2.756
380.107 -6.444
380.368 -7.644
380.630 -8.844
380.891 -9.243
381.152 -4.443
381.413 -0.843
381.674 1.757
381.936 1.957
382.197 -1.043
382.458 -6.643
382.719 -8.243
382.980 -6.643
383.242 -3.242
383.503 5.358
383.764 13.558
384.025 11.358
384.286 9.158
384.548 6.558
384.809 -7.442
385.070 -16.042
385.331 -15.842
385.592 -16.642
385.854 -12.641
386.115 1.359
386.376 12.159
386.637 13.959
386.898 17.159
387.160 16.159
387.421 10.759
387.682 4.559
387.943 5.559
388.204 4.959
388.466 8.360
388.727 14.560
388.988 18.360
389.249 17.360
389.510 15.160
389.772 8.560
390.033 5.760
390.294 6.960
390.555 11.760
390.816 11.361
391.078 10.561
391.339 6.761
391.600 3.361
391.861 0.961
392.122 2.761
392.384 10.761
392.645 15.161
392.906 15.761
393.167 7.161
393.428 -1.838
393.690 -3.038
393.951 1.162
394.212 1.362
394.473 9.562
394.734 20.962
394.996 18.162
395.257 4.962
395.518 3.162
395.779 2.763
396.040 -3.037
396.302 -1.437
396.563 6.763
396.824 4.163
397.085 2.963
397.346 3.963
397.608 -3.437
397.869 -13.437
398.130 -9.436
398.391 -6.236
398.652 -1.436
398.914 4.164
399.175 8.364
399.436 12.164
399.697 12.364
399.958 12.364
400.220 17.164
400.481 23.565
400.742 24.565
401.003 26.165
401.264 23.165
401.526 20.565
401.787 27.965
402.048 34.765
402.309 28.365
402.570 21.365
402.832 22.366
403.093 11.166
403.354 -4.234
403.615 -4.834
403.876 1.366
404.138 -2.634
404.399 1.166
404.660 6.366
404.931 -0.834
405.202 -7.433
405.473 -5.233
405.745 -5.833
406.016 -9.633
406.287 -2.833
406.558 3.967
406.829 10.967
407.100 16.967
407.371 21.167
407.642 23.168
407.914 22.368
408.185 16.568
408.456 14.568
408.727 17.568
408.998 15.168
409.269 13.968
409.540 8.168
409.811 -2.432
410.083 -12.631
410.354 -9.431
410.625 -9.231
410.896 -9.431
411.167 -9.831
411.438 -5.431
411.709 -12.431
411.981 -13.431
412.252 -10.031
412.523 -6.030
412.794 -7.630
413.065 -3.830
413.336 -1.430
413.607 -1.830
413.878 -1.030
414.150 6.370
414.421 10.770
414.692 9.970
414.963 11.171
415.234 19.171
415.505 19.171
415.776 20.971
416.047 25.371
416.319 26.571
416.590 26.771
416.861 33.971
417.132 30.972
417.403 24.172
417.674 10.772
417.945 -7.828
418.217 -21.228
418.488 -31.628
418.759 -29.228
419.030 -15.628
419.301 -2.228
419.572 -0.627
419.843 3.173
420.114 5.973
420.386 2.573
420.657 0.973
420.928 1.973
421.199 9.573
421.470 7.573
421.741 8.374
422.012 10.174
422.283 15.174
422.555 19.374
422.826 20.374
423.097 24.774
423.368 27.174
423.639 16.974
423.910 1.774
424.181 -5.425
424.453 -13.425
424.724 -21.025
424.995 -17.025
425.266 -9.825
425.537 -2.025
425.808 -0.625
426.079 5.175
426.350 9.376
426.622 10.176
426.893 8.776
427.164 11.576
427.435 13.376
427.706 10.776
427.977 10.376
428.248 10.176
428.519 7.577
428.791 2.977
429.062 2.777
429.333 0.577
429.604 -3.823
429.875 -3.623
430.146 -3.623
430.417 -6.423
430.689 -1.622
430.960 3.578
431.231 -1.022
431.502 0.378
431.773 0.778
432.044 -7.622
432.315 -12.222
432.586 -4.222
432.858 -0.022
433.129 7.779
433.400 18.979
433.671 26.979
433.942 30.779
434.213 25.579
434.484 17.979
434.755 13.179
435.027 12.179
435.298 12.980
435.569 12.380
435.840 11.380
436.114 9.980
436.388 5.180
436.663 -4.020
436.937 -7.420
437.211 -9.420
437.485 -7.819
437.759 -1.219
438.034 2.381
438.308 1.981
438.582 7.581
438.856 14.981
439.130 11.381
439.405 6.182
439.679 9.182
439.953 8.782
440.227 0.582
440.501 2.182
440.776 5.582
441.050 5.982
441.324 4.582
441.598 4.983
441.872 -0.617
442.147 -2.017
442.421 0.583
442.695 1.983
442.969 3.383
443.244 3.583
443.518 2.783
443.792 0.984
444.066 1.784
444.340 3.184
444.615 2.184
444.889 4.784
445.163 5.784
445.437 5.584
445.711 3.584
445.986 -1.015
446.260 -7.815
446.534 -9.415
446.808 -13.015
447.082 -17.415
447.357 -10.015
447.631 -2.415
447.905 -0.214
448.179 1.986
448.453 7.586
448.728 10.386
449.002 17.586
449.276 21.386
449.550 19.386
449.824 15.398
450.099 11.401
450.373 -0.565
450.647 -8.156
450.921 -4.580
451.195 0.573
451.470 1.759
451.744 3.946
452.018 11.636
452.292 17.725
452.566 17.906
452.841 13.580
453.115 12.411
453.389 2.967
453.663 -8.240
453.937 -10.803
454.212 -2.179
454.486 6.635
454.760 9.968
455.034 8.796
455.308 7.817
455.583 4.878
455.857 3.299
456.131 6.036
456.405 8.973
456.680 11.903
456.954 14.843
457.228 10.746
457.502 9.376
457.776 10.548
458.051 12.511
458.325 11.536
458.599 13.100
458.873 11.148
459.147 11.148
459.422 7.824
459.696 7.440
459.970 9.415
460.244 14.921
460.518 18.069
460.793 19.059
461.067 11.787
461.341 5.688
461.615 6.099
461.889 5.718
462.164 2.960
462.438 7.296
462.712 17.989
462.986 19.803
463.260 16.246
463.535 15.250
463.809 13.264
464.083 5.537
464.357 -1.197
464.631 1.794
464.906 8.975
465.180 12.961
465.454 14.565
465.728 19.769
466.002 22.580
466.277 20.406
466.551 17.414
466.825 15.618
467.099 14.242
467.373 7.426
467.648 1.800
467.922 2.807
468.196 0.994
468.470 -2.622
468.744 -1.414
469.019 0.598
469.293 -2.432
469.567 1.808
469.841 9.102
470.116 7.484
470.390 7.282
470.664 15.574
470.938 11.531
471.212 -1.204
471.487 -1.202
471.761 -0.395
472.035 -4.241
472.309 1.413
472.583 6.454
472.858 8.474
473.132 1.216
473.406 -3.821
473.680 -10.279
473.954 -14.913
474.229 -18.327
474.503 -10.470
474.777 -6.851
475.051 -5.436
475.325 -1.409
475.600 3.205
475.874 2.001
476.148 5.391
476.422 11.381
476.696 12.770
476.971 14.356
477.245 17.336
477.519 15.522
477.793 10.329
478.067 9.529
478.342 9.892
478.616 10.463
478.890 6.116
479.164 6.703
479.438 7.679
479.713 1.976
479.987 0.582
480.261 0.985
480.535 -0.977
480.809 -1.377
481.084 3.323
481.358 10.133
481.632 17.729
481.906 16.570
482.180 13.843
482.455 15.775
482.729 10.106
483.003 5.238
483.277 7.376
483.551 10.095
483.826 5.824
484.100 4.849
484.374 5.811
484.648 4.456
484.923 6.579
485.197 8.899
485.471 8.701
485.745 5.609
486.019 7.544
486.294 5.417
486.568 5.803
486.842 6.579
487.116 11.987
487.390 13.725
487.665 12.372
487.939 10.053
488.213 6.765
488.487 5.617
488.761 8.332
489.036 14.928
489.310 15.123
489.584 18.423
489.858 18.047
490.132 16.897
490.407 12.245
490.681 12.830
490.955 12.644
491.229 10.701
491.503 11.297
491.778 12.476
492.052 15.211
492.326 18.338
492.600 20.491
492.874 19.723
493.149 21.880
493.423 21.499
493.697 17.017
493.971 15.069
494.245 15.084
494.520 9.806
494.794 0.782
495.068 -0.589
495.342 0.398
495.616 6.309
495.891 14.168
496.165 20.456
496.439 20.653
496.713 21.252
496.987 15.556
497.262 14.004
497.536 18.542
497.810 21.891
498.084 19.918
498.359 13.414
498.633 10.461
498.907 7.110
499.181 2.577
499.455 0.802
499.730 0.210
500.004 -0.382
500.278 4.752
500.552 13.834
500.826 19.762
501.101 28.644
501.375 29.440
501.649 29.256
501.923 24.920
502.197 23.145
502.472 20.387
502.746 16.830
503.020 6.942
503.294 2.590
503.568 -0.377
503.843 -3.938
504.117 -3.344
504.391 -4.340
504.665 -4.736
504.939 -2.161
505.214 1.595
505.488 4.364
505.762 13.661
506.036 11.688
506.310 7.929
506.585 5.162
506.859 0.218
507.133 -0.778
507.407 6.715
507.681 7.899
507.956 7.111
508.230 10.460
508.504 9.063
508.778 7.279
509.052 9.433
509.327 14.318
509.601 19.379
509.875 13.902
510.149 9.016
510.423 12.679
510.698 12.450
510.972 6.782
511.246 9.321
511.520 13.389
511.795 6.029
512.069 -0.542
512.343 -0.745
512.617 -2.084
512.891 -9.177
513.166 -8.785
513.440 -2.478
513.714 3.604
513.988 7.412
514.262 13.334
514.537 13.720
514.811 11.421
515.085 7.972
515.359 4.184
515.633 3.236
515.908 6.254
516.182 5.119
516.456 -4.128
516.730 -9.410
517.004 -8.465
517.279 -11.293
517.553 -9.968
517.827 -4.690
518.101 4.369
518.375 -0.352
518.650 -3.570
518.924 -4.325
519.198 -3.757
519.472 -5.644
519.746 -5.659
520.021 -3.582
520.295 -1.675
520.569 -3.387
520.843 -6.432
521.117 -6.263
521.392 -5.126
521.666 -5.687
521.940 0.234
522.214 7.685
522.488 11.882
522.763 13.608
523.037 17.275
523.311 19.032
523.585 11.165
523.859 5.767
524.134 3.844
524.408 5.033
524.682 4.102
524.956 8.928
525.231 12.778
525.505 10.064
525.779 6.220
526.053 7.412
526.327 6.837
526.602 10.723
526.876 14.018
527.150 11.891
527.424 10.160
527.698 9.580
527.973 6.859
528.247 5.492
528.521 5.302
528.795 -1.339
529.069 -5.262
529.344 -5.066
529.618 -1.733
529.892 -3.693
530.166 -7.043
530.440 -0.951
530.715 -0.753
530.989 -9.016
531.263 -10.595
531.537 0.243
531.811 6.372
532.086 3.412
532.360 8.725
532.634 19.785
532.908 18.412
533.182 9.329
533.457 14.870
533.731 17.440
534.005 9.932
534.279 5.580
534.553 3.993
534.828 -2.948
535.102 -5.523
535.376 -2.738
535.650 0.635
535.924 2.222
536.199 9.170
536.473 18.289
536.747 16.700
537.021 10.745
537.295 14.515
537.570 7.568
537.844 -2.942
538.118 -8.103
538.392 -9.092
538.666 -6.909
538.941 -2.346
539.215 0.830
539.489 6.974
539.763 13.120
540.038 7.565
540.312 4.594
540.586 5.386
540.860 5.782
541.134 3.802
541.409 12.102
541.683 19.621
541.957 16.654
542.231 14.274
542.505 21.578
542.780 21.973
543.054 20.179
543.328 25.508
543.602 31.022
543.876 29.037
544.151 27.821
544.425 30.973
544.699 31.360
544.973 24.856
545.247 23.862
545.522 19.328
545.796 14.592
546.070 12.226
546.351 8.883
546.632 4.360
546.912 7.492
547.193 6.707
547.474 4.938
547.755 9.259
548.036 11.413
548.317 6.706
548.597 5.137
548.878 4.941
549.159 4.939
549.440 7.089
549.721 5.326
550.001 6.501
550.282 12.568
550.563 19.028
550.844 19.610
551.125 25.671
551.406 28.603
551.686 20.190
551.967 14.316
552.248 13.334
552.529 7.860
552.810 9.219
553.090 10.001
553.371 8.440
553.652 7.463
553.933 14.299
554.214 12.161
554.495 16.860
554.775 15.686
555.056 18.242
555.337 21.006
555.618 21.009
555.899 16.114
556.179 23.361
556.460 18.659
556.741 7.495
557.022 5.536
557.303 7.101
557.584 -0.344
557.864 -1.126
558.145 7.121
558.426 8.903
558.707 8.311
558.988 7.716
559.268 11.465
559.549 6.367
559.830 6.762
560.111 11.689
560.392 10.509
560.673 7.354
560.953 8.338
561.234 7.944
561.515 9.735
561.796 15.851
562.077 12.095
562.357 5.573
562.638 -1.356
562.919 -8.278
563.200 -10.442
563.481 -1.897
563.762 8.840
564.042 18.982
564.323 29.946
564.604 38.512
564.885 43.880
565.166 45.067
565.446 37.101
565.727 28.524
566.008 21.749
566.289 18.565
566.570 18.764
566.851 26.143
567.131 34.351
567.412 39.591
567.693 34.240
567.974 23.671
568.255 19.287
568.535 8.682
568.816 0.055
569.097 -0.343
569.378 0.866
569.659 8.278
569.940 16.691
570.220 16.694
570.501 13.881
570.782 11.678
571.063 3.863
571.344 3.076
571.624 10.720
571.905 15.352
572.186 25.826
572.467 32.908
572.748 24.260
573.029 20.270
573.309 25.586
573.590 24.630
573.871 23.246
574.152 36.657
574.433 46.400
574.713 44.954
574.994 47.139
575.275 48.718
575.556 41.574
575.837 37.660
576.118 33.395
576.398 34.618
576.679 41.734
576.960 48.867
577.245 49.745
577.531 57.525
577.816 57.606
578.102 55.468
578.387 58.413
578.672 58.474
578.958 55.620
579.243 53.751
579.529 56.700
579.814 60.145
580.099 65.786
580.385 72.826
580.670 82.606
580.956 87.500
581.241 84.635
581.526 79.300
581.812 76.226
582.097 71.463
582.382 68.677
582.668 74.080
582.953 81.230
583.239 93.087
583.524 100.255
583.809 98.260
584.095 98.900
584.380 102.279
584.666 105.307
584.951 112.149
585.236 124.726
585.522 131.306
585.807 142.262
586.093 147.866
586.378 147.920
586.663 145.062
586.949 144.728
587.234 145.472
587.520 145.990
587.805 151.855
588.090 159.332
588.376 166.577
588.661 168.448
588.947 176.894
589.232 182.273
589.517 186.110
589.803 198.057
590.088 211.551
590.374 213.594
590.659 216.839
590.944 223.332
591.230 229.709
591.515 236.472
591.800 250.509
592.086 266.614
592.371 280.073
592.657 281.129
592.942 280.445
593.227 279.618
593.513 280.775
593.798 283.361
594.084 300.650
594.369 316.851
594.654 326.228
594.940 336.440
595.225 346.902
595.511 348.251
595.796 349.780
596.081 357.216
596.367 369.199
596.652 383.791
596.938 398.652
597.223 414.506
597.508 437.298
597.794 456.144
598.079 467.279
598.365 476.417
598.650 492.771
598.935 507.095
599.221 513.634
599.506 530.574
599.792 543.744
600.077 552.305
600.362 565.236
600.648 583.626
600.933 598.641
601.218 620.113
601.504 649.866
601.789 678.768
602.075 704.129
602.360 725.496
602.645 747.202
602.931 768.184
603.216 778.940
603.502 794.932
603.787 827.410
604.072 861.682
604.358 885.502
604.643 912.880
604.929 940.807
605.214 962.046
605.499 984.835
605.785 1018.479
606.070 1059.111
606.356 1101.496
606.641 1142.976
606.926 1177.308
607.212 1209.182
607.497 1243.513
607.783 1281.168
608.068 1314.219
608.353 1355.442
608.639 1396.452
608.924 1428.809
609.210 1466.757
609.495 1508.270
609.780 1552.354
610.066 1603.056
610.351 1650.604
610.636 1692.616
610.922 1735.668
611.207 1775.196
611.493 1815.802
611.778 1864.706
612.063 1906.181
612.349 1964.044
612.634 2024.159
612.920 2082.930
613.205 2149.515
613.490 2218.464
613.776 2273.355
614.061 2326.667
614.347 2382.024
614.632 2432.688
614.917 2498.424
615.203 2573.372
615.488 2655.645
615.774 2739.585
616.059 2829.627
616.344 2910.185
616.630 2986.524
616.915 3060.774
617.201 3138.517
617.486 3216.531
617.771 3299.726
618.057 3385.347
618.342 3473.327
618.627 3562.132
618.913 3650.995
619.198 3746.708
619.484 3845.042
619.769 3947.096
620.054 4047.396
620.340 4147.203
620.625 4246.551
620.911 4340.358
621.196 4446.499
621.481 4545.948
621.767 4643.511
622.052 4745.890
622.338 4869.017
622.623 4990.215
622.908 5109.245
623.194 5226.801
623.479 5345.123
623.765 5459.055
624.050 5583.545
624.335 5722.331
624.621 5863.797
624.906 5992.948
625.192 6120.767
625.477 6246.620
625.762 6370.256
626.048 6504.275
626.333 6664.840
626.619 6828.169
626.904 6993.237
627.189 7154.299
627.475 7320.359
627.760 7494.900
628.045 7683.719
628.331 7867.481
628.616 8070.824
628.902 8291.004
629.187 8495.850
629.472 8697.439
629.758 8921.197
630.043 9157.535
630.329 9379.871
630.614 9616.214
630.899 9854.636
631.185 10089.081
631.470 10332.316
631.756 10593.863
632.041 10863.604
632.326 11128.679
632.612 11393.046
632.897 11673.783
633.183 11953.320
633.468 12229.414
633.753 12516.780
634.039 12806.831
634.324 13079.606
634.610 13362.710
634.895 13660.662
635.180 13960.665
635.466 14255.860
635.751 14550.989
636.037 14821.102
636.322 15085.578
636.607 15342.616
636.893 15598.035
637.178 15844.310
637.463 16083.892
637.749 16310.530
638.034 16535.144
638.320 16751.602
638.605 16947.706
638.890 17147.871
639.176 17343.345
639.461 17497.901
639.747 17648.794
640.032 17792.290
640.317 17914.894
640.603 18026.000
640.888 18149.942
641.174 18220.288
641.459 18235.459
641.744 18227.006
642.030 18180.316
642.315 18105.829
642.601 18017.136
642.886 17921.935
643.171 17797.635
643.457 17635.838
643.742 17445.468
644.028 17218.806
644.313 16966.689
644.598 16679.137
644.884 16355.681
645.169 15985.160
645.455 15617.305
645.740 15233.835
646.025 14837.727
646.311 14434.116
646.596 14037.562
646.881 13618.159
647.167 13202.843
647.452 12787.348
647.738 12362.202
648.023 11931.124
648.308 11514.282
648.594 11099.336
648.879 10681.581
649.165 10280.441
649.450 9893.778
649.735 9510.809
650.021 9135.697
650.306 8790.879
650.592 8456.481
650.877 8131.518
651.162 7825.711
651.448 7532.608
651.733 7237.373
652.019 6963.389
652.304 6707.034
652.589 6451.241
652.875 6201.114
653.160 5972.036
653.446 5753.964
653.731 5535.538
654.016 5330.551
654.302 5141.645
654.587 4946.267
654.873 4754.243
655.158 4575.687
655.443 4397.281
655.729 4221.793
656.014 4061.998
656.299 3912.878
656.585 3757.498
656.870 3616.045
657.156 3483.538
657.441 3356.994
657.726 3233.704
658.012 3112.209
658.297 2985.282
658.583 2857.719
658.868 2726.148
659.153 2594.398
659.439 2482.548
659.724 2386.049
660.010 2283.868
660.295 2189.698
660.580 2102.716
660.866 2015.205
661.151 1923.222
661.437 1845.880
661.722 1770.111
662.007 1691.258
662.293 1617.514
662.578 1553.523
662.864 1487.150
663.149 1429.111
663.434 1369.617
663.720 1310.508
664.005 1250.208
664.290 1197.385
664.576 1149.007
664.861 1103.010
665.147 1055.137
665.432 1013.370
665.717 973.912
666.003 928.632
666.288 893.646
666.574 858.938
666.859 813.080
667.144 770.996
667.430 751.018
667.715 723.936
668.001 698.495
668.286 680.334
668.571 660.896
668.857 623.499
669.142 590.378
669.428 560.634
669.713 533.051
669.998 503.434
670.284 476.207
670.569 462.082
670.855 450.543
671.140 438.496
671.425 427.956
671.711 418.769
671.996 405.085
672.282 387.037
672.567 369.580
672.852 348.153
673.138 329.838
673.423 310.661
673.708 296.888
673.994 288.955
674.279 283.223
674.565 271.268
674.850 260.335
675.135 253.780
675.421 240.966
675.706 230.357
675.992 226.111
676.277 216.492
676.562 205.861
676.848 203.522
677.133 204.534
677.419 199.795
677.704 198.085
677.989 194.748
678.275 182.866
678.560 169.035
678.846 162.950
679.131 151.783
679.416 147.144
679.702 149.270
679.987 142.821
680.273 138.036
680.558 136.281
680.843 123.307
681.129 111.100
681.414 107.866
681.700 96.081
681.985 89.174
682.270 94.106
682.556 94.759
682.841 93.741
683.126 90.076
683.412 83.348
683.697 77.006
683.983 75.356
684.268 72.522
684.553 75.622
684.839 78.694
685.124 71.763
685.410 66.671
685.695 67.266
685.980 60.713
686.266 53.972
686.551 48.264
686.837 37.473
687.122 28.520
687.407 30.346
687.693 35.635
687.978 36.240
688.264 39.292
688.549 37.655
688.834 29.708
689.120 21.966
689.405 18.913
689.691 18.280
689.976 16.834
690.261 22.924
690.547 28.601
690.832 38.530
691.118 38.322
691.403 38.115
691.688 38.083
691.974 31.776
692.259 26.295
692.544 29.310
692.830 27.477
693.115 27.275
693.401 29.691
693.686 27.255
693.971 16.755
694.257 11.101
694.542 4.425
694.828 0.387
695.113 2.209
695.398 9.256
695.684 19.123
695.969 29.785
696.255 38.011
696.540 42.409
696.834 43.604
697.127 39.376
697.421 30.916
697.715 23.685
698.008 16.656
698.302 10.832
698.596 12.827
698.889 17.226
699.183 19.428
699.477 18.423
699.771 24.616
700.064 24.202
700.358 20.191
700.652 20.976
700.945 24.173
701.239 16.383
701.533 16.374
701.826 19.949
702.120 19.539
702.414 17.736
702.707 19.332
703.001 16.141
703.295 11.156
703.588 5.575
703.882 8.350
704.176 10.135
704.469 15.686
704.763 20.047
705.057 24.998
705.351 26.167
705.644 27.553
705.938 29.718
706.232 28.517
706.525 24.359
706.819 20.009
707.113 21.378
707.406 20.569
707.700 22.140
707.994 19.573
708.287 14.633
708.581 8.116
708.875 2.385
709.168 -3.348
709.462 4.347
709.756 16.580
710.049 22.106
710.343 21.707
710.637 25.844
710.931 25.833
711.224 17.943
711.518 11.440
711.812 8.680
712.105 4.937
712.399 0.606
712.693 -0.181
712.986 3.166
713.280 3.756
713.574 -2.347
713.867 -5.892
714.161 1.384
714.455 6.890
714.748 6.104
715.042 9.844
715.336 14.965
715.629 6.703
715.923 -2.548
716.217 -1.564
716.511 2.380
716.804 2.189
717.098 1.795
717.392 2.977
717.685 1.595
717.979 1.207
718.273 -6.100
718.566 -2.936
718.860 -2.546
719.154 -3.145
719.447 -4.125
719.741 4.396
720.035 4.002
720.328 5.389
720.622 7.374
720.916 4.594
721.209 -3.159
721.503 -6.734
721.797 0.025
722.091 5.610
722.384 8.202
722.678 11.380
722.972 8.988
723.265 0.033
723.559 -3.354
723.853 -3.352
724.146 -3.552
724.440 -2.369
724.734 -3.174
725.027 -6.567
725.321 -11.165
725.615 -18.366
725.908 -18.761
726.202 -14.762
726.496 -11.962
726.789 -13.962
727.083 -12.361
727.377 -8.565
727.671 -12.963
727.964 -7.363
728.258 7.848
728.552 16.853
728.845 17.055
729.139 18.850
729.433 9.848
729.726 -2.972
730.020 -8.191
730.314 -6.583
730.607 -6.183
730.901 -7.597
731.195 -9.207
731.488 -8.405
731.782 -8.000
732.076 -5.588
732.369 -3.978
732.663 -0.963
732.957 -0.359
733.251 0.656
733.544 3.075
733.838 6.903
734.132 7.708
734.425 5.888
734.719 -3.391
735.013 -8.629
735.306 -9.232
735.600 -7.212
735.894 -4.386
736.187 -1.159
736.481 -2.378
736.775 -9.861
737.068 -15.323
737.362 -10.455
737.656 -3.975
737.949 -2.364
738.243 0.460
738.537 7.962
738.831 5.329
739.124 -0.562
739.418 -2.193
739.712 1.670
740.005 3.312
740.299 9.026
740.593 17.384
740.886 24.716
741.180 24.107
741.474 12.492
741.767 5.768
742.061 5.775
742.355 5.372
742.648 6.395
742.942 12.716
743.236 9.647
743.529 4.138
743.823 -3.415
744.117 -10.571
744.411 -9.139
744.704 -4.637
744.998 -3.404
745.292 3.553
745.585 9.075
745.879 8.259
746.173 8.059
746.466 7.238
746.760 -1.370
747.054 -0.960
747.347 4.785
747.641 9.506
747.935 9.509
748.228 10.938
748.522 10.939
748.816 9.714
749.109 3.973
749.403 2.947
749.697 12.203
749.991 17.326
750.284 8.702
750.578 4.188
750.872 7.066
751.165 6.640
751.459 -1.976
751.753 -3.624
752.046 -3.013
752.340 -4.453
752.634 -8.552
752.927 -6.904
753.221 4.196
753.515 15.502
753.808 20.444
754.102 23.115
754.396 28.252
754.689 25.166
754.983 17.355
755.277 8.921
755.571 7.891
755.864 3.781
756.158 -5.670
756.452 -7.108
756.745 0.698
757.039 0.082
757.333 3.374
757.626 9.541
757.920 8.929
758.214 2.770
758.507 2.563
758.801 3.782
759.095 11.562
759.388 15.661
759.682 21.611
759.976 17.516
760.269 9.938
760.563 0.727
760.857 -1.937
761.151 -7.066
761.444 -7.886
761.738 -6.857
762.032 -8.076
762.325 -8.280
762.619 -5.834
762.913 0.703
763.206 7.636
763.500 20.261
763.798 24.946
764.097 22.092
764.395 16.596
764.693 14.348
764.992 7.425
765.290 6.397
765.588 12.679
765.887 17.752
766.185 21.810
766.483 28.492
766.782 22.611
767.080 14.712
767.378 16.726
767.677 16.903
767.975 14.646
768.273 20.708
768.571 21.317
768.870 17.272
769.168 10.606
769.466 6.960
769.765 3.327
770.063 2.529
770.361 2.124
770.660 2.527
770.958 -3.893
771.256 -5.496
771.555 -4.889
771.853 -1.890
772.151 3.510
772.450 7.712
772.748 6.122
773.046 9.518
773.345 11.114
773.643 9.107
773.941 12.500
774.240 15.894
774.538 10.309
774.836 4.317
775.135 5.108
775.433 4.302
775.731 7.688
776.030 14.664
776.328 17.451
776.626 12.273
776.925 8.489
777.223 -0.260
777.521 -7.027
777.819 -7.620
778.118 -3.645
778.416 -3.247
778.714 0.924
779.013 6.892
779.311 6.889
779.609 4.706
779.908 1.523
780.206 -2.052
780.504 -9.203
780.803 -12.973
781.101 -13.569
781.399 -16.957
781.698 -16.970
781.996 -13.798
782.294 -10.224
782.593 -5.049
782.891 -2.857
783.189 -7.420
783.488 -11.200
783.786 -13.189
784.084 -18.561
784.383 -10.984
784.681 1.363
784.979 7.537
785.278 9.533
785.576 14.334
785.874 9.542
786.173 1.148
786.471 -5.454
786.769 -6.253
787.068 -4.439
787.366 5.597
787.664 17.614
787.962 26.835
788.261 26.435
788.559 17.205
788.857 5.355
789.156 -0.256
789.454 -0.844
789.752 -2.257
790.051 -7.710
790.349 -4.896
790.647 2.180
790.946 3.206
791.244 5.431
791.542 13.099
791.841 15.130
792.139 9.285
792.437 6.256
792.736 6.054
793.034 5.242
793.332 6.266
793.631 3.220
793.929 0.368
794.227 0.574
794.526 0.162
794.824 -7.392
795.122 -14.346
795.421 -16.189
795.719 -15.364
796.017 -11.681
796.316 -0.405
796.614 6.546
796.912 7.554
797.211 7.767
797.509 7.990
797.807 3.070
798.105 5.958
798.404 13.393
798.702 14.026
799.000 13.628
799.299 8.871
799.597 6.810
799.895 7.040
800.194 12.661
800.492 14.128
800.790 19.535
801.089 18.911
801.387 12.047
801.685 5.821
801.984 -1.288
802.282 -7.360
802.580 -0.645
802.879 7.339
803.177 7.142
803.475 7.542
803.774 11.532
804.072 6.506
804.370 -1.283
804.669 -3.393
804.967 -3.194
805.265 -4.042
805.564 -3.176
805.862 -2.760
806.160 -0.628
806.459 7.049
806.757 13.048
807.055 16.068
807.353 15.423
807.652 15.007
807.950 12.452
808.248 3.211
808.547 -6.478
808.845 -2.596
809.143 -2.154
809.442 -7.563
809.740 -1.941
810.038 4.780
810.337 2.179
810.635 7.885
810.933 15.082
811.232 13.567
811.530 16.456
811.831 18.661
812.132 12.107
812.432 11.929
812.733 12.824
813.034 8.874
813.335 4.881
813.636 6.008
813.936 6.279
814.237 4.944
814.538 5.177
814.839 6.734
815.140 1.568
815.440 -7.666
815.741 -8.342
816.042 -7.877
816.343 -8.332
816.644 -4.270
816.945 6.837
817.245 12.502
817.546 10.243
817.847 18.178
818.148 22.725
818.449 20.441
818.749 11.834
819.050 5.960
819.351 1.194
819.652 3.198
819.953 7.494
820.253 15.389
820.554 24.874
820.855 22.839
821.156 14.708
821.457 12.621
821.757 13.286
822.058 11.916
822.359 13.697
822.660 16.382
822.961 7.432
823.261 -2.856
823.562 -10.421
823.863 -12.203
824.164 -17.311
824.465 -17.724
824.765 -13.253
825.066 -9.236
825.367 -6.821
825.668 1.752
825.969 7.473
826.269 3.116
826.570 -4.047
826.871 -16.017
827.172 -23.220
827.473 -22.155
827.774 -22.757
828.074 -19.013
828.375 -14.394
828.676 -11.586
828.977 -13.760
829.278 -9.835
829.578 -6.148
829.879 -7.164
830.180 -9.508
830.481 -9.728
830.782 -7.594
831.082 -2.730
831.383 1.120
831.684 -2.213
831.985 -3.687
832.286 -2.018
832.586 -5.186
832.887 -3.918
833.188 10.008
833.489 17.662
833.790 20.106
834.090 20.102
834.391 21.138
834.692 16.118
834.993 12.772
835.294 9.473
835.594 8.860
835.895 7.440
836.196 -2.914
836.497 -8.603
836.798 -8.417
837.099 -3.017
837.399 4.167
837.700 9.238
838.001 15.602
838.302 13.413
838.603 1.921
838.903 -8.380
839.204 -8.573
839.505 -11.134
839.806 -0.813
840.107 8.286
840.407 12.218
840.708 13.604
841.009 11.818
841.310 4.730
841.611 -1.357
841.911 -2.190
842.212 -2.812
842.513 -3.022
842.814 -0.207
843.115 10.941
843.415 17.956
843.716 16.223
844.017 12.324
844.318 12.718
844.619 5.291
844.919 -1.794
845.220 0.577
845.521 6.016
845.822 1.226
846.123 0.563
846.423 3.691
846.724 4.821
847.025 8.230
847.326 8.013
847.627 7.784
847.928 0.984
848.228 -1.051
848.529 -8.528
848.830 -14.930
849.131 -14.246
849.432 -15.880
849.732 -22.509
850.033 -18.174
850.334 -15.876
850.635 -19.752
850.936 -13.116
851.236 -4.662
851.537 -6.259
851.838 -7.593
852.139 -6.205
852.440 -4.174
852.740 -3.281
853.041 -0.573
853.342 4.866
853.643 7.580
853.944 4.205
854.244 4.851
854.545 12.335
854.846 11.445
855.147 9.230
855.448 14.087
855.748 10.761
856.049 -2.915
856.350 -7.248
856.651 -5.261
856.952 -10.718
857.253 -12.413
857.553 -7.426
857.854 -3.922
858.155 -6.038
858.456 -6.000
858.757 -3.645
859.057 -3.045
859.358 -0.311
859.659 -0.893
859.960 -1.885
860.261 -2.704
860.561 0.109
860.862 3.135
861.163 8.464
861.464 17.611
861.765 22.668
862.065 18.968
862.366 13.891
862.667 12.244
862.968 8.761
863.269 0.185
863.569 -1.405
863.870 -1.001
864.171 -7.849
864.472 -14.903
864.773 -13.462
865.073 -15.385
865.374 -16.919
865.675 -11.067
865.976 -4.500
866.277 1.647
866.577 7.010
866.878 8.365
867.179 4.961
867.480 -1.668
867.781 -4.532
868.082 -6.265
868.382 -1.951
868.683 5.009
868.984 11.391
869.285 13.253
869.586 11.014
869.886 7.268
870.187 6.482
870.488 2.405
870.789 -0.198
871.090 1.284
871.390 1.285
871.691 -4.616
871.992 -1.300
872.293 3.849
872.594 6.785
872.894 8.795
873.195 11.558
873.496 7.338
873.797 1.282
874.098 -4.395
874.398 -7.137
874.699 -4.213
875.000 1.275
875.301 6.927
875.602 9.120
875.902 17.306
876.203 22.028
876.504 23.297
876.805 23.476
877.106 30.386
877.407 26.751
877.707 19.836
878.008 18.552
878.309 15.640
878.610 3.302
878.911 -3.955
879.211 -4.861
879.512 -11.942
879.813 -20.298
880.114 -14.686
880.415 -15.969
880.715 -18.866
881.016 -9.791
881.317 -3.431
881.618 -7.604
881.919 -6.876
882.219 -5.978
882.520 -8.878
882.821 -10.506
883.122 -7.961
883.423 -3.060
883.723 -2.690
884.024 -5.772
884.325 -7.950
884.626 -11.563
884.927 -13.370
885.227 -11.194
885.528 -8.115
885.829 -5.932
886.130 -4.304
886.431 -8.285
886.731 -5.924
887.032 -6.279
887.333 -7.915
887.634 -8.830
887.935 -7.565
888.236 -5.942
888.536 -5.766
888.837 0.032
889.138 11.087
889.439 17.432
889.740 12.728
890.040 11.101
890.341 11.108
890.642 5.316
890.943 -1.396
891.244 -2.669
891.544 0.962
891.845 2.598
892.146 6.949
892.447 10.579
892.748 13.306
893.048 16.217
893.349 15.874
893.650 12.256
893.951 12.439
894.252 10.619
894.552 6.272
894.853 4.819
895.154 2.448
895.455 3.549
895.756 6.847
896.056 7.234
896.357 8.167
896.658 9.638
896.959 10.747
897.260 10.021
897.561 7.999
897.861 4.686
898.162 3.765
898.463 6.373
898.764 11.209
899.065 16.423
899.365 19.950
899.666 22.553
899.967 17.739
900.268 13.496
900.569 7.917
900.869 2.697
901.170 -4.029
901.471 -4.404
901.772 -1.389
902.073 3.142
902.373 6.148
902.674 11.594
902.975 8.754
903.276 0.656
903.577 -4.250
903.877 -3.860
904.178 -3.660
904.479 2.606
904.780 6.016
905.081 8.502
905.381 7.173
905.682 8.509
905.983 6.803
906.284 6.039
906.585 2.018
906.885 1.055
907.186 -1.803
907.487 -6.227
907.788 -8.160
908.089 -10.300
908.390 -9.141
908.690 -9.335
908.991 -9.549
909.292 -9.168
909.593 -9.193
909.894 -9.385
910.194 -8.409
910.495 -0.802
910.796 0.749
911.097 5.233
911.398 4.644
911.698 3.862
911.999 2.904
912.300 1.917
912.607 -3.422
912.915 -4.216
913.222 -11.550
913.529 -22.831
913.837 -18.657
914.144 -16.092
914.451 -18.685
914.759 -13.145
915.066 -4.210
915.374 -9.797
915.681 -6.405
915.988 1.797
916.296 2.383
916.603 3.202
916.910 7.618
917.218 8.638
917.525 8.479
917.832 14.956
918.140 11.724
918.447 11.333
918.754 11.353
919.062 9.534
919.369 0.803
919.677 -2.469
919.984 -3.276
920.291 -6.941
920.599 -9.180
920.906 -4.689
921.213 5.135
921.521 9.456
921.828 12.535
922.135 11.301
922.443 9.656
922.750 7.204
923.057 7.231
923.365 5.997
923.672 5.785
923.980 7.644
924.287 3.316
924.594 -2.676
924.902 -3.505
925.209 -5.596
925.516 -10.166
925.824 -8.302
926.131 -7.265
926.438 -1.209
926.746 3.798
927.053 5.248
927.360 1.481
927.668 -5.854
927.975 -14.011
928.283 -19.263
928.590 -21.395
928.897 -22.057
929.205 -17.031
929.512 -17.248
929.819 -14.304
930.127 -7.125
930.434 -2.475
930.741 -2.281
931.049 0.461
931.356 3.018
931.663 -0.148
931.971 -6.364
932.278 -2.736
932.586 0.492
932.893 -5.106
933.200 -8.357
933.508 -2.997
933.815 -7.786
934.122 -9.694
934.430 -6.902
934.737 -7.415
935.044 -10.548
935.352 -16.687
935.659 -23.418
935.966 -22.315
936.274 -23.358
936.581 -21.851
936.889 -8.249
937.196 -0.022
937.503 0.451
937.811 5.010
938.118 3.987
938.425 1.497
938.733 1.347
939.040 -0.579
939.347 0.385
939.655 9.117
939.962 17.342
940.269 18.417
940.577 23.863
940.884 25.881
941.191 22.003
941.499 17.906
941.806 21.008
942.114 18.043
942.421 11.471
942.728 1.839
943.036 -7.001
943.343 -17.866
943.650 -17.611
943.958 -7.431
944.265 3.245
944.572 12.126
944.880 24.985
945.187 23.215
945.494 15.095
945.802 11.045
946.109 2.202
946.417 -8.368
946.724 -5.366
947.031 -2.099
947.339 0.398
947.646 8.846
947.953 19.247
948.261 25.608
948.568 29.016
948.875 33.395
949.183 31.360
949.490 22.478
949.797 12.418
950.105 2.727
950.412 -6.253
950.720 -12.764
951.027 -16.087
951.334 -16.301
951.642 -11.500
951.949 -14.980
952.256 -14.445
952.564 -8.309
952.871 0.330
953.178 1.498
953.486 10.201
953.793 14.627
954.100 12.753
954.408 13.345
954.715 19.739
955.023 12.880
955.330 8.304
955.637 6.932
955.945 -4.275
956.252 -15.438
956.559 -14.026
956.867 -17.150
957.174 -16.913
957.481 -14.181
957.789 -5.221
958.096 9.055
958.403 19.347
958.711 24.452
959.018 27.782
959.326 24.656
959.633 13.317
959.940 9.326
960.248 2.478
960.555 2.020
960.862 5.077
961.170 2.005
961.477 2.222
961.784 5.074
962.092 5.274
962.399 2.850
962.706 3.774
963.014 5.286
963.321 8.113
963.629 9.611
963.936 15.409
964.243 19.744
964.551 16.502
964.858 13.453
965.165 8.274
965.473 -1.856
965.780 -0.395
966.092 2.182
966.404 1.538
966.716 1.976
967.028 3.911
967.340 0.721
967.652 -2.904
967.964 -4.387
968.276 -2.687
968.588 -6.946
968.900 -13.949
969.212 -12.664
969.524 -6.730
969.836 -4.816
970.148 0.924
970.460 10.695
970.772 10.697
971.084 5.201
971.396 -0.716
971.708 -5.353
972.020 -8.323
972.332 -6.420
972.644 -5.573
972.956 -2.831
973.268 -2.187
973.580 0.977
973.892 -0.495
974.204 -1.756
974.516 -3.848
974.828 -6.397
975.140 -11.033
975.452 -11.031
975.764 -4.924
976.076 6.061
976.388 16.569
976.700 27.293
977.012 31.725
977.324 27.940
977.636 20.947
977.948 17.819
978.260 8.998
978.572 4.152
978.884 1.003
979.196 -7.202
979.508 -14.565
979.820 -16.686
980.132 -15.422
980.444 -17.133
980.756 -17.377
981.068 -15.284
981.380 -10.399
981.692 -11.031
982.004 -12.327
982.316 -16.546
982.628 -19.306
982.940 -21.636
983.252 -14.627
983.564 -7.816
983.876 -0.863
984.188 9.739
984.500 18.841
984.812 17.161
985.124 18.653
985.436 23.763
985.748 19.539
986.060 4.890
986.372 1.481
986.684 0.635
986.996 -2.983
987.308 -1.913
987.620 7.898
987.932 4.066
988.244 3.215
988.556 11.950
988.868 8.967
989.180 3.863
989.492 9.628
989.804 9.639
990.116 3.890
990.428 6.026
990.740 6.242
991.052 3.470
991.364 -1.665
991.676 2.403
991.988 4.957
992.300 10.503
992.612 15.603
992.924 18.386
993.236 16.237
993.548 16.666
993.860 13.463
994.172 10.275
994.484 15.383
994.796 19.435
995.108 14.756
995.420 10.701
995.732 7.300
996.044 1.561
996.356 -2.893
996.668 -1.178
996.980 0.116
997.292 4.626
997.604 11.255
997.916 12.976
998.228 12.123
998.540 11.696
998.852 3.531
999.164 -6.102
999.476 -9.752
999.788 -8.673
1000.100 -9.110
1000.412 -2.650
1000.724 2.289
1001.036 -1.364
1001.348 -6.099
1001.660 -2.205
1001.972 0.188
1002.284 4.299
1002.596 12.925
1002.908 20.065
1003.220 24.809
1003.532 21.780
1003.844 11.438
1004.156 4.523
1004.468 -0.030
1004.780 -10.595
1005.092 -11.456
1005.404 -1.540
1005.716 6.873
1006.028 12.485
1006.340 20.036
1006.652 24.135
1006.964 24.126
1007.276 23.298
1007.588 25.270
1007.900 24.619
1008.212 16.674
1008.524 13.872
1008.836 12.087
1009.148 8.367
1009.460 6.634
1009.772 8.779
1010.084 9.635
1010.396 8.986
1010.708 4.099
1011.020 7.888
1011.332 15.282
1011.644 16.724
1011.956 17.329
1012.268 20.907
1012.580 12.258
1012.892 10.544
1013.204 14.737
1013.516 9.908
1013.828 6.154
1014.140 9.311
1014.452 5.529
1014.764 0.880
1015.076 5.227
1015.388 13.277
1015.700 19.039
1016.012 25.194
1016.324 28.642
1016.636 21.639
1016.948 16.902
1017.260 13.802
1017.572 7.233
1017.884 0.890
1018.196 2.552
1018.508 9.065
1018.820 12.316
1019.132 17.011
1019.444 24.107
1019.756 26.164
1020.068 23.680
1020.380 23.050
1020.692 17.545
1021.004 6.598
1021.316 5.182
1021.628 -3.722
1021.940 -10.205
1022.252 -14.245
1022.564 -9.978
1022.876 -0.264
1023.188 12.513
1023.500 16.346
1023.812 27.493
1024.124 32.354
1024.436 25.082
1024.748 21.843
1025.060 26.866
1025.372 30.013
1025.684 31.193
1025.996 32.196
1026.308 29.154
1026.620 29.803
1026.932 24.624
1027.244 18.795
1027.556 22.641
1027.868 23.248
1028.180 16.374
1028.492 17.544
1028.804 25.602
1029.116 32.385
1029.428 36.146
1029.740 40.547
1030.052 38.123
1030.364 30.268
1030.676 16.835
1030.988 11.442
1031.300 9.823
1031.612 14.053
1031.924 18.230
1032.236 24.621
1032.548 28.190
1032.860 33.722
1033.172 39.702
1033.484 44.731
1033.796 50.745
1034.108 58.588
1034.420 53.080
1034.732 41.084
1035.044 36.288
1035.356 31.692
1035.668 25.695
1035.980 26.899
1036.292 30.903
1036.604 31.506
1036.916 29.510
1037.228 21.714
1037.540 14.318
1037.852 12.721
1038.164 11.125
1038.476 7.529
1038.788 9.333
1039.100 19.137
1039.412 23.340
1039.724 23.544
1040.036 24.348
1040.348 26.952
1040.660 25.156
1040.972 20.160
1041.284 16.563
1041.596 16.767
1041.908 16.771
1042.220 12.175
1042.532 15.179
1042.844 18.983
1043.156 24.587
1043.468 29.391
1043.780 33.195
1044.092 34.599
1044.404 35.603
1044.716 34.807
1045.028 34.611
1045.340 37.615
1045.652 35.619
1045.964 37.023
1046.276 40.627
1046.588 43.431
1046.900 43.235
1047.212 45.839
1047.524 54.043
1047.836 58.447
1048.148 57.651
1048.460 64.255
1048.772 66.060
1049.084 56.264
1049.396 51.068
1049.708 50.072
1050.020 45.476
1050.332 49.080
1050.644 58.285
1050.956 61.889
1051.268 69.293
1051.580 74.097
1051.892 79.101
1052.204 84.506
1052.516 90.510
1052.828 94.914
1053.140 102.118
1053.452 102.923
1053.764 104.127
1054.076 106.931
1054.388 110.936
1054.700 115.340
1055.012 117.944
1055.324 123.149
1055.636 123.353
1055.948 122.557
1056.260 124.962
1056.572 131.566
1056.884 137.371
1057.196 144.375
1057.508 146.579
1057.820 147.384
1058.132 147.788
1058.444 147.193
1058.756 150.997
1059.068 155.202
1059.380 155.206
1059.692 157.411
1060.004 157.815
1060.316 158.820
1060.628 162.224
1060.940 166.229
1061.252 173.634
1061.564 184.238
1061.876 184.643
1062.188 181.247
1062.500 180.652
1062.812 178.457
1063.124 174.461
1063.436 174.466
1063.748 178.271
1064.060 183.275
1064.372 184.080
1064.684 179.085
1064.996 175.489
1065.308 172.694
1065.620 171.299
1065.932 171.304
1066.244 168.908
1066.556 171.113
1066.868 175.718
1067.180 173.123
1067.492 167.128
1067.804 169.532
1068.116 165.737
1068.428 159.742
1068.740 152.547
1069.052 151.552
1069.364 153.157
1069.676 157.762
1069.988 161.367
1070.300 166.372
1070.612 166.977
1070.924 163.382
1071.236 159.986
1071.548 159.191
1071.860 149.996
1072.172 139.601
1072.484 134.806
1072.796 123.412
1073.108 109.617
1073.420 115.822
1073.732 122.627
1074.044 114.232
1074.356 112.637
1074.668 115.642
1074.980 111.247
1075.292 103.252
1075.604 104.857
1075.916 109.263
1076.228 108.068
1076.540 102.473
1076.852 102.478
1077.164 100.683
1077.476 94.289
1077.788 89.294
1078.100 85.499
1078.412 80.504
1078.724 76.710
1079.036 74.115
1079.348 70.320
1079.660 67.526
1079.972 63.331
1080.284 60.736
1080.596 57.942
1080.908 56.347
1081.220 58.153
1081.532 60.158
1081.844 64.363
1082.156 64.169
1082.468 60.574
1082.780 53.780
1083.092 53.185
1083.404 45.791
1083.716 42.796
1084.028 37.402
1084.340 34.407
1084.652 29.013
1084.964 25.618
1085.276 23.424
1085.588 29.030
1085.900 31.235
1086.212 30.641
1086.524 29.446
1086.836 24.652
1087.148 18.258
1087.460 20.063
1087.772 25.069
1088.084 33.675
1088.396 40.281
1088.708 41.486
1089.020 43.692
1089.332 42.498
1089.644 31.104
1089.956 32.309
1090.268 34.715
1090.580 29.721
1090.892 24.927
1091.204 31.533
1091.516 32.739
1091.828 32.545
1092.140 28.350
1092.464 25.556
1092.788 17.362
1093.112 5.768
1093.436 6.974
1093.760 12.980
1094.084 20.586
1094.408 23.592
1094.732 21.998
1095.056 14.404
1095.380 8.210
1095.703 1.616
1096.027 -1.578
1096.351 -3.171
1096.675 -4.765
1096.999 -10.759
1097.323 -14.553
1097.647 -14.347
1097.971 -6.341
1098.295 -3.735
1098.619 0.672
1098.943 1.478
1099.267 0.684
1099.591 -0.310
1099.915 2.097
1100.239 2.703
1100.563 2.709
1100.887 2.116
1101.211 -1.478
1101.535 -5.472
1101.859 -1.465
1102.182 4.941
1102.506 9.947
1102.830 11.154
1103.154 10.160
1103.478 5.367
1103.802 0.773
1104.126 -1.020
1104.450 -0.214
1104.774 4.593
1105.098 1.799
1105.422 -3.794
1105.746 -0.588
1106.070 7.419
1106.394 7.425
1106.718 10.632
1107.042 16.239
1107.366 11.845
1107.690 3.852
1108.014 3.459
1108.338 6.065
1108.662 7.272
1108.985 6.279
1109.309 12.085
1109.633 12.292
1109.957 9.299
1110.281 7.706
1110.605 9.112
1110.929 6.119
1111.253 5.926
1111.577 5.733
1111.901 2.340
1112.225 -3.253
1112.549 -7.046
1112.873 -2.439
1113.197 2.567
1113.521 6.374
1113.845 12.381
1114.169 11.788
1114.493 2.395
1114.817 0.602
1115.141 3.209
1115.464 4.816
1115.788 6.823
1116.112 13.031
1116.436 10.038
1116.760 6.645
1117.084 4.852
1117.408 3.059
1117.732 -0.934
1118.056 -2.127
1118.380 -7.119
1118.704 -2.312
1119.028 3.895
1119.352 5.102
1119.676 6.309
1120.000 13.517
1120.324 6.324
1120.648 0.731
1120.972 -0.461
1121.296 0.146
1121.620 -1.247
1121.944 4.961
1122.267 7.368
1122.591 7.976
1122.915 9.983
1123.239 10.990
1123.563 10.998
1123.887 16.605
1124.211 20.413
1124.535 20.820
1124.859 13.228
1125.183 5.036
1125.507 2.643
1125.831 5.851
1126.155 9.458
1126.479 15.266
1126.803 19.874
1127.127 16.881
1127.451 8.289
1127.775 4.497
1128.099 9.904
1128.423 14.312
1128.746 10.120
1129.070 12.127
1129.394 9.935
1129.718 1.143
1130.042 -4.249
1130.366 -2.641
1130.690 -4.434
1131.014 -4.226
1131.338 2.582
1131.662 4.990
1131.986 3.598
1132.310 4.406
1132.634 3.014
1132.958 -4.378
1133.282 -10.570
1133.606 -11.562
1133.930 -9.354
1134.254 -8.746
1134.578 -7.338
1134.902 -7.530
1135.226 -7.722
1135.549 -6.514
1135.873 2.694
1136.197 8.302
1136.521 15.510
1136.845 17.719
1137.169 16.127
1137.493 11.735
1137.817 10.743
1138.141 9.951
1138.465 14.960
1138.789 19.768
1139.113 18.176
1139.437 13.384
1139.761 11.793
1140.085 8.801
1140.409 4.009
1140.733 5.418
1141.057 12.626
1141.381 14.234
1141.705 20.443
1142.028 25.651
1142.352 23.660
1142.676 19.268
1143.000 17.877
1143.324 18.285
1143.648 14.694
1143.972 10.702
1144.296 8.911
1144.620 7.919
1144.944 1.328
1145.268 -3.864
1145.592 0.345
1145.916 4.554
1146.240 0.362
1146.564 -5.829
1146.888 -1.620
1147.212 -0.812
1147.536 -5.803
1147.860 -2.194
1148.184 6.414
1148.507 4.223
1148.831 -2.768
1149.155 0.241
1149.479 -2.351
1149.803 -10.342
1150.127 -8.733
1150.451 -2.324
1150.775 -6.915
1151.099 -6.506
1151.423 -4.497
1151.747 -8.089
1152.071 -14.280
1152.395 -10.871
1152.719 -7.862
1153.043 -3.253
1153.367 -1.844
1153.691 1.765
1154.015 0.774
1154.339 0.983
1154.663 3.192
1154.987 3.201
1155.310 -2.590
1155.634 -1.981
1155.958 -1.972
1156.282 -2.162
1156.606 2.847
1156.930 13.256
1157.254 18.665
1157.578 20.874
1157.902 18.883
1158.226 18.093
1158.550 11.102
1158.874 5.311
1159.198 3.520
1159.522 2.729
1159.846 2.139
1160.170 7.348
1160.494 7.557
1160.818 4.367
1161.142 2.976
1161.466 1.785
1161.790 -1.005
1162.113 0.004
1162.437 5.613
1162.761 9.223
1163.085 8.832
1163.409 5.441
1163.733 1.851
1164.057 4.060
1164.381 6.670
1164.705 8.079
1165.029 9.689
1165.353 9.098
1165.677 4.308
1166.001 -0.283
1166.325 -1.073
1166.649 2.936
1166.973 10.546
1167.297 9.155
1167.621 9.365
1167.945 5.574
1168.269 -2.616
1168.592 -7.806
1168.916 -4.997
1169.240 -4.987
1169.564 -4.178
1169.888 0.232
1170.212 -3.758
1170.536 -5.349
1170.860 -2.939
1171.184 4.871
1171.508 10.680
1171.832 13.090
1172.156 12.500
1172.480 6.109
1172.804 0.319
1173.128 4.129
1173.452 12.939
1173.776 13.348
1174.100 17.958
1174.424 18.768
1174.748 5.978
1175.072 -3.612
1175.395 -3.803
1175.719 -3.593
1176.043 -2.983
1176.367 0.027
1176.691 3.437
1177.015 8.046
1177.339 8.456
1177.663 3.466
1177.987 2.076
1178.311 -2.514
1178.635 -13.104
1178.959 -18.294
1179.283 -17.484
1179.607 -16.875
1179.931 -11.665
1180.255 -8.655
1180.579 -3.845
1180.903 0.965
1181.227 1.575
1181.551 1.185
1181.874 3.995
1182.198 -2.795
1182.522 -11.385
1182.846 -15.575
1183.170 -21.365
1183.494 -26.755
1183.818 -24.545
1184.142 -17.736
1184.466 -10.926
1184.790 -6.716
1185.114 1.894
1185.438 3.304
1185.762 -0.086
1186.086 5.924
1186.410 11.734
1186.734 7.544
1187.058 14.554
1187.382 20.564
1187.706 13.174
1188.030 6.784
1188.353 1.994
1188.677 -7.196
1189.001 -4.386
1189.325 1.824
1189.649 -1.766
1189.973 4.244
1190.297 13.054
1190.621 15.064
1190.945 13.674
1191.269 22.684
1191.593 28.294
1191.917 22.904
1192.241 18.714
1192.565 14.124
1192.889 6.934
1193.213 0.744
1193.537 1.354
1193.861 1.164
1194.185 7.774
1194.509 18.784
1194.833 23.194
1195.156 24.404
1195.480 23.414
1195.804 19.024
1196.128 11.834
1196.452 11.644
1196.776 9.054
1197.100 -0.136
1197.424 -5.926
1197.748 -2.116
1198.072 -0.706
1198.396 3.904
1198.720 12.314
1199.044 16.124
1199.368 14.934
1199.692 14.743
1200.016 17.553
1200.340 18.963
1200.664 15.973
1200.988 13.383
1201.312 8.993
1201.635 3.603
1201.959 1.813
1202.283 2.422
1202.607 2.232
1202.931 3.442
1203.255 0.252
1203.579 -5.538
1203.903 -2.329
1204.227 -2.519
1204.551 -5.909
1204.875 -4.299
1205.199 4.310
1205.523 9.720
1205.847 14.930
1206.171 18.740
1206.495 23.749
1206.819 18.159
1207.143 8.369
1207.467 0.778
1207.791 -4.212
1208.115 -8.202
1208.438 -4.393
1208.762 -6.183
1209.086 -7.974
1209.410 -10.164
1209.734 -10.354
1210.058 -8.545
1210.382 4.465
1210.706 13.674
1211.030 17.084
1211.354 15.893
1211.678 18.103
1212.002 9.912
1212.326 -1.479
1212.650 1.731
1212.974 6.340
1213.298 -0.451
1213.622 -6.841
1213.946 -3.832
1214.270 -10.623
1214.594 -17.413
1214.917 -17.204
1215.241 -7.195
1215.565 0.814
1215.889 6.024
1216.213 13.633
1216.537 14.642
1216.861 12.451
1217.185 6.460
1217.509 -0.331
1217.833 -9.522
1218.157 -8.513
1218.481 -7.704
1218.805 -7.895
1219.129 0.514
1219.453 5.723
1219.777 0.332
1220.101 -1.059
1220.425 1.350
1220.749 -0.041
1221.073 -1.833
1221.397 0.576
1221.720 0.585
1222.044 4.394
1222.368 3.402
1222.692 2.411
1223.016 9.020
1223.340 9.028
1223.664 7.037
1223.988 17.245
1224.312 29.654
1224.636 31.062
1224.960 36.071
1225.284 39.879
1225.608 34.688
1225.932 21.696
1226.256 14.504
1226.580 13.913
1226.904 9.121
1227.228 5.529
1227.552 4.537
1227.876 4.745
1228.199 -2.647
1228.523 -8.238
1228.847 -5.430
1229.171 5.578
1229.495 12.586
1229.819 19.193
1230.143 20.001
1230.467 21.209
1230.791 21.017
1231.115 23.225
1231.439 24.833
1231.763 34.936
1232.087 37.774
