181.241 5.100
181.495 0.850
181.749 -2.100
182.003 -9.300
182.257 -7.500
182.511 0.100
182.765 1.700
183.019 3.500
183.273 4.900
183.528 -4.500
183.782 -15.100
184.036 -21.100
184.290 -25.100
184.544 -25.500
184.798 -18.700
185.052 -10.300
185.306 -4.900
185.560 -3.500
185.814 -7.100
186.068 -11.899
186.322 -14.299
186.576 -17.099
186.830 -18.499
187.084 -9.699
187.339 1.101
187.593 3.101
187.847 7.901
188.101 11.701
188.355 9.101
188.609 0.101
188.863 -3.499
189.117 -7.099
189.371 -7.699
189.625 -8.899
189.879 -2.299
190.133 1.501
190.387 2.701
190.641 4.101
190.895 8.902
191.150 1.102
191.404 0.102
191.658 2.502
191.912 -3.098
192.166 -14.298
192.420 -11.698
192.674 -14.698
192.928 -23.098
193.182 -21.298
193.436 -13.298
193.690 -16.898
193.944 -20.898
194.198 -17.698
194.452 -19.898
194.706 -25.498
194.961 -26.498
195.215 -23.098
195.469 -21.498
195.723 -13.697
195.977 -6.097
196.231 2.303
196.485 2.503
196.739 3.503
196.993 1.503
197.247 -1.297
197.501 -8.497
197.755 -3.897
198.009 3.503
198.263 6.303
198.517 12.303
198.772 20.503
199.026 22.703
199.280 18.103
199.534 13.103
199.788 4.503
200.042 -3.097
200.296 -9.696
200.550 -8.696
200.804 -4.496
201.058 2.904
201.312 4.904
201.566 -1.696
201.820 -10.696
202.074 -17.296
202.328 -28.696
202.583 -28.296
202.837 -13.496
203.091 1.104
203.345 6.504
203.599 14.704
203.853 19.104
204.107 11.904
204.361 0.304
204.615 5.904
204.869 8.905
205.123 6.905
205.377 7.905
205.631 11.905
205.885 4.105
206.139 -5.095
206.394 -9.295
206.648 -18.095
206.902 -24.695
207.156 -23.895
207.410 -18.095
207.664 -9.495
207.918 3.305
208.172 16.105
208.426 21.505
208.680 20.105
208.934 15.905
209.188 15.705
209.442 12.506
209.696 12.706
209.950 14.506
210.205 12.306
210.459 8.706
210.713 0.706
210.967 -9.694
211.221 -9.894
211.475 -8.694
211.729 -15.894
211.983 -21.294
212.237 -23.694
212.491 -26.294
212.745 -22.294
212.999 -12.894
213.253 -1.494
213.507 7.306
213.761 8.506
214.016 0.107
214.270 -4.693
214.524 -4.693
214.778 -6.693
215.032 -10.493
215.286 -8.493
215.540 -6.493
215.794 -10.493
216.048 -10.693
216.302 -2.493
216.556 -2.493
216.810 -5.693
217.064 -4.693
217.318 -15.093
217.572 -29.093
217.827 -30.693
218.081 -33.893
218.335 -36.292
218.589 -23.892
218.843 -15.092
219.097 -17.692
219.351 -13.892
219.605 -9.692
219.859 -7.292
220.113 -0.492
220.367 3.708
220.621 7.108
220.875 10.908
221.129 9.108
221.383 4.508
221.638 2.708
221.892 -2.692
222.146 -5.492
222.400 -1.092
222.654 -0.291
222.908 -2.091
223.162 0.909
223.416 -2.291
223.670 -14.691
223.924 -20.491
224.178 -14.691
224.432 -9.891
224.686 -3.291
224.940 3.709
225.195 10.709
225.449 9.109
225.703 1.709
225.957 -1.691
226.211 -4.891
226.465 -14.091
226.719 -19.891
226.973 -24.690
227.227 -36.090
227.481 -41.290
227.735 -38.090
227.989 -34.690
228.243 -27.290
228.497 -15.890
228.751 -11.490
229.006 -13.490
229.260 -14.690
229.514 -16.490
229.768 -17.290
230.022 -15.290
230.276 -9.290
230.530 -4.890
230.784 -2.890
231.038 -2.489
231.292 0.111
231.546 1.111
231.800 -3.689
232.054 -8.289
232.308 -12.289
232.562 -13.289
232.817 -13.089
233.071 -9.489
233.325 -1.689
233.579 0.311
233.833 -5.489
234.087 -6.489
234.341 -1.089
234.595 -1.289
234.849 -5.089
235.103 -5.689
235.357 -14.288
235.611 -19.688
235.865 -15.888
236.119 -7.688
236.373 -0.088
236.628 5.112
236.882 2.512
237.136 -7.688
237.390 -16.688
237.644 -19.888
237.898 -16.288
238.152 -15.688
238.406 -10.888
238.660 -5.088
238.914 -4.288
239.168 -6.088
239.422 -1.087
239.676 2.313
239.930 8.113
240.184 12.113
240.439 18.913
240.693 21.513
240.947 21.713
241.201 12.513
241.455 3.713
241.709 -8.087
241.963 -8.887
242.217 -10.287
242.471 -4.087
242.725 0.113
242.979 3.113
243.233 -5.887
243.487 -8.686
243.741 -6.486
243.995 -6.286
244.250 -6.886
244.504 -2.886
244.758 2.514
245.012 2.914
245.266 6.914
245.520 11.714
245.774 13.514
246.028 9.314
246.282 4.514
246.536 2.314
246.790 -4.286
247.044 -1.886
247.298 5.314
247.552 5.715
247.806 6.715
248.061 14.915
248.315 10.715
248.569 -0.085
248.823 -4.285
249.077 -7.285
249.331 -11.885
249.585 -13.285
249.839 -13.685
250.093 -16.485
250.347 -18.085
250.601 -20.085
250.855 -15.685
251.109 -13.885
251.363 -9.484
251.617 -7.484
251.872 -7.484
252.126 -9.884
252.380 -3.684
252.634 -4.684
252.888 -3.884
253.142 2.116
253.396 -4.484
253.650 -18.884
253.904 -16.084
254.159 -16.484
254.413 -18.884
254.667 -13.484
254.922 -3.684
255.176 -5.884
255.431 -5.683
255.685 -8.283
255.939 -7.483
256.194 -6.683
256.448 -3.483
256.702 1.117
256.957 5.117
257.211 4.317
257.465 4.117
257.720 0.517
257.974 -5.283
258.228 -3.483
258.483 -0.683
258.737 -3.683
258.992 -3.883
259.246 -7.882
259.500 -10.282
259.755 -8.482
260.009 -6.082
260.263 -5.082
260.518 2.118
260.772 3.518
261.026 0.318
261.281 -0.882
261.535 -0.882
261.789 -3.482
262.044 -7.882
262.298 -6.282
262.553 -3.682
262.807 -6.682
263.061 -7.281
263.316 -2.481
263.570 -4.881
263.824 -12.881
264.079 -13.481
264.333 -12.681
264.587 -20.081
264.842 -26.481
265.096 -23.281
265.351 -12.281
265.605 -4.281
265.859 0.719
266.114 6.919
266.368 8.919
266.622 6.520
266.877 2.720
267.131 2.720
267.385 0.720
267.640 -2.480
267.894 -8.880
268.148 -9.480
268.403 -2.680
268.657 5.720
268.912 12.720
269.166 13.720
269.420 13.320
269.675 9.120
269.929 2.320
270.183 2.920
270.438 7.921
270.692 3.721
270.946 -0.879
271.201 -2.679
271.455 -9.079
271.709 -14.479
271.964 -10.279
272.218 -5.279
272.473 -3.479
272.727 -1.879
272.981 2.721
273.236 2.721
273.490 -1.079
273.744 -0.079
273.999 -0.678
274.253 -2.278
274.507 -1.278
274.762 -2.678
275.016 -0.278
275.271 3.122
275.525 3.922
275.779 3.122
276.034 3.922
276.288 1.722
276.542 -0.878
276.797 1.122
277.051 2.922
277.305 2.922
277.560 -1.278
277.814 -3.677
278.068 -5.277
278.323 -7.677
278.577 -5.877
278.832 -4.277
279.086 -6.477
279.340 -4.277
279.595 -3.277
279.849 -7.277
280.103 -3.677
280.358 5.123
280.612 -2.677
280.866 -9.477
281.121 -11.677
281.375 -17.476
281.629 -18.876
281.884 -14.276
282.138 -9.476
282.393 -7.876
282.647 -2.476
282.901 -3.076
283.156 -9.076
283.410 -9.276
283.664 -5.876
283.919 -1.076
284.173 2.924
284.427 8.124
284.682 10.324
284.936 13.725
285.191 5.725
285.445 -4.475
285.699 -6.875
285.954 -8.875
286.208 -13.675
286.462 -9.875
286.717 -6.275
286.971 -10.075
287.225 -12.675
287.480 -11.875
287.734 -12.275
287.988 -9.875
288.243 -6.874
288.497 -10.474
288.752 -10.274
289.006 -12.674
289.260 -11.474
289.515 -5.274
289.769 4.126
290.023 10.126
290.278 15.726
290.532 19.926
290.786 16.726
291.041 8.726
291.295 1.526
291.549 -3.074
291.804 -7.273
292.058 -6.273
292.313 -2.873
292.567 -1.073
292.821 0.327
293.076 -1.873
293.330 0.127
293.584 -0.473
293.839 -2.873
294.093 -4.673
294.347 -4.073
294.602 -13.073
294.856 -14.273
295.111 -9.672
295.365 -3.672
295.619 -7.272
295.874 -3.472
296.128 -1.272
296.382 -1.472
296.637 -10.672
296.891 -14.872
297.145 -11.872
297.400 -3.872
297.654 -1.072
297.908 7.328
298.163 16.728
298.417 15.928
298.672 10.329
298.926 10.529
299.180 10.729
299.435 10.529
299.689 12.129
299.943 4.529
300.198 -4.871
300.452 -14.671
300.706 -18.671
300.961 -22.271
301.215 -20.271
301.469 -23.871
301.724 -28.271
301.978 -29.270
302.233 -25.470
302.487 -24.870
302.741 -21.070
302.996 -15.070
303.250 -16.070
303.504 -18.670
303.759 -12.670
304.013 -11.070
304.267 -9.470
304.522 -12.070
304.776 -21.470
305.031 -24.670
305.285 -19.269
305.539 -16.069
305.794 -7.269
306.048 0.931
306.302 -4.869
306.557 -10.869
306.811 -11.669
307.065 -15.069
307.320 -11.869
307.574 -6.269
307.828 -5.869
308.083 -8.869
308.337 -9.868
308.592 -15.468
308.846 -17.868
309.100 -11.668
309.355 -8.268
309.609 -9.468
309.863 -4.468
310.118 0.532
310.372 -7.668
310.626 -18.868
310.881 -23.268
311.135 -29.468
311.389 -28.468
311.644 -16.867
311.898 -0.867
312.153 12.533
312.407 23.933
312.661 21.733
312.916 14.733
313.170 6.133
313.429 3.533
313.688 -1.667
313.947 -4.067
314.206 -5.667
314.465 0.933
314.724 0.133
314.983 1.734
315.242 2.334
315.501 3.134
315.760 0.134
316.019 -4.266
316.278 -8.466
316.536 -5.866
316.795 -6.466
317.054 -1.666
317.313 -2.866
317.572 -5.066
317.831 -8.666
318.090 -6.665
318.349 -8.865
318.608 -9.865
318.867 -6.065
319.126 -4.665
319.385 -9.665
319.644 -12.465
319.903 -5.665
320.162 -5.265
320.421 -7.665
320.680 -6.065
320.939 -7.065
321.198 -6.864
321.457 -6.664
321.716 -7.464
321.975 -8.064
322.234 -12.264
322.493 -15.864
322.752 -16.064
323.010 -11.064
323.269 -8.264
323.528 -3.464
323.787 -0.064
324.046 1.336
324.305 -4.463
324.564 -11.463
324.823 -17.863
325.082 -23.863
325.341 -33.063
325.600 -33.063
325.859 -28.063
326.118 -21.863
326.377 -14.663
326.636 -8.263
326.895 -4.863
327.154 1.537
327.413 1.338
327.672 -3.062
327.931 -5.062
328.190 -6.862
328.449 -12.062
328.708 -7.262
328.967 -2.262
329.226 4.338
329.485 12.138
329.743 15.138
330.002 10.538
330.261 4.738
330.520 4.539
330.779 -2.461
331.038 -2.861
331.297 1.139
331.556 6.939
331.815 2.739
332.074 1.139
332.333 -1.261
332.592 -4.861
332.851 -5.261
333.110 -4.061
333.369 -5.261
333.628 -7.060
333.887 -11.660
334.146 -20.060
334.405 -17.260
334.664 -9.860
334.923 -6.660
335.182 -7.260
335.441 -7.460
335.700 -6.860
335.959 -8.860
336.217 -6.660
336.476 -2.459
336.735 -0.859
336.994 -4.059
337.253 -2.059
337.512 -6.459
337.771 -9.859
338.030 -5.659
338.289 -7.059
338.548 -7.859
338.807 -3.059
339.066 0.941
339.325 -0.059
339.584 0.142
339.843 -6.458
340.102 -11.658
340.361 -9.058
340.620 -3.258
340.879 5.342
341.138 12.942
341.397 12.942
341.656 13.142
341.915 9.542
342.174 -0.058
342.433 -1.657
342.691 3.343
342.950 3.343
343.209 5.743
343.468 11.743
343.727 12.743
343.986 8.943
344.245 6.943
344.504 1.543
344.763 -3.257
345.022 -4.057
345.281 -4.457
345.540 -7.056
345.799 -3.856
346.058 -3.456
346.317 -4.656
346.576 -1.056
346.835 -1.456
347.094 -7.856
347.353 -3.856
347.612 -0.256
347.871 -6.856
348.130 -5.656
348.389 0.345
348.648 -0.855
348.907 -7.055
349.166 -6.655
349.424 -5.655
349.683 -9.855
349.942 -15.655
350.201 -11.255
350.460 -6.455
350.719 -2.655
350.978 3.945
351.237 8.146
351.496 2.946
351.755 -3.654
352.014 -8.254
352.273 -9.054
352.532 -8.254
352.791 -5.854
353.050 -1.854
353.309 3.146
353.568 3.746
353.827 7.146
354.086 8.747
354.345 8.347
354.604 -0.453
354.863 -8.653
355.122 -10.653
355.381 -8.053
355.640 -5.853
355.898 6.947
356.157 15.747
356.416 13.547
356.675 15.548
356.934 16.748
357.193 8.748
357.452 7.148
357.711 11.548
357.970 10.348
358.229 7.148
358.488 4.748
358.747 3.148
359.006 1.348
359.265 -1.452
359.524 -0.851
359.783 -2.851
360.042 -4.251
360.301 -3.051
360.560 -1.651
360.819 2.949
361.078 14.549
361.337 19.749
361.596 19.749
361.855 20.149
362.114 17.349
362.372 9.550
362.631 -1.050
362.890 -3.850
363.149 2.750
363.408 12.750
363.667 15.350
363.926 22.150
364.185 20.550
364.444 8.750
364.703 -5.850
364.962 -9.049
365.221 -9.849
365.480 -13.049
365.741 -15.849
366.002 -11.649
366.264 -3.649
366.525 2.951
366.786 5.351
367.047 7.751
367.308 7.951
367.570 1.352
367.831 0.352
368.092 -2.648
368.353 -6.248
368.614 -7.248
368.876 -5.848
369.137 -10.248
369.398 2.552
369.659 12.752
369.920 14.552
370.182 12.352
370.443 6.153
370.704 -2.647
370.965 0.153
371.226 7.153
371.488 6.753
371.749 11.753
372.010 13.553
372.271 3.353
372.532 -8.047
372.794 -6.647
373.055 -7.446
373.316 -13.246
373.577 -9.846
373.838 -5.446
374.100 -5.646
374.361 -5.846
374.622 0.954
374.883 0.354
375.144 0.554
375.406 -1.046
375.667 1.155
375.928 3.755
376.189 4.355
376.450 1.155
376.712 7.955
376.973 8.955
377.234 1.755
377.495 -1.245
377.756 -2.645
378.018 -11.045
378.279 -14.244
378.540 -15.044
378.801 -14.644
379.062 -9.044
379.324 -6.044
379.585 -9.844
379.846 -8.444
380.107 -8.844
380.368 -16.444
380.630 -16.844
380.891 -14.643
381.152 -12.843
381.413 -9.243
381.674 -6.043
381.936 -7.843
382.197 -4.643
382.458 -8.443
382.719 -10.443
382.980 -10.243
383.242 -12.042
383.503 -11.042
383.764 -4.842
384.025 2.958
384.286 10.758
384.548 14.758
384.809 7.158
385.070 3.958
385.331 -1.842
385.592 -10.042
385.854 -9.841
386.115 -5.041
386.376 -7.841
386.637 -8.441
386.898 -6.641
387.160 -11.441
387.421 -16.041
387.682 -15.241
387.943 -13.841
388.204 -11.641
388.466 -8.240
388.727 -5.640
388.988 -5.240
389.249 -4.440
389.510 -5.640
389.772 -2.040
390.033 -2.440
390.294 -3.640
390.555 -0.840
390.816 -6.839
391.078 -12.239
391.339 -3.239
391.600 1.561
391.861 -5.839
392.122 -4.839
392.384 -5.639
392.645 -15.039
392.906 -19.039
393.167 -15.639
393.428 -9.438
393.690 -5.638
393.951 -2.638
394.212 4.362
394.473 6.362
394.734 3.362
394.996 0.562
395.257 3.562
395.518 -0.638
395.779 -10.037
396.040 -12.637
396.302 -11.237
396.563 -12.637
396.824 -13.637
397.085 -10.237
397.346 -6.637
397.608 -8.837
397.869 -11.837
398.130 -8.036
398.391 -6.636
398.652 -10.836
398.914 -2.836
399.175 4.164
399.436 0.964
399.697 -0.236
399.958 -1.236
400.220 -1.236
400.481 -7.235
400.742 -13.235
401.003 -10.435
401.264 1.765
401.526 1.765
401.787 2.165
402.048 8.165
402.309 9.165
402.570 7.565
402.832 10.166
403.093 9.166
403.354 4.166
403.615 1.566
403.876 -3.234
404.138 -10.634
404.399 -5.834
404.660 0.766
404.931 0.966
405.202 -0.833
405.473 3.367
405.745 -5.033
406.016 -11.433
406.287 -8.633
406.558 -5.033
406.829 -7.633
407.100 -1.433
407.371 5.967
407.642 2.568
407.914 -2.432
408.185 -5.232
408.456 -6.832
408.727 -1.832
408.998 5.768
409.269 15.168
409.540 21.568
409.811 19.168
410.083 11.369
410.354 7.169
410.625 0.969
410.896 1.769
411.167 0.769
411.438 -12.631
411.709 -19.231
411.981 -17.831
412.252 -19.631
412.523 -16.430
412.794 -4.630
413.065 -1.830
413.336 -1.030
413.607 -7.030
413.878 -12.030
414.150 -14.430
414.421 -16.630
414.692 -18.030
414.963 -17.229
415.234 -14.429
415.505 -8.429
415.776 -0.829
416.047 0.771
416.319 6.171
416.590 12.171
416.861 9.971
417.132 3.572
417.403 -2.028
417.674 -7.028
417.945 -11.428
418.217 -17.028
418.488 -10.828
418.759 -7.228
419.030 -10.228
419.301 -10.228
419.572 -6.027
419.843 -6.827
420.114 -4.027
420.386 4.373
420.657 7.973
420.928 6.773
421.199 0.373
421.470 -0.427
421.741 1.974
422.012 -2.226
422.283 -4.826
422.555 -5.026
422.826 -10.026
423.097 -21.226
423.368 -16.226
423.639 -9.026
423.910 -6.426
424.181 -6.025
424.453 0.175
424.724 0.775
424.995 3.375
425.266 8.575
425.537 13.375
425.808 7.975
426.079 -1.825
426.350 -8.224
426.622 -13.024
426.893 -19.824
427.164 -19.024
427.435 -12.024
427.706 -7.024
427.977 -6.024
428.248 -7.224
428.519 -4.623
428.791 -7.423
429.062 -14.623
429.333 -16.623
429.604 -9.223
429.875 -7.823
430.146 -6.023
430.417 0.777
430.689 3.778
430.960 2.578
431.231 2.778
431.502 0.578
431.773 -3.022
432.044 -5.222
432.315 -9.222
432.586 -16.622
432.858 -16.822
433.129 -18.421
433.400 -18.221
433.671 -17.221
433.942 -10.421
434.213 -4.621
434.484 -1.621
434.755 -2.621
435.027 -3.221
435.298 -3.020
435.569 -8.020
435.840 -9.420
436.114 -7.620
436.388 -4.420
436.663 -3.220
436.937 -2.020
437.211 3.580
437.485 4.581
437.759 2.181
438.034 2.381
438.308 2.581
438.582 -3.019
438.856 -6.619
439.130 -11.019
439.405 -11.818
439.679 -10.018
439.953 -6.418
440.227 -7.818
440.501 -4.018
440.776 -5.618
441.050 -9.018
441.324 -13.218
441.598 -8.817
441.872 -1.617
442.147 -4.217
442.421 -9.417
442.695 -14.617
442.969 -21.417
443.244 -26.217
443.518 -21.017
443.792 -15.416
444.066 -10.616
444.340 0.984
444.615 4.184
444.889 0.784
445.163 -0.616
445.437 -0.016
445.711 -6.416
445.986 -9.215
446.260 -6.815
446.534 -0.015
446.808 0.385
447.082 1.385
447.357 3.985
447.631 2.585
447.905 -5.614
448.179 -12.014
448.453 -17.414
448.728 -21.414
449.002 -23.814
449.276 -20.014
449.550 -10.414
449.824 0.362
450.099 7.321
450.373 11.906
450.647 8.544
450.921 0.803
451.195 -7.525
451.470 -12.684
451.744 -9.926
452.018 -0.838
452.292 5.299
452.566 3.746
452.841 1.192
453.115 0.774
453.389 -1.211
453.663 -1.800
453.937 4.693
454.212 7.052
454.486 -1.375
454.760 -7.643
455.034 -5.881
455.308 -6.078
455.583 -6.273
455.857 -0.991
456.131 -0.402
456.405 -3.920
456.680 -8.412
456.954 -13.500
457.228 -13.108
457.502 -7.832
457.776 -3.923
458.051 -2.170
458.325 1.938
458.599 -1.580
458.873 -8.045
459.147 -11.567
459.422 -9.022
459.696 -5.688
459.970 -3.342
460.244 -1.383
460.518 -2.766
460.793 -4.340
461.067 -7.286
461.341 -9.061
461.615 -4.925
461.889 -1.976
462.164 -6.928
462.438 -2.379
462.712 1.775
462.986 0.003
463.260 1.392
463.535 10.506
463.809 13.907
464.083 13.121
464.357 10.534
464.631 7.346
464.906 0.172
465.180 -10.582
465.454 -15.173
465.728 -17.582
466.002 -15.586
466.277 -15.812
466.551 -13.229
466.825 -14.656
467.099 -13.472
467.373 -18.709
467.648 -19.120
467.922 -21.338
468.196 -17.314
468.470 -14.300
468.744 -4.618
469.019 5.054
469.293 9.691
469.567 12.519
469.841 13.934
470.116 5.446
470.390 -4.454
470.664 -10.318
470.938 -12.742
471.212 -12.948
471.487 -11.529
471.761 -9.299
472.035 -6.464
472.309 -7.271
472.583 -11.306
472.858 -11.909
473.132 -11.503
473.406 -11.095
473.680 -8.673
473.954 -1.416
474.229 5.629
474.503 6.043
474.777 1.233
475.051 -1.184
475.325 0.599
475.600 -1.616
475.874 2.786
476.148 18.585
476.422 25.575
476.696 17.776
476.971 12.991
477.245 10.994
477.519 4.981
477.793 2.160
478.067 7.702
478.342 8.523
478.616 4.182
478.890 -4.504
479.164 -9.640
479.438 -15.157
479.713 -14.955
479.987 -15.519
480.261 -19.012
480.535 -20.569
480.809 -15.289
481.084 -11.567
481.358 -6.277
481.632 6.614
481.906 11.690
482.180 7.984
482.455 6.035
482.729 5.838
483.003 -0.188
483.277 -2.131
483.551 -1.549
483.826 1.359
484.100 -3.869
484.374 -11.592
484.648 -18.755
484.923 -24.171
485.197 -22.053
485.471 -9.676
485.745 9.851
486.019 19.916
486.294 22.237
486.568 17.793
486.842 16.446
487.116 9.091
487.390 2.518
487.665 -2.317
487.939 -5.801
488.213 -8.896
488.487 -5.209
488.761 1.947
489.036 8.326
489.310 10.259
489.584 10.854
489.858 2.521
490.132 1.172
490.407 3.696
490.681 1.748
490.955 -2.136
491.229 -1.748
491.503 -5.442
491.778 -10.316
492.052 -12.862
492.326 -17.935
492.600 -15.011
492.874 -7.399
493.149 -1.736
493.423 2.552
493.697 4.883
493.971 3.320
494.245 -1.951
494.520 -5.674
494.794 -8.234
495.068 -11.380
495.342 -11.380
495.616 -11.181
495.891 -13.932
496.165 -8.822
496.439 -2.343
496.713 -1.751
496.987 0.221
497.262 1.784
497.536 -8.273
497.810 -9.849
498.084 -13.199
498.359 -16.746
498.633 -12.607
498.907 -6.101
499.181 -7.682
499.455 -5.911
499.730 -3.741
500.004 0.993
500.278 4.152
500.552 7.114
500.826 14.030
501.101 17.980
501.375 18.782
501.649 20.366
501.923 19.180
502.197 16.021
502.472 11.482
502.746 3.376
503.020 1.596
503.294 5.552
503.568 1.595
503.843 -3.157
504.117 -4.543
504.391 -7.908
504.665 -8.897
504.939 -8.699
505.214 -4.146
505.488 -1.571
505.762 -7.099
506.036 -14.605
506.310 -18.155
506.585 -24.671
506.859 -24.078
507.133 -10.846
507.407 -5.318
507.681 0.011
507.956 4.950
508.230 2.394
508.504 -2.144
508.778 -3.322
509.052 -4.696
509.327 -5.665
509.601 -5.845
509.875 -5.651
510.149 -2.725
510.423 3.490
510.698 11.839
510.972 14.567
511.246 7.040
511.520 4.133
511.795 1.009
512.069 -5.387
512.343 -8.842
512.617 -4.003
512.891 -6.287
513.166 -14.320
513.440 -19.653
513.714 -23.817
513.988 -21.900
514.262 -19.787
514.537 -15.386
514.811 -9.675
515.085 -2.255
515.359 -1.875
515.633 0.585
515.908 3.606
516.182 3.040
516.456 8.883
516.730 10.769
517.004 9.449
517.279 6.809
517.553 5.296
517.827 -0.924
518.101 -1.489
518.375 -5.454
518.650 -8.673
518.924 -9.999
519.198 -9.052
519.472 -9.427
519.746 -7.736
520.021 -8.696
520.295 -8.330
520.569 -5.853
520.843 -3.371
521.117 5.385
521.392 12.797
521.666 16.222
521.940 18.915
522.214 18.549
522.488 8.614
522.763 5.559
523.037 3.836
523.311 -4.784
523.585 -2.450
523.859 3.508
524.134 6.402
524.408 9.486
524.682 13.146
524.956 4.266
525.231 2.922
525.505 5.448
525.779 7.011
526.053 8.182
526.327 12.835
526.602 12.060
526.876 8.189
527.150 6.258
527.424 4.120
527.698 2.562
527.973 -0.757
528.247 -3.880
528.521 -9.548
528.795 -18.754
529.069 -19.541
529.344 -17.200
529.618 -16.428
529.892 -15.068
530.166 -6.844
530.440 0.240
530.715 3.387
530.989 5.747
531.263 11.454
531.537 13.819
531.811 6.730
532.086 1.998
532.360 1.606
532.634 -1.744
532.908 -9.456
533.182 -10.647
533.457 -9.071
533.731 -11.246
534.005 -9.464
534.279 -6.895
534.553 -16.820
534.828 -25.749
535.102 -24.564
535.376 -25.552
535.650 -15.837
535.924 1.028
536.199 12.935
536.473 15.711
536.747 21.074
537.021 20.484
537.295 15.326
537.570 11.554
537.844 13.544
538.118 8.777
538.392 5.795
538.666 7.383
538.941 5.402
539.215 0.042
539.489 -3.326
539.763 -4.717
540.038 -2.934
540.312 2.614
540.586 6.180
540.860 9.547
541.134 8.161
541.409 6.572
541.683 8.152
541.957 2.812
542.231 -0.351
542.505 -1.139
542.780 2.023
543.054 -3.508
543.328 -2.122
543.602 -2.906
543.876 -4.677
544.151 -9.025
544.425 -11.192
544.699 -11.779
544.973 -6.071
545.247 -1.738
545.522 -0.559
545.796 5.541
546.070 11.832
546.351 16.749
546.632 17.929
546.912 15.770
547.193 16.752
547.474 10.471
547.755 1.234
548.036 -0.343
548.317 4.555
548.597 4.549
548.878 2.786
549.159 0.443
549.440 -1.319
549.721 -5.041
550.001 -7.979
550.282 -5.431
550.563 -4.064
550.844 -7.583
551.125 -11.297
551.406 -7.973
551.686 -5.821
551.967 -8.161
552.248 -4.250
552.529 2.394
552.810 0.827
553.090 -5.038
553.371 -1.719
553.652 -2.304
553.933 -13.828
554.214 -24.390
554.495 -24.987
554.775 -23.031
555.056 -18.920
555.337 -5.624
555.618 8.667
555.899 12.391
556.179 12.000
556.460 10.432
556.741 5.926
557.022 3.572
557.303 7.684
557.584 7.881
557.864 9.849
558.145 15.941
558.426 20.503
558.707 24.858
558.988 24.860
559.268 19.552
559.549 11.490
559.830 -1.330
560.111 -9.219
560.392 -9.022
560.673 -4.288
560.953 -3.497
561.234 -3.892
561.515 -4.291
561.796 -4.288
562.077 -7.246
562.357 -7.051
562.638 -4.305
562.919 -4.514
563.200 -6.501
563.481 -3.512
563.762 -1.324
564.042 1.454
564.323 5.038
564.604 2.647
564.885 -9.296
565.166 -13.277
565.446 -16.262
565.727 -21.638
566.008 -18.052
566.289 -9.296
566.570 -8.699
566.851 -5.114
567.131 -1.733
567.412 -0.530
567.693 -1.937
567.974 -5.578
568.255 -5.975
568.535 0.663
568.816 4.495
569.097 5.498
569.378 9.525
569.659 8.522
569.940 1.484
570.220 -0.748
570.501 2.859
570.782 4.465
571.063 2.461
571.344 3.864
571.624 3.677
571.905 0.271
572.186 -0.736
572.467 2.879
572.748 3.698
573.029 6.569
573.309 7.786
573.590 3.711
573.871 -3.602
574.152 -2.786
574.433 -7.055
574.713 -10.705
574.994 0.245
575.275 16.648
575.556 19.457
575.837 22.478
576.118 26.932
576.398 18.638
576.679 7.727
576.960 1.667
577.245 -2.572
577.531 -5.411
577.816 -1.755
578.102 0.075
578.387 0.886
578.672 5.180
578.958 7.423
579.243 0.913
579.529 0.907
579.814 -2.522
580.099 -10.227
580.385 -14.647
580.670 -18.124
580.956 -22.915
581.241 -23.057
581.526 -23.812
581.812 -18.623
582.097 -3.890
582.382 3.473
582.668 6.053
582.953 9.231
583.239 5.262
583.524 1.650
583.809 4.357
584.095 8.486
584.380 11.821
584.666 13.612
584.951 5.615
585.236 -5.902
585.522 -6.900
585.807 -7.686
586.093 -7.880
586.378 1.440
586.663 10.556
586.949 12.890
587.234 12.114
587.520 13.665
587.805 7.844
588.090 1.637
588.376 -6.503
588.661 -14.821
588.947 -14.049
589.232 -9.409
589.517 -3.411
589.803 5.482
590.088 19.789
590.374 19.979
590.659 13.220
590.944 6.457
591.230 -2.239
591.515 -9.388
591.800 -10.162
592.086 -4.759
592.371 1.031
592.657 12.224
592.942 17.047
593.227 15.504
593.513 18.202
593.798 24.357
594.084 15.102
594.369 8.352
594.654 11.047
594.940 9.699
595.225 2.000
595.511 3.156
595.796 4.318
596.081 -2.031
596.367 -12.997
596.652 -19.532
596.938 -19.146
597.223 -13.757
597.508 -1.458
597.794 8.350
598.079 10.650
598.365 7.961
598.650 5.840
598.935 -2.421
599.221 -0.883
599.506 5.855
599.792 8.929
600.077 7.008
600.362 8.357
600.648 7.398
600.933 7.976
601.218 12.789
601.504 15.484
601.789 10.860
602.075 8.743
602.360 5.471
602.645 5.476
602.931 10.866
603.216 18.577
603.502 21.468
603.787 24.366
604.072 20.708
604.358 14.170
604.643 10.507
604.929 8.968
605.214 10.518
605.499 20.375
605.785 20.763
606.070 16.119
606.356 17.285
606.641 11.874
606.926 0.667
607.212 2.419
607.497 8.624
607.783 10.384
608.068 13.885
608.353 18.944
608.639 17.204
608.924 16.237
609.210 13.717
609.495 10.410
609.780 10.235
610.066 13.764
610.351 15.140
610.636 13.189
610.922 14.756
611.207 11.443
611.493 7.147
611.778 4.604
612.063 5.193
612.349 12.672
612.634 26.655
612.920 33.148
613.205 35.119
613.490 35.712
613.776 28.442
614.061 18.019
614.347 17.845
614.632 20.021
614.917 23.191
615.203 23.990
615.488 20.448
615.774 19.099
616.059 20.714
616.344 23.512
616.630 27.896
616.915 33.865
617.201 38.866
617.486 44.450
617.771 48.865
618.057 52.276
618.342 50.311
618.627 42.161
618.913 38.004
619.198 36.609
619.484 38.640
619.769 41.852
620.054 41.858
620.340 38.478
620.625 41.334
620.911 40.156
621.196 36.377
621.481 42.204
621.767 45.236
622.052 44.471
622.338 47.520
622.623 58.195
622.908 62.058
623.194 67.309
623.479 69.160
623.765 68.209
624.050 66.643
624.335 65.256
624.621 71.556
624.906 75.037
625.192 79.899
625.477 81.157
625.762 87.282
626.048 85.313
626.333 83.120
626.619 85.404
626.904 89.126
627.189 90.418
627.475 95.166
627.760 102.576
628.045 102.948
628.331 109.353
628.616 115.329
628.902 117.844
629.187 114.217
629.472 109.282
629.758 106.333
630.043 105.168
630.329 105.153
630.614 115.608
630.899 125.609
631.185 130.075
631.470 136.056
631.756 138.409
632.041 135.283
632.326 145.832
632.612 154.812
632.897 153.397
633.183 156.111
633.468 161.490
633.753 161.959
634.039 162.696
634.324 166.597
634.610 175.010
634.895 183.923
635.180 184.816
635.466 189.603
635.751 201.445
636.037 209.367
636.322 214.090
636.607 226.456
636.893 230.510
637.178 236.665
637.463 244.181
637.749 246.254
638.034 247.934
638.320 254.251
638.605 262.893
638.890 273.094
639.176 288.678
639.461 297.102
639.747 300.792
640.032 298.957
640.317 299.935
640.603 301.691
640.888 307.228
641.174 317.999
641.459 325.270
641.744 335.247
642.030 350.179
642.315 365.984
642.601 382.046
642.886 403.112
643.171 412.037
643.457 423.371
643.742 434.288
644.028 448.043
644.313 458.344
644.598 473.290
644.884 486.488
645.169 497.782
645.455 505.909
645.740 521.472
646.025 536.163
646.311 549.714
646.596 569.562
646.881 589.540
647.167 603.601
647.452 617.583
647.738 627.843
648.023 636.934
648.308 648.709
648.594 661.071
648.879 678.299
649.165 698.979
649.450 722.278
649.735 744.163
650.021 770.404
650.306 789.923
650.592 810.995
650.877 829.897
651.162 857.830
651.448 884.169
651.733 909.034
652.019 932.086
652.304 956.353
652.589 975.217
652.875 996.973
653.160 1028.275
653.446 1063.432
653.731 1094.285
654.016 1126.690
654.302 1155.804
654.587 1183.067
654.873 1207.293
655.158 1233.575
655.443 1265.339
655.729 1300.230
656.014 1328.841
656.299 1361.422
656.585 1394.728
656.870 1420.032
657.156 1451.213
657.441 1499.353
657.726 1538.994
658.012 1581.418
658.297 1630.954
658.583 1673.470
658.868 1705.903
659.153 1756.144
659.439 1805.132
659.724 1847.326
660.010 1896.886
660.295 1951.011
660.580 1991.798
660.866 2039.726
661.151 2096.731
661.437 2153.196
661.722 2206.435
662.007 2259.950
662.293 2307.112
662.578 2365.947
662.864 2429.158
663.149 2488.127
663.434 2555.990
663.720 2624.473
664.005 2675.466
664.290 2728.053
664.576 2793.596
664.861 2861.335
665.147 2929.171
665.432 3003.615
665.717 3079.597
666.003 3154.313
666.288 3227.289
666.574 3313.395
666.859 3401.923
667.144 3473.380
667.430 3555.178
667.715 3643.312
668.001 3736.923
668.286 3825.382
668.571 3930.658
668.857 4021.835
669.142 4106.367
669.428 4189.752
669.713 4283.855
669.998 4367.471
670.284 4468.143
670.569 4579.629
670.855 4683.367
671.140 4784.067
671.425 4896.512
671.711 5019.938
671.996 5129.610
672.282 5246.249
672.567 5356.105
672.852 5453.871
673.138 5543.567
673.423 5645.021
673.708 5750.053
673.994 5852.088
674.279 5960.903
674.565 6055.189
674.850 6150.662
675.135 6241.776
675.421 6333.516
675.706 6420.931
675.992 6515.572
676.277 6599.517
676.562 6667.113
676.848 6732.301
677.133 6805.708
677.419 6867.184
677.704 6927.547
677.989 6990.166
678.275 7049.939
678.560 7085.218
678.846 7115.848
679.131 7145.899
679.416 7170.109
679.702 7190.540
679.987 7210.729
680.273 7221.401
680.558 7211.145
680.843 7181.505
681.129 7150.987
681.414 7118.241
681.700 7078.975
681.985 7030.895
682.270 6998.277
682.556 6950.810
682.841 6890.526
683.126 6831.463
683.412 6775.194
683.697 6716.087
683.983 6654.611
684.268 6582.185
684.553 6488.649
684.839 6388.372
685.124 6270.941
685.410 6158.925
685.695 6056.810
685.980 5964.967
686.266 5867.895
686.551 5763.716
686.837 5639.758
687.122 5500.284
687.407 5359.798
687.693 5227.079
687.978 5087.906
688.264 4954.228
688.549 4836.880
688.834 4706.968
689.120 4563.125
689.405 4428.172
689.691 4295.357
689.976 4151.672
690.261 4008.437
690.547 3882.845
690.832 3755.531
691.118 3637.795
691.403 3532.045
691.688 3413.366
691.974 3286.860
692.259 3171.386
692.544 3051.522
692.830 2924.444
693.115 2818.681
693.401 2717.366
693.686 2614.902
693.971 2511.740
694.257 2422.596
694.542 2340.986
694.828 2256.812
695.113 2174.440
695.398 2101.069
695.684 2020.024
695.969 1935.040
696.255 1860.475
696.540 1791.992
696.834 1719.920
697.127 1661.658
697.421 1613.456
697.715 1565.771
698.008 1509.870
698.302 1455.387
698.596 1400.136
698.889 1341.669
699.183 1283.659
699.477 1233.200
699.771 1184.387
700.064 1136.261
700.358 1091.015
700.652 1045.352
700.945 1002.595
701.239 968.247
701.533 945.695
701.826 919.797
702.120 888.709
702.414 855.290
702.707 823.304
703.001 779.890
703.295 741.968
703.588 714.324
703.882 690.439
704.176 663.206
704.469 638.824
704.763 618.315
705.057 594.953
705.351 568.141
705.644 542.647
705.938 521.618
706.232 498.418
706.525 476.240
706.819 458.716
707.113 443.523
707.406 423.368
707.700 405.991
707.994 390.335
708.287 382.194
708.581 373.185
708.875 361.723
709.168 342.441
709.462 328.762
709.756 312.713
710.049 295.212
710.343 280.089
710.637 273.926
710.931 262.987
711.224 251.698
711.518 238.006
711.812 224.715
712.105 211.316
712.399 204.821
712.693 190.831
712.986 179.808
713.280 173.083
713.574 166.158
713.867 155.951
714.161 153.133
714.455 149.956
714.748 145.854
715.042 146.249
715.336 147.204
715.629 141.575
715.923 135.543
716.217 129.835
716.511 119.639
716.804 107.471
717.098 98.004
717.392 91.708
717.685 89.623
717.979 88.873
718.273 85.945
718.566 85.412
718.860 84.270
719.154 78.002
719.447 72.723
719.741 73.808
720.035 72.832
720.328 67.882
720.622 63.328
720.916 61.568
721.209 59.580
721.503 62.421
721.797 65.641
722.091 61.093
722.384 54.356
722.678 50.821
722.972 49.245
723.265 48.498
723.559 52.695
723.853 53.300
724.146 48.117
724.440 35.977
724.734 30.402
725.027 35.606
725.321 45.413
725.615 53.819
725.908 63.607
726.202 65.799
726.496 54.614
726.789 45.214
727.083 40.014
727.377 28.228
727.671 21.437
727.964 22.037
728.258 17.039
728.552 9.442
728.845 7.239
729.139 7.847
729.433 4.849
729.726 0.236
730.020 -2.775
730.314 0.036
730.607 -0.363
730.901 2.055
731.195 8.484
731.488 5.063
731.782 1.044
732.076 2.659
732.369 3.665
732.663 -4.983
732.957 0.249
733.251 5.282
733.544 0.251
733.838 -0.143
734.132 10.728
734.425 6.693
734.719 1.650
735.013 1.650
735.306 -1.979
735.600 -10.648
735.894 -9.439
736.187 -5.199
736.481 -4.191
736.775 -0.952
737.068 3.294
737.362 2.472
737.656 0.248
737.949 2.483
738.243 -2.178
738.537 0.466
738.831 10.419
739.124 11.028
739.418 4.719
739.712 3.701
740.005 -0.156
740.299 -4.825
740.593 -1.563
740.886 8.010
741.180 8.006
741.474 5.968
741.767 9.245
742.061 8.025
742.355 7.215
742.648 12.318
742.942 14.562
743.236 10.883
743.529 9.047
743.823 5.380
744.117 3.134
744.411 9.883
744.704 8.655
744.998 5.375
745.292 -0.356
745.585 -5.063
745.879 -19.590
746.173 -28.810
746.466 -32.290
746.760 -33.326
747.054 -34.963
747.347 -32.311
747.641 -25.140
747.935 -15.913
748.228 -0.097
748.522 9.331
748.816 3.782
749.109 0.079
749.403 1.927
749.697 -3.617
749.991 -3.010
750.284 13.418
750.578 20.815
750.872 19.176
751.165 17.933
751.459 6.846
751.753 -5.480
752.046 -2.393
752.340 -4.859
752.634 -8.965
752.927 -3.822
753.221 1.523
753.515 -5.259
753.808 -6.081
754.102 1.321
754.396 6.251
754.689 6.252
754.983 10.772
755.277 10.156
755.571 -0.938
755.864 -8.949
756.158 -9.155
756.452 -11.412
756.745 -12.438
757.039 -8.946
757.333 -5.046
757.626 -10.589
757.920 -7.925
758.214 -3.407
758.507 -0.738
758.801 0.495
759.095 7.067
759.388 7.273
759.682 8.091
759.976 11.769
760.269 13.202
760.563 11.974
760.857 6.649
761.151 -1.745
761.444 -7.676
761.738 -9.926
762.032 -8.493
762.325 -3.588
762.619 8.660
762.913 9.072
763.206 8.260
763.500 9.481
763.798 9.883
764.097 -2.135
764.395 -5.584
764.693 -4.361
764.992 -2.739
765.290 -7.215
765.588 0.100
765.887 1.930
766.185 -0.503
766.483 -3.143
766.782 -0.912
767.080 -6.579
767.378 -3.740
767.677 -2.922
767.975 -10.995
768.273 -11.804
768.571 -7.559
768.870 -7.964
769.168 -7.960
769.466 -3.908
769.765 -4.310
770.063 -4.917
770.361 -4.315
770.660 -4.306
770.958 -0.287
771.256 4.725
771.555 5.923
771.853 3.320
772.151 -0.474
772.450 -5.469
772.748 -13.871
773.046 -14.073
773.345 -11.473
773.643 -7.470
773.941 -2.275
774.240 2.318
774.538 -2.868
774.836 -6.458
775.135 -6.853
775.433 -4.264
775.731 -0.879
776.030 1.515
776.328 0.729
776.626 -0.861
776.925 -3.650
777.223 -6.244
777.521 -6.837
777.819 -6.445
778.118 -8.026
778.416 -14.189
778.714 -19.948
779.013 -20.745
779.311 -20.537
779.609 -13.981
779.908 -7.021
780.206 -6.226
780.504 -1.257
780.803 0.731
781.101 -2.648
781.399 -6.630
781.698 -7.636
781.996 -13.996
782.294 -11.811
782.593 -8.628
782.891 -2.053
783.189 2.329
783.488 4.718
783.786 1.735
784.084 -7.021
784.383 -15.196
784.681 -9.595
784.979 -8.402
785.278 -14.609
785.576 -10.046
785.874 -5.454
786.173 -10.654
786.471 -12.657
786.769 -11.470
787.068 -11.475
787.366 -11.474
787.664 -13.076
787.962 -8.264
788.261 1.167
788.559 2.764
788.857 -2.863
789.156 -7.298
789.454 -12.732
789.752 -18.979
790.051 -19.788
790.349 -15.169
790.647 -7.912
790.946 -7.519
791.244 -4.698
791.542 -2.071
791.841 -2.481
792.139 -6.329
792.437 -1.459
792.736 4.237
793.034 -1.046
793.332 -4.104
793.631 0.574
793.929 -0.643
794.227 -5.321
794.526 -2.278
794.824 -3.522
795.122 -5.761
795.421 -10.666
795.719 -13.331
796.017 -14.361
796.316 -10.688
796.614 -8.424
796.912 -3.510
797.211 -4.755
797.509 -4.774
797.807 -3.750
798.105 -3.532
798.404 -2.493
798.702 2.253
799.000 3.896
799.299 0.162
799.597 -4.181
799.895 -3.342
800.194 1.236
800.492 4.362
800.790 8.713
801.089 11.003
801.387 3.493
801.685 -7.977
801.984 -16.771
802.282 -18.450
802.580 -16.558
802.879 -12.165
803.177 -7.781
803.475 -3.815
803.774 -2.137
804.072 -2.117
804.370 -2.118
804.669 -1.914
804.967 1.253
805.265 2.954
805.564 -0.434
805.862 5.113
806.160 13.004
806.459 11.724
806.757 10.020
807.055 15.167
807.353 14.542
807.652 9.003
807.950 13.524
808.248 13.738
808.547 10.746
808.845 8.635
809.143 9.943
809.442 6.280
809.740 8.235
810.038 4.978
810.337 -4.390
810.635 -10.711
810.933 -10.711
811.232 -10.248
811.530 -3.879
811.831 1.565
812.132 -3.132
812.432 -5.347
812.733 -0.423
813.034 -4.604
813.335 -10.637
813.636 -7.590
813.936 -5.151
814.237 -14.737
814.538 -18.545
814.839 -17.037
815.140 -12.118
815.440 -9.856
815.741 -3.327
816.042 5.912
816.343 7.690
816.644 3.146
816.945 -4.794
817.245 -8.624
817.546 -8.837
817.847 -4.991
818.148 -1.586
818.449 9.532
818.749 15.414
819.050 11.561
819.351 10.431
819.652 5.922
819.953 -0.192
820.253 -7.651
820.554 -14.418
820.855 -15.540
821.156 -12.358
821.457 -16.388
821.757 -23.343
822.058 -19.498
822.359 -11.448
822.660 -1.606
822.961 8.231
823.261 20.996
823.562 27.226
823.863 26.770
824.164 21.402
824.465 18.704
824.765 14.686
825.066 7.816
825.367 -0.586
825.668 -4.761
825.969 -8.939
826.269 -13.093
826.570 -18.512
826.871 -17.823
827.172 -10.646
827.473 -9.116
827.774 -9.084
828.074 1.983
828.375 6.307
828.676 0.042
828.977 -2.312
829.278 -3.969
829.578 -8.915
829.879 -10.630
830.180 -6.791
830.481 -6.130
830.782 -2.486
831.082 0.267
831.383 -1.202
831.684 -6.043
831.985 -11.248
832.286 -14.151
832.586 -21.040
832.887 -24.562
833.188 -27.014
833.489 -25.480
833.790 -23.358
834.090 -16.098
834.391 -12.125
834.692 -10.220
834.993 -4.642
835.294 1.296
835.594 5.950
835.895 12.442
836.196 17.938
836.497 14.916
836.798 4.015
837.099 -2.490
837.399 -4.372
837.700 -1.240
838.001 3.756
838.302 11.184
838.603 11.970
838.903 8.586
839.204 2.051
839.505 2.259
839.806 2.261
840.107 2.076
840.407 6.507
840.708 0.425
841.009 -7.857
841.310 -7.443
841.611 -9.065
841.911 -11.212
842.212 -1.231
842.513 2.569
842.814 -1.631
843.115 -1.661
843.415 -6.708
843.716 -13.512
844.017 -9.901
844.318 -8.063
844.619 -5.461
844.919 -2.678
845.220 0.965
845.521 -0.105
845.822 4.766
846.123 4.135
846.423 4.140
846.724 7.285
847.025 13.161
847.326 16.386
847.627 16.173
847.928 15.039
848.228 14.617
848.529 6.928
848.830 2.181
849.131 4.022
849.432 0.126
849.732 -4.439
850.033 -1.243
850.334 -8.552
850.635 -14.036
850.936 -2.623
851.236 3.077
851.537 -9.203
851.838 -12.564
852.139 -11.183
852.440 -18.013
852.740 -20.748
853.041 -12.772
853.342 -2.127
853.643 -1.892
853.944 -3.230
854.244 -0.787
854.545 6.347
854.846 4.997
855.147 7.228
855.448 7.257
855.748 1.519
856.049 -8.801
856.350 -5.763
856.651 -2.762
856.952 4.807
857.253 8.502
857.553 9.052
857.854 3.671
858.155 -0.853
858.456 -5.825
858.757 -9.623
859.057 -9.310
859.358 -13.842
859.659 -14.039
859.960 -7.256
860.261 -3.496
860.561 -3.789
860.862 -1.811
861.163 -6.258
861.464 -15.303
861.765 -17.135
862.065 -10.625
862.366 -3.349
862.667 0.534
862.968 -0.636
863.269 -1.012
863.569 -3.390
863.870 -11.267
864.171 -18.465
864.472 -23.458
864.773 -25.757
865.073 -29.601
865.374 -26.812
865.675 -20.530
865.976 -13.149
866.277 -13.667
866.577 -9.980
866.878 -6.338
867.179 -3.093
867.480 -2.526
867.781 -0.774
868.082 -3.001
868.382 -4.326
868.683 -5.458
868.984 -12.732
869.285 -16.628
869.586 -14.371
869.886 -15.109
870.187 -20.098
870.488 -16.149
870.789 -5.945
871.090 -2.436
871.390 2.543
871.691 8.087
871.992 12.139
872.293 8.640
872.594 6.616
872.894 3.115
873.195 -1.462
873.496 -0.002
873.797 -0.005
874.098 -1.649
874.398 -5.670
874.699 -4.748
875.000 -2.746
875.301 -0.014
875.602 2.539
875.902 8.559
876.203 5.660
876.504 -7.103
876.805 -12.200
877.106 -9.835
877.407 -12.198
877.707 -5.465
878.008 8.903
878.309 12.178
878.610 7.457
878.911 6.915
879.211 6.189
879.512 -1.070
879.813 -7.610
880.114 -10.153
880.415 -11.606
880.715 -12.149
881.016 -12.327
881.317 -7.059
881.618 0.746
881.919 1.111
882.219 -3.618
882.520 -3.798
882.821 -4.159
883.122 -8.876
883.423 -12.665
883.723 -6.485
884.024 -4.127
884.325 -4.670
884.626 0.034
884.927 9.981
885.227 9.256
885.528 11.424
885.829 13.598
886.130 1.483
886.431 -8.648
886.731 -7.920
887.032 -11.901
887.333 -14.434
887.634 -9.197
887.935 -8.295
888.236 -9.744
888.536 -15.164
888.837 -14.256
889.138 -15.702
889.439 -18.062
889.740 -22.576
890.040 -23.142
890.341 -28.037
890.642 -25.142
890.943 -18.433
891.244 -15.189
891.544 -9.744
891.845 -6.662
892.146 -5.750
892.447 -11.755
892.748 -12.667
893.048 -9.579
893.349 -8.859
893.650 -12.867
893.951 -6.314
894.252 -0.484
894.552 -3.030
894.853 -3.215
895.154 -1.407
895.455 -5.070
895.756 -11.104
896.056 -12.030
896.357 -11.301
896.658 -10.026
896.959 -7.462
897.260 -4.525
897.561 -1.572
897.861 -3.053
898.162 -1.577
898.463 -0.099
898.764 -2.695
899.065 -8.825
899.365 -10.320
899.666 -13.664
899.967 -16.462
900.268 -18.362
900.569 -20.446
900.869 -18.232
901.170 -11.509
901.471 -7.572
901.772 -0.629
902.073 7.616
902.373 7.236
902.674 2.732
902.975 3.504
903.276 -2.530
903.577 -2.900
903.877 4.491
904.178 15.712
904.479 17.445
904.780 17.979
905.081 15.309
905.381 6.176
905.682 -8.289
905.983 -17.262
906.284 -16.886
906.585 -16.699
906.885 -17.508
907.186 -11.969
907.487 -6.410
907.788 -4.883
908.089 -1.799
908.390 3.800
908.690 1.289
908.991 0.715
909.292 4.785
909.593 1.876
909.894 -1.042
910.194 -3.005
910.495 -3.001
910.796 -5.909
911.097 -14.731
911.398 -20.255
911.698 -20.275
911.999 -22.240
912.300 -18.685
912.607 -3.349
912.915 9.084
913.222 15.803
913.529 16.387
913.837 11.640
914.144 6.493
914.451 1.146
914.759 -0.825
915.066 2.163
915.374 -0.041
915.681 -5.845
915.988 -3.434
916.296 -0.798
916.603 -1.379
916.910 -0.599
917.218 1.374
917.525 -4.693
917.832 -9.935
918.140 -11.344
918.447 -7.096
918.754 0.402
919.062 5.280
919.369 4.869
919.677 3.442
919.984 4.684
920.291 3.268
920.599 4.500
920.906 7.781
921.213 7.776
921.521 -0.639
921.828 -4.531
922.135 -8.839
922.443 -11.926
922.750 -15.015
923.057 -16.488
923.365 -18.560
923.672 -21.261
923.980 -26.022
924.287 -21.494
924.594 -11.776
924.902 -7.634
925.209 -1.829
925.516 5.003
925.824 2.088
926.131 -7.054
926.438 -14.358
926.746 -18.536
927.053 -25.219
927.360 -22.929
927.668 -18.781
927.975 -18.823
928.283 -17.368
928.590 -10.669
928.897 -12.362
929.205 -13.840
929.512 -6.484
929.819 1.346
930.127 3.034
930.434 1.330
930.741 1.087
931.049 7.917
931.356 6.471
931.663 10.786
931.971 17.822
932.278 23.574
932.586 16.756
932.893 6.873
933.200 -7.120
933.508 -6.851
933.815 0.193
934.122 5.028
934.430 15.946
934.737 25.533
935.044 24.272
935.352 16.186
935.659 11.828
935.966 9.740
936.274 8.909
936.581 7.361
936.889 5.300
937.196 -1.214
937.503 -11.907
937.811 -13.977
938.118 -17.287
938.425 -21.410
938.733 -20.618
939.040 -22.305
939.347 -24.027
939.655 -12.592
939.962 -2.866
940.269 4.198
940.577 4.979
940.884 4.427
941.191 -4.902
941.499 -16.421
941.806 -27.504
942.114 -19.531
942.421 -13.467
942.728 -12.457
943.036 -2.606
943.343 15.589
943.650 29.297
943.958 36.933
944.265 38.206
944.572 34.404
944.880 27.582
945.187 13.124
945.494 -3.609
945.802 -10.409
946.109 -12.897
946.417 -18.676
946.724 -24.411
947.031 -21.116
947.339 -12.863
947.646 -6.877
947.953 -4.107
948.261 5.093
948.568 4.653
948.875 -1.005
949.183 -4.687
949.490 -7.097
949.797 -5.705
950.105 1.794
950.412 6.405
950.720 2.123
951.027 2.176
951.334 -2.628
951.642 -10.017
951.949 -14.772
952.256 -14.649
952.564 -12.027
952.871 -11.781
953.178 -11.504
953.486 -8.669
953.793 -4.433
954.100 -6.274
954.408 -8.332
954.715 -3.255
955.023 -7.122
955.330 -9.830
955.637 -8.207
955.945 -13.616
956.252 -20.199
956.559 -19.476
956.867 -16.955
957.174 -17.169
957.481 -9.901
957.789 -2.718
958.096 -0.905
958.403 -3.318
958.711 0.015
959.018 4.231
959.326 1.561
959.633 0.248
959.940 6.447
960.248 3.788
960.555 6.180
960.862 9.468
961.170 9.042
961.477 -2.133
961.784 -9.571
962.092 -20.296
962.399 -25.549
962.706 -17.708
963.014 -6.135
963.321 0.001
963.629 3.715
963.936 6.538
964.243 8.286
964.551 12.800
964.858 16.699
965.165 20.790
965.473 22.290
965.780 12.805
966.092 5.053
966.404 1.607
966.716 -1.398
967.028 -3.546
967.340 0.502
967.652 5.406
967.964 1.168
968.276 -8.767
968.588 -14.732
968.900 -15.798
969.212 -16.246
969.524 -6.492
969.836 5.144
970.148 9.836
970.460 6.863
970.772 4.751
971.084 4.738
971.396 -1.593
971.708 -6.641
972.020 -0.499
972.332 -2.192
972.644 -9.149
972.956 -2.826
973.268 5.585
973.580 6.638
973.892 10.632
974.204 15.268
974.516 12.538
974.828 5.592
975.140 -5.794
975.452 -16.527
975.764 -22.209
976.076 -22.639
976.388 -19.878
976.700 -15.854
977.012 -17.335
977.324 -19.660
977.636 -19.437
977.948 -17.341
978.260 -15.861
978.572 -6.372
978.884 5.203
979.196 10.676
979.508 13.000
979.820 13.402
980.132 11.512
980.444 5.639
980.756 -5.976
981.068 -15.286
981.380 -13.796
981.692 -9.546
982.004 -2.948
982.316 10.593
982.628 19.719
982.940 18.023
983.252 16.536
983.564 12.496
983.876 6.793
984.188 4.247
984.500 2.773
984.812 -5.098
985.124 -4.670
985.436 -1.685
985.748 -4.237
986.060 4.285
986.372 15.140
986.684 10.886
986.996 2.582
987.308 1.303
987.620 -5.527
987.932 -11.692
988.244 -8.074
988.556 -1.894
988.868 0.452
989.180 1.519
989.492 2.162
989.804 3.250
990.116 1.762
990.428 -4.418
990.740 -12.509
991.052 -18.056
991.364 -29.826
991.676 -34.316
991.988 -26.000
992.300 -12.147
992.612 2.546
992.924 15.412
993.236 22.248
993.548 21.612
993.860 19.047
994.172 11.185
994.484 10.492
994.796 16.035
995.108 22.436
995.420 26.983
995.732 28.715
996.044 27.041
996.356 18.088
996.668 9.123
996.980 4.602
997.292 6.748
997.604 7.389
997.916 15.985
998.228 17.486
998.540 6.778
998.852 2.706
999.164 4.652
999.476 -3.080
999.788 -0.066
1000.100 16.726
1000.412 25.546
1000.724 30.558
1001.036 34.433
1001.348 34.226
1001.660 33.590
1001.972 28.239
1002.284 23.486
1002.596 20.696
1002.908 21.363
1003.220 25.447
1003.532 33.842
1003.844 43.710
1004.156 52.816
1004.468 60.640
1004.780 57.828
1005.092 58.234
1005.404 51.831
1005.716 47.896
1006.028 44.371
1006.340 41.580
1006.652 36.439
1006.964 40.294
1007.276 44.225
1007.588 44.908
1007.900 42.313
1008.212 39.684
1008.524 40.507
1008.836 44.627
1009.148 51.353
1009.460 57.306
1009.772 60.895
1010.084 54.217
1010.396 52.250
1010.708 53.368
1011.020 57.279
1011.332 66.499
1011.644 73.115
1011.956 80.996
1012.268 85.057
1012.580 82.882
1012.892 77.740
1013.204 77.716
1013.516 73.657
1013.828 81.862
1014.140 94.695
1014.452 104.084
1014.764 112.214
1015.076 116.899
1015.388 108.357
1015.700 102.266
1016.012 101.036
1016.324 102.006
1016.636 101.000
1016.948 107.250
1017.260 116.545
1017.572 119.783
1017.884 116.178
1018.196 117.744
1018.508 114.155
1018.820 103.860
1019.132 104.989
1019.444 114.049
1019.756 110.771
1020.068 105.950
1020.380 112.981
1020.692 108.346
1021.004 107.390
1021.316 120.154
1021.628 126.742
1021.940 124.624
1022.252 127.214
1022.564 129.625
1022.876 125.086
1023.188 120.179
1023.500 116.689
1023.812 121.226
1024.124 126.231
1024.436 125.554
1024.748 127.381
1025.060 130.361
1025.372 125.265
1025.684 116.007
1025.996 114.798
1026.308 114.962
1026.620 111.038
1026.932 111.834
1027.244 108.301
1027.556 103.303
1027.868 100.861
1028.180 105.396
1028.492 101.394
1028.804 103.549
1029.116 102.816
1029.428 102.818
1029.740 99.326
1030.052 98.432
1030.364 92.306
1030.676 92.018
1030.988 91.404
1031.300 91.311
1031.612 90.788
1031.924 89.676
1032.236 90.079
1032.548 93.569
1032.860 96.252
1033.172 94.601
1033.484 94.886
1033.796 92.727
1034.108 89.679
1034.420 80.280
1034.732 73.284
1035.044 68.288
1035.356 59.292
1035.668 52.095
1035.980 56.899
1036.292 62.903
1036.604 66.506
1036.916 68.710
1037.228 67.314
1037.540 64.118
1037.852 62.121
1038.164 59.725
1038.476 62.929
1038.788 64.933
1039.100 57.737
1039.412 49.740
1039.724 46.744
1040.036 47.148
1040.348 46.952
1040.660 48.956
1040.972 55.760
1041.284 52.563
1041.596 45.367
1041.908 43.771
1042.220 44.175
1042.532 41.779
1042.844 46.183
1043.156 55.187
1043.468 51.391
1043.780 47.195
1044.092 47.399
1044.404 49.203
1044.716 40.807
1045.028 43.811
1045.340 39.615
1045.652 33.019
1045.964 29.623
1046.276 27.827
1046.588 23.631
1046.900 32.835
1047.212 32.639
1047.524 30.043
1047.836 31.847
1048.148 28.851
1048.460 21.255
1048.772 16.860
1049.084 12.664
1049.396 9.468
1049.708 8.672
1050.020 8.276
1050.332 9.080
1050.644 3.685
1050.956 -3.111
1051.268 9.093
1051.580 16.497
1051.892 22.701
1052.204 31.506
1052.516 35.510
1052.828 22.714
1053.140 22.118
1053.452 25.523
1053.764 26.727
1054.076 32.331
1054.388 34.936
1054.700 23.940
1055.012 17.744
1055.324 13.749
1055.636 5.153
1055.948 -2.443
1056.260 -1.438
1056.572 -2.434
1056.884 0.971
1057.196 4.375
1057.508 8.179
1057.820 11.184
1058.132 9.788
1058.444 3.193
1058.756 2.997
1059.068 0.602
1059.380 -3.994
1059.692 -3.989
1060.004 -5.185
1060.316 -6.580
1060.628 -1.976
1060.940 1.229
1061.252 0.034
1061.564 3.038
1061.876 3.443
1062.188 1.047
1062.500 -4.548
1062.812 -11.943
1063.124 -18.139
1063.436 -15.734
1063.748 -12.729
1064.060 -4.125
1064.372 12.080
1064.684 21.685
1064.996 17.689
1065.308 17.494
1065.620 15.099
1065.932 4.704
1066.244 -0.692
1066.556 -1.687
1066.868 -7.682
1067.180 -5.877
1067.492 -0.472
1067.804 3.132
1068.116 10.337
1068.428 11.942
1068.740 4.947
1069.052 -4.848
1069.364 -6.043
1069.676 -11.438
1069.988 -8.433
1070.300 -0.828
1070.612 9.577
1070.924 8.582
1071.236 11.586
1071.548 15.191
1071.860 11.996
1072.172 12.201
1072.484 17.406
1072.796 15.412
1073.108 11.017
1073.420 11.022
1073.732 9.227
1074.044 5.632
1074.356 8.437
1074.668 9.842
1074.980 4.647
1075.292 -0.348
1075.604 -0.743
1075.916 -0.337
1076.228 4.068
1076.540 8.473
1076.852 11.478
1077.164 12.483
1077.476 11.689
1077.788 9.294
1078.100 9.499
1078.412 0.504
1078.724 -5.690
1079.036 -7.685
1079.348 -14.080
1079.660 -15.474
1079.972 -9.869
1080.284 -1.464
1080.596 4.142
1080.908 9.147
1081.220 12.753
1081.532 20.158
1081.844 17.963
1082.156 9.169
1082.468 11.974
1082.780 12.580
1083.092 6.185
1083.404 4.791
1083.716 10.396
1084.028 7.602
1084.340 4.807
1084.652 9.213
1084.964 9.618
1085.276 11.024
1085.588 8.430
1085.900 8.035
1086.212 6.441
1086.524 6.246
1086.836 -2.548
1087.148 -11.542
1087.460 -15.537
1087.772 -16.931
1088.084 -24.525
1088.396 -23.719
1088.708 -11.314
1089.020 -5.508
1089.332 -7.902
1089.644 -2.096
1089.956 2.309
1090.268 -5.885
1090.580 -12.279
1090.892 -9.673
1091.204 -8.867
1091.516 -9.861
1091.828 -5.455
1092.140 6.150
1092.464 15.756
1092.788 18.562
1093.112 20.768
1093.436 20.574
1093.760 12.980
1094.084 2.986
1094.408 -4.608
1094.732 -7.202
1095.056 -6.996
1095.380 -11.390
1095.703 -14.184
1096.027 -13.378
1096.351 -15.971
1096.675 -12.565
1096.999 -5.559
1097.323 -2.353
1097.647 -1.147
1097.971 2.259
1098.295 -4.135
1098.619 -9.528
1098.943 -7.922
1099.267 -5.716
1099.591 -5.310
1099.915 1.297
1100.239 1.103
1100.563 -5.491
1100.887 -7.884
1101.211 -6.278
1101.535 -11.072
1101.859 -9.865
1102.182 -5.059
1102.506 -4.653
1102.830 -9.646
1103.154 -10.640
1103.478 -13.433
1103.802 -15.427
1104.126 -17.020
1104.450 -25.614
1104.774 -27.207
1105.098 -26.801
1105.422 -33.194
1105.746 -30.988
1106.070 -15.981
1106.394 -3.375
1106.718 4.232
1107.042 12.839
1107.366 14.845
1107.690 7.852
1108.014 -4.141
1108.338 -9.335
1108.662 -10.528
1108.985 -11.921
1109.309 -8.315
1109.633 -1.508
1109.957 -1.101
1110.281 -0.894
1110.605 -4.088
1110.929 -6.481
1111.253 -9.474
1111.577 -8.067
1111.901 -10.260
1112.225 -10.253
1112.549 -8.246
1112.873 -14.439
1113.197 -24.433
1113.521 -23.626
1113.845 -23.219
1114.169 -31.612
1114.493 -30.805
1114.817 -17.598
1115.141 -14.591
1115.464 -13.184
1115.788 -3.177
1116.112 2.031
1116.436 0.438
1116.760 4.045
1117.084 6.652
1117.408 5.259
1117.732 6.066
1118.056 -3.127
1118.380 -13.519
1118.704 -17.912
1119.028 -18.705
1119.352 -10.498
1119.676 7.509
1120.000 14.717
1120.324 14.124
1120.648 12.931
1120.972 3.339
1121.296 -10.854
1121.620 -13.447
1121.944 -7.839
1122.267 -4.832
1122.591 -0.824
1122.915 2.783
1123.239 6.390
1123.563 4.198
1123.887 1.605
1124.211 2.813
1124.535 1.820
1124.859 -5.772
1125.183 -8.564
1125.507 -8.557
1125.831 -13.149
1126.155 -11.142
1126.479 -6.934
1126.803 -0.326
1127.127 8.281
1127.451 8.889
1127.775 4.897
1128.099 8.904
1128.423 6.112
1128.746 -2.080
1129.070 -2.073
1129.394 -1.465
1129.718 -4.857
1130.042 -8.249
1130.366 -9.241
1130.690 -3.034
1131.014 7.374
1131.338 5.382
1131.662 6.590
1131.986 13.998
1132.310 12.006
1132.634 6.814
1132.958 13.422
1133.282 12.630
1133.606 6.638
1133.930 4.446
1134.254 2.654
1134.578 1.862
1134.902 2.070
1135.226 -1.322
1135.549 -7.914
1135.873 -14.306
1136.197 -17.498
1136.521 -15.290
1136.845 -19.681
1137.169 -20.273
1137.493 -13.065
1137.817 -8.057
1138.141 -7.249
1138.465 2.560
1138.789 4.568
1139.113 1.176
1139.437 -2.416
1139.761 0.393
1140.085 -1.399
1140.409 0.609
1140.733 2.218
1141.057 4.626
1141.381 2.234
1141.705 -3.157
1142.028 -2.349
1142.352 -0.140
1142.676 -3.732
1143.000 -5.923
1143.324 1.085
1143.648 4.294
1143.972 -0.698
1144.296 -0.889
1144.620 2.319
1144.944 0.928
1145.268 -0.264
1145.592 2.945
1145.916 0.954
1146.240 -3.638
1146.564 -4.029
1146.888 -8.420
1147.212 -9.212
1147.536 -6.403
1147.860 -2.594
1148.184 -1.186
1148.507 1.223
1148.831 6.832
1149.155 7.041
1149.479 -1.551
1149.803 -4.942
1150.127 -4.333
1150.451 -7.324
1150.775 -9.915
1151.099 -2.306
1151.423 8.703
1151.747 15.111
1152.071 16.920
1152.395 14.929
1152.719 12.738
1153.043 4.547
1153.367 -0.844
1153.691 -6.635
1154.015 -7.826
1154.339 -5.217
1154.663 -3.008
1154.987 -2.799
1155.310 -0.990
1155.634 3.619
1155.958 -0.772
1156.282 -8.962
1156.606 -8.953
1156.930 -9.544
1157.254 -6.535
1157.578 5.474
1157.902 15.283
1158.226 12.893
1158.550 14.902
1158.874 16.711
1159.198 12.920
1159.522 8.329
1159.846 6.939
1160.170 5.148
1160.494 1.357
1160.818 0.967
1161.142 2.776
1161.466 5.185
1161.790 6.995
1162.113 5.004
1162.437 -0.187
1162.761 0.223
1163.085 7.232
1163.409 9.241
1163.733 15.651
1164.057 23.860
1164.381 27.470
1164.705 16.479
1165.029 3.689
1165.353 -7.302
1165.677 -13.292
1166.001 -17.483
1166.325 -11.073
1166.649 4.936
1166.973 15.546
1167.297 18.555
1167.621 18.965
1167.945 16.774
1168.269 13.184
1168.592 13.594
1168.916 12.803
1169.240 16.613
1169.564 22.222
1169.888 16.432
1170.212 7.042
1170.536 4.651
1170.860 3.661
1171.184 -3.729
1171.508 -1.920
1171.832 1.490
1172.156 1.100
1172.480 4.309
1172.804 14.319
1173.128 22.129
1173.452 31.139
1173.776 31.348
1174.100 18.958
1174.424 14.568
1174.748 13.178
1175.072 12.188
1175.395 13.397
1175.719 13.607
1176.043 8.817
1176.367 6.827
1176.691 -1.163
1177.015 -4.354
1177.339 -0.344
1177.663 -2.534
1177.987 -9.124
1178.311 -11.314
1178.635 -8.904
1178.959 -5.094
1179.283 0.716
1179.607 10.725
1179.931 15.335
1180.255 8.945
1180.579 1.755
1180.903 -3.435
1181.227 -12.225
1181.551 -13.815
1181.874 -6.405
1182.198 3.605
1182.522 6.215
1182.846 10.825
1183.170 12.435
1183.494 7.645
1183.818 3.855
1184.142 8.464
1184.466 5.874
1184.790 1.884
1185.114 11.094
1185.438 11.504
1185.762 5.914
1186.086 10.924
1186.410 16.534
1186.734 8.944
1187.058 5.954
1187.382 7.564
1187.706 6.174
1188.030 -0.016
1188.353 -3.606
1188.677 -5.196
1189.001 -8.986
1189.325 -14.576
1189.649 -17.766
1189.973 -10.556
1190.297 -3.546
1190.621 -1.336
1190.945 -2.326
1191.269 -0.316
1191.593 -6.306
1191.917 -14.496
1192.241 -20.486
1192.565 -19.476
1192.889 -13.066
1193.213 -6.656
1193.537 1.754
1193.861 11.364
1194.185 15.374
1194.509 11.984
1194.833 1.394
1195.156 -3.796
1195.480 -9.186
1195.804 -7.176
1196.128 -2.566
1196.452 5.644
1196.776 10.054
1197.100 18.464
1197.424 18.674
1197.748 19.084
1198.072 18.894
1198.396 11.704
1198.720 3.714
1199.044 3.924
1199.368 5.734
1199.692 2.543
1200.016 -3.247
1200.340 -1.837
1200.664 -2.227
1200.988 -1.417
1201.312 9.593
1201.635 19.403
1201.959 11.613
1202.283 0.822
1202.607 -6.968
1202.931 -8.958
1203.255 -7.748
1203.579 -4.338
1203.903 -4.529
1204.227 -9.319
1204.551 -20.309
1204.875 -25.099
1205.199 -23.690
1205.523 -14.280
1205.847 -9.470
1206.171 -8.660
1206.495 -10.651
1206.819 -6.841
1207.143 -7.231
1207.467 2.978
1207.791 16.788
1208.115 27.998
1208.438 28.607
1208.762 30.417
1209.086 20.626
1209.410 8.636
1209.734 3.846
1210.058 -0.545
1210.382 -12.135
1210.706 -16.126
1211.030 -15.916
1211.354 -20.107
1211.678 -14.097
1212.002 -6.488
1212.326 1.321
1212.650 3.131
1212.974 1.140
1213.298 -1.851
1213.622 3.759
1213.946 0.168
1214.270 -5.023
1214.594 -2.213
1214.917 -5.204
1215.241 -10.995
1215.565 -9.386
1215.889 -4.176
1216.213 -4.767
1216.537 -7.358
1216.861 -11.949
1217.185 -13.940
1217.509 -16.931
1217.833 -17.522
1218.157 -10.313
1218.481 -4.304
1218.805 -4.495
1219.129 -4.486
1219.453 -4.877
1219.777 -9.268
1220.101 -6.059
1220.425 -3.450
1220.749 -0.641
1221.073 1.367
1221.397 1.976
1221.720 -4.015
1222.044 -9.406
1222.368 -8.998
1222.692 -10.589
1223.016 -7.380
1223.340 -2.772
1223.664 7.637
1223.988 14.445
1224.312 16.054
1224.636 12.662
1224.960 7.471
1225.284 0.479
1225.608 -7.512
1225.932 -6.504
1226.256 -5.696
1226.580 -4.087
1226.904 -5.679
1227.228 -8.471
1227.552 -4.863
1227.876 0.345
1228.199 -0.847
1228.523 -1.038
1228.847 4.770
1229.171 5.378
1229.495 1.186
1229.819 3.193
1230.143 5.601
1230.467 0.609
1230.791 -5.983
1231.115 -9.575
1231.439 -11.967
1231.763 -15.064
1232.087 -15.893
