181.241 -0.319
181.495 2.014
181.749 3.014
182.003 4.014
182.257 10.214
182.511 15.814
182.765 15.214
183.019 16.814
183.273 14.614
183.528 9.814
183.782 11.014
184.036 11.814
184.290 7.814
184.544 7.214
184.798 5.614
185.052 4.214
185.306 4.614
185.560 4.414
185.814 -0.386
186.068 -2.386
186.322 -6.586
186.576 -9.386
186.830 -6.586
187.084 -2.386
187.339 2.214
187.593 6.814
187.847 9.614
188.101 9.214
188.355 9.614
188.609 11.014
188.863 9.814
189.117 5.414
189.371 3.214
189.625 2.414
189.879 1.414
190.133 8.614
190.387 16.214
190.641 17.614
190.895 14.815
191.150 6.215
191.404 -0.385
191.658 5.415
191.912 7.415
192.166 11.815
192.420 16.615
192.674 14.815
192.928 5.015
193.182 3.015
193.436 1.815
193.690 6.215
193.944 8.615
194.198 7.815
194.452 7.815
194.706 5.815
194.961 0.815
195.215 -2.785
195.469 -6.585
195.723 -3.785
195.977 -0.385
196.231 3.015
196.485 6.615
196.739 14.215
196.993 11.415
197.247 10.815
197.501 10.615
197.755 8.615
198.009 0.615
198.263 -2.385
198.517 -7.185
198.772 -13.785
199.026 -21.185
199.280 -21.785
199.534 -14.585
199.788 -2.785
200.042 4.215
200.296 10.615
200.550 12.015
200.804 7.815
201.058 -3.185
201.312 -5.385
201.566 -5.385
201.820 -3.585
202.074 -3.385
202.328 4.615
202.583 8.815
202.837 11.015
203.091 9.415
203.345 7.215
203.599 5.015
203.853 0.815
204.107 -6.585
204.361 -1.785
204.615 3.215
204.869 0.615
205.123 3.615
205.377 9.815
205.631 9.015
205.885 9.815
206.139 11.815
206.394 9.015
206.648 11.415
206.902 10.415
207.156 1.015
207.410 -3.585
207.664 -1.785
207.918 -6.785
208.172 -16.185
208.426 -17.185
208.680 -14.985
208.934 -18.785
209.188 -22.385
209.442 -16.585
209.696 -11.185
209.950 -12.385
210.205 -8.185
210.459 0.615
210.713 6.815
210.967 13.015
211.221 21.815
211.475 28.615
211.729 29.615
211.983 24.615
212.237 14.815
212.491 4.215
212.745 -5.785
212.999 -12.785
213.253 -8.985
213.507 -3.585
213.761 -3.985
214.016 -4.585
214.270 7.215
214.524 12.815
214.778 14.415
215.032 20.615
215.286 24.415
215.540 14.815
215.794 5.815
216.048 5.815
216.302 1.015
216.556 -2.985
216.810 -0.985
217.064 2.415
217.318 -0.185
217.572 5.015
217.827 12.215
218.081 12.415
218.335 13.615
218.589 10.815
218.843 2.415
219.097 -9.985
219.351 -14.185
219.605 -14.985
219.859 -10.185
220.113 0.615
220.367 9.415
220.621 16.015
220.875 15.215
221.129 8.615
221.383 -2.385
221.638 -4.385
221.892 -7.385
222.146 -11.385
222.400 -8.185
222.654 -0.984
222.908 -1.584
223.162 -0.184
223.416 5.816
223.670 5.616
223.924 4.616
224.178 11.016
224.432 11.016
224.686 6.616
224.940 12.216
225.195 11.016
225.449 7.016
225.703 12.416
225.957 13.416
226.211 17.216
226.465 20.616
226.719 13.016
226.973 0.216
227.227 -2.384
227.481 -6.584
227.735 -8.384
227.989 -6.784
228.243 -6.184
228.497 -9.184
228.751 -6.584
229.006 -8.784
229.260 -10.784
229.514 -8.584
229.768 -7.184
230.022 -16.184
230.276 -16.384
230.530 -11.984
230.784 -14.984
231.038 -7.584
231.292 -0.184
231.546 8.616
231.800 13.816
232.054 19.816
232.308 16.216
232.562 8.216
232.817 -0.984
233.071 -1.984
233.325 -1.584
233.579 0.016
233.833 9.416
234.087 14.016
234.341 15.016
234.595 20.216
234.849 20.616
235.103 12.216
235.357 9.416
235.611 6.816
235.865 1.416
236.119 4.216
236.373 13.416
236.628 14.616
236.882 14.016
237.136 15.016
237.390 10.216
237.644 0.816
237.898 1.216
238.152 7.616
238.406 10.816
238.660 10.616
238.914 15.216
239.168 16.816
239.422 11.616
239.676 9.216
239.930 8.816
240.184 4.616
240.439 1.416
240.693 -4.184
240.947 -7.384
241.201 -6.984
241.455 -8.384
241.709 -17.184
241.963 -16.184
242.217 -14.384
242.471 -12.384
242.725 -8.584
242.979 -5.384
243.233 -4.184
243.487 -2.384
243.741 -1.184
243.995 -3.184
244.250 1.016
244.504 4.016
244.758 -0.184
245.012 -4.184
245.266 -6.584
245.520 -6.584
245.774 -7.584
246.028 -9.384
246.282 -12.584
246.536 -8.184
246.790 -4.584
247.044 -3.984
247.298 -7.384
247.552 -3.384
247.806 -4.184
248.061 -9.784
248.315 -4.984
248.569 4.016
248.823 4.616
249.077 3.816
249.331 3.616
249.585 -2.184
249.839 -3.384
250.093 -0.984
250.347 5.816
250.601 7.616
250.855 6.016
251.109 6.616
251.363 1.817
251.617 -9.383
251.872 -10.783
252.126 -9.183
252.380 -13.383
252.634 -5.383
252.888 -2.383
253.142 -8.983
253.396 -15.783
253.650 -19.583
253.904 -21.583
254.159 -14.583
254.413 -0.583
254.667 6.617
254.922 9.817
255.176 5.617
255.431 7.417
255.685 9.817
255.939 15.017
256.194 17.617
256.448 15.817
256.702 10.817
256.957 7.617
257.211 5.817
257.465 6.817
257.720 11.017
257.974 16.417
258.228 17.017
258.483 19.417
258.737 20.817
258.992 17.417
259.246 12.417
259.500 8.017
259.755 0.217
260.009 1.017
260.263 7.417
260.518 10.417
260.772 14.017
261.026 13.417
261.281 7.617
261.535 5.817
261.789 2.417
262.044 5.417
262.298 13.817
262.553 14.217
262.807 6.217
263.061 0.817
263.316 -3.983
263.570 -9.983
263.824 -10.583
264.079 -7.583
264.333 -2.783
264.587 -6.183
264.842 -7.983
265.096 -2.183
265.351 0.217
265.605 -2.583
265.859 3.017
266.114 8.417
266.368 5.617
266.622 -0.183
266.877 -6.183
267.131 -12.983
267.385 -13.783
267.640 -12.583
267.894 -9.183
268.148 -2.183
268.403 0.617
268.657 1.217
268.912 -1.983
269.166 2.217
269.420 8.217
269.675 13.217
269.929 6.017
270.183 0.017
270.438 -4.983
270.692 -5.783
270.946 -7.183
271.201 -2.383
271.455 9.017
271.709 12.817
271.964 5.217
272.218 -0.383
272.473 -1.983
272.727 -4.783
272.981 -1.183
273.236 6.417
273.490 6.817
273.744 4.417
273.999 2.417
274.253 -1.783
274.507 -3.583
274.762 -0.183
275.016 6.417
275.271 11.617
275.525 16.417
275.779 20.617
276.034 25.217
276.288 25.217
276.542 23.017
276.797 21.017
277.051 13.017
277.305 2.617
277.560 -0.383
277.814 -1.582
278.068 -4.582
278.323 -2.982
278.577 4.418
278.832 2.818
279.086 0.018
279.340 -6.782
279.595 -7.782
279.849 -14.782
280.103 -12.782
280.358 -11.182
280.612 -11.382
280.866 -17.182
281.121 -18.382
281.375 -25.382
281.629 -27.982
281.884 -22.982
282.138 -17.782
282.393 -22.182
282.647 -17.382
282.901 -9.782
283.156 -7.782
283.410 -3.782
283.664 4.818
283.919 7.018
284.173 8.618
284.427 15.418
284.682 17.018
284.936 22.418
285.191 28.618
285.445 26.218
285.699 17.018
285.954 6.218
286.208 -4.382
286.462 -14.382
286.717 -17.382
286.971 -15.382
287.225 -9.182
287.480 -6.382
287.734 -7.982
287.988 -9.582
288.243 -13.382
288.497 -10.782
288.752 -0.982
289.006 15.018
289.260 22.618
289.515 32.018
289.769 28.418
290.023 17.418
290.278 3.418
290.532 -2.982
290.786 -2.382
291.041 3.218
291.295 12.618
291.549 20.418
291.804 19.218
292.058 14.818
292.313 14.218
292.567 10.218
292.821 4.418
293.076 5.018
293.330 4.218
293.584 2.218
293.839 2.618
294.093 3.218
294.347 8.218
294.602 15.818
294.856 14.818
295.111 11.418
295.365 13.818
295.619 13.018
295.874 8.018
296.128 6.418
296.382 8.618
296.637 8.418
296.891 5.818
297.145 4.218
297.400 11.418
297.654 16.618
297.908 13.418
298.163 6.618
298.417 1.818
298.672 -3.582
298.926 -13.182
299.180 -17.382
299.435 -14.582
299.689 -11.382
299.943 -9.182
300.198 -0.782
300.452 5.618
300.706 5.018
300.961 1.818
301.215 -6.382
301.469 -8.982
301.724 -10.582
301.978 -4.781
302.233 1.419
302.487 0.419
302.741 -7.181
302.996 -9.181
303.250 -10.581
303.504 -10.781
303.759 0.619
304.013 4.019
304.267 1.619
304.522 -0.581
304.776 -3.181
305.031 -8.381
305.285 -4.781
305.539 7.819
305.794 14.219
306.048 15.819
306.302 20.219
306.557 20.819
306.811 15.419
307.065 8.619
307.320 3.619
307.574 -0.981
307.828 0.419
308.083 6.019
308.337 14.819
308.592 15.819
308.846 14.219
309.100 13.619
309.355 6.419
309.609 -4.181
309.863 -2.981
310.118 2.019
310.372 -1.181
310.626 0.019
310.881 6.619
311.135 13.619
311.389 13.219
311.644 13.419
311.898 8.219
312.153 6.419
312.407 5.619
312.661 6.619
312.916 8.619
313.170 12.419
313.429 9.019
313.688 7.619
313.947 5.219
314.206 7.019
314.465 10.419
314.724 11.019
314.983 5.819
315.242 9.619
315.501 11.219
315.760 6.019
316.019 3.619
316.278 7.419
316.536 8.219
316.795 5.819
317.054 1.419
317.313 2.619
317.572 0.619
317.831 -4.181
318.090 -9.381
318.349 -6.381
318.608 -4.581
318.867 -5.781
319.126 -7.581
319.385 -7.181
319.644 -3.581
319.903 -0.581
320.162 -2.181
320.421 -7.981
320.680 -9.381
320.939 -10.781
321.198 -12.981
321.457 -12.581
321.716 -3.581
321.975 -2.181
322.234 -4.181
322.493 -0.381
322.752 5.619
323.010 -5.181
323.269 -12.781
323.528 -9.581
323.787 -2.981
324.046 -5.181
324.305 4.820
324.564 23.420
324.823 19.820
325.082 0.020
325.341 -4.580
325.600 -6.380
325.859 -14.780
326.118 -9.380
326.377 4.620
326.636 8.620
326.895 9.420
327.154 14.820
327.413 16.620
327.672 14.620
327.931 14.620
328.190 14.820
328.449 10.420
328.708 11.220
328.967 6.020
329.226 5.420
329.485 7.220
329.743 2.620
330.002 -6.780
330.261 -4.380
330.520 0.820
330.779 -2.780
331.038 -2.580
331.297 5.020
331.556 12.820
331.815 12.020
332.074 12.420
332.333 14.220
332.592 16.420
332.851 14.820
333.110 10.620
333.369 10.820
333.628 17.020
333.887 17.020
334.146 12.420
334.405 12.220
334.664 15.420
334.923 11.220
335.182 13.820
335.441 14.220
335.700 10.220
335.959 10.620
336.217 12.820
336.476 3.420
336.735 6.820
336.994 10.820
337.253 7.620
337.512 4.020
337.771 4.420
338.030 2.420
338.289 4.020
338.548 3.820
338.807 3.620
339.066 3.220
339.325 3.420
339.584 0.420
339.843 -5.180
340.102 -5.180
340.361 -1.580
340.620 -5.980
340.879 -12.180
341.138 -8.180
341.397 -8.980
341.656 -9.780
341.915 -8.380
342.174 2.420
342.433 14.220
342.691 19.420
342.950 15.820
343.209 13.220
343.468 10.220
343.727 2.820
343.986 3.620
344.245 12.220
344.504 22.020
344.763 22.020
345.022 21.020
345.281 19.020
345.540 13.421
345.799 11.421
346.058 13.621
346.317 14.621
346.576 11.421
346.835 7.021
347.094 1.621
347.353 -7.179
347.612 -13.179
347.871 -7.979
348.130 -9.379
348.389 -14.979
348.648 -7.379
348.907 4.821
349.166 5.021
349.424 10.821
349.683 17.021
349.942 15.021
350.201 4.421
350.460 -5.379
350.719 -7.379
350.978 -5.379
351.237 -6.379
351.496 -10.579
351.755 -6.579
352.014 -2.179
352.273 -4.379
352.532 -5.379
352.791 0.421
353.050 -2.179
353.309 -3.179
353.568 5.821
353.827 10.221
354.086 9.421
354.345 14.221
354.604 14.021
354.863 6.221
355.122 7.221
355.381 10.021
355.640 7.821
355.898 3.221
356.157 -2.379
356.416 -9.379
356.675 -8.179
356.934 -2.979
357.193 -2.179
357.452 4.021
357.711 12.421
357.970 15.621
358.229 13.621
358.488 18.621
358.747 15.821
359.006 8.221
359.265 0.221
359.524 -3.179
359.783 -4.979
360.042 -7.579
360.301 -3.579
360.560 -0.179
360.819 6.021
361.078 8.621
361.337 11.221
361.596 6.621
361.855 -0.179
362.114 -6.379
362.372 -9.179
362.631 -2.379
362.890 11.021
363.149 19.821
363.408 24.621
363.667 24.821
363.926 18.621
364.185 12.021
364.444 8.821
364.703 4.821
364.962 -0.778
365.221 -1.178
365.480 -4.978
365.741 -1.578
366.002 2.422
366.264 11.022
366.525 7.422
366.786 7.022
367.047 9.022
367.308 9.822
367.570 9.022
367.831 12.622
368.092 12.822
368.353 0.622
368.614 -2.578
368.876 -1.578
369.137 -1.778
369.398 -2.778
369.659 7.422
369.920 10.222
370.182 6.622
370.443 3.822
370.704 4.222
370.965 -2.378
371.226 -13.778
371.488 -22.178
371.749 -26.978
372.010 -27.978
372.271 -23.378
372.532 -14.578
372.794 -5.178
373.055 5.222
373.316 1.422
373.577 -8.978
373.838 -11.178
374.100 -11.378
374.361 -19.578
374.622 -17.778
374.883 -6.178
375.144 3.222
375.406 8.622
375.667 14.622
375.928 20.422
376.189 15.422
376.450 5.022
376.712 -0.778
376.973 -0.378
377.234 1.822
377.495 4.022
377.756 4.222
378.018 2.222
378.279 -0.778
378.540 -3.578
378.801 -3.978
379.062 1.022
379.324 -1.978
379.585 -3.778
379.846 -11.778
380.107 -11.978
380.368 -9.178
380.630 3.022
380.891 5.022
381.152 7.822
381.413 11.622
381.674 17.022
381.936 15.822
382.197 18.422
382.458 27.422
382.719 25.822
382.980 13.622
383.242 -0.777
383.503 -0.577
383.764 0.223
384.025 -2.177
384.286 -1.377
384.548 6.423
384.809 7.023
385.070 6.623
385.331 7.223
385.592 10.023
385.854 12.423
386.115 11.423
386.376 5.223
386.637 7.223
386.898 8.223
387.160 9.023
387.421 12.423
387.682 17.823
387.943 23.223
388.204 30.623
388.466 30.823
388.727 29.423
388.988 23.223
389.249 13.023
389.510 1.223
389.772 -7.777
390.033 -12.177
390.294 -12.577
390.555 -8.977
390.816 -3.377
391.078 2.223
391.339 10.423
391.600 21.823
391.861 26.823
392.122 27.023
392.384 29.823
392.645 24.023
392.906 15.823
393.167 10.023
393.428 5.023
393.690 0.223
393.951 2.423
394.212 6.223
394.473 8.223
394.734 6.223
394.996 2.423
395.257 2.223
395.518 8.623
395.779 11.823
396.040 16.023
396.302 25.023
396.563 29.223
396.824 27.423
397.085 28.823
397.346 27.623
397.608 26.823
397.869 25.223
398.130 17.823
398.391 13.823
398.652 14.223
398.914 5.423
399.175 -8.177
399.436 -13.377
399.697 -17.977
399.958 -21.977
400.220 -20.377
400.481 -16.376
400.742 -9.976
401.003 0.624
401.264 4.424
401.526 9.624
401.787 21.224
402.048 26.224
402.309 21.824
402.570 24.224
402.832 28.224
403.093 20.624
403.354 9.024
403.615 7.224
403.876 2.424
404.138 -9.176
404.399 -9.976
404.660 -2.776
404.931 -3.376
405.202 -7.776
405.473 -5.776
405.745 -1.976
406.016 -5.976
406.287 -3.576
406.558 4.824
406.829 10.024
407.100 5.824
407.371 1.824
407.642 -0.576
407.914 -2.776
408.185 -3.576
408.456 -6.576
408.727 -6.776
408.998 -11.376
409.269 -13.976
409.540 -15.376
409.811 -13.776
410.083 -14.976
410.354 -14.776
410.625 -18.376
410.896 -20.976
411.167 -17.976
411.438 -7.376
411.709 -2.176
411.981 3.424
412.252 6.424
412.523 4.224
412.794 -2.976
413.065 -0.976
413.336 -0.576
413.607 1.224
413.878 6.024
414.150 13.024
414.421 8.624
414.692 5.824
414.963 11.024
415.234 15.224
415.505 10.624
415.776 14.624
416.047 21.024
416.319 18.224
416.590 18.824
416.861 23.424
417.132 21.625
417.403 18.025
417.674 9.625
417.945 -2.975
418.217 -13.975
418.488 -19.575
418.759 -22.575
419.030 -15.375
419.301 -9.575
419.572 -9.375
419.843 -11.175
420.114 -6.175
420.386 -5.775
420.657 -2.575
420.928 6.225
421.199 15.025
421.470 18.825
421.741 19.425
422.012 19.825
422.283 18.625
422.555 14.625
422.826 12.625
423.097 10.225
423.368 15.025
423.639 17.825
423.910 15.025
424.181 7.425
424.453 4.025
424.724 -5.575
424.995 -10.975
425.266 -6.375
425.537 -3.775
425.808 -1.175
426.079 -1.175
426.350 -7.175
426.622 -14.575
426.893 -13.975
427.164 -13.375
427.435 -14.775
427.706 -12.575
427.977 -7.175
428.248 -1.975
428.519 -0.575
428.791 0.025
429.062 7.025
429.333 9.425
429.604 3.425
429.875 5.825
430.146 14.225
430.417 20.425
430.689 22.225
430.960 22.825
431.231 9.825
431.502 -1.175
431.773 -5.975
432.044 -7.175
432.315 -8.175
432.586 1.025
432.858 11.625
433.129 11.826
433.400 12.626
433.671 12.626
433.942 16.026
434.213 15.026
434.484 10.226
434.755 10.826
435.027 16.026
435.298 15.626
435.569 12.626
435.840 13.626
436.114 10.426
436.388 14.026
436.663 14.426
436.937 12.626
437.211 14.626
437.485 14.226
437.759 7.826
438.034 8.826
438.308 8.626
438.582 1.626
438.856 -0.974
439.130 -4.774
439.405 -10.374
439.679 -12.974
439.953 -11.974
440.227 -10.974
440.501 -8.774
440.776 -5.174
441.050 -1.774
441.324 2.626
441.598 2.226
441.872 -2.174
442.147 -6.174
442.421 -5.974
442.695 -3.974
442.969 -1.174
443.244 3.826
443.518 6.426
443.792 6.626
444.066 6.626
444.340 6.026
444.615 8.626
444.889 8.826
445.163 8.226
445.437 6.626
445.711 7.826
445.986 6.226
446.260 2.426
446.534 4.026
446.808 5.226
447.082 -2.974
447.357 -9.574
447.631 -6.374
447.905 -10.373
448.179 -19.373
448.453 -14.573
448.728 -3.573
449.002 -0.373
449.276 4.227
449.550 9.227
449.824 8.243
450.099 2.051
450.373 6.771
450.647 14.075
450.921 23.003
451.195 23.610
451.470 22.233
451.744 13.116
452.018 1.624
452.292 -4.323
452.566 -0.179
452.841 0.226
453.115 -3.502
453.389 -5.459
453.663 -8.011
453.937 -10.764
454.212 -12.517
454.486 -8.787
454.760 -4.868
455.034 -3.301
455.308 -0.369
455.583 4.521
455.857 3.546
456.131 5.304
456.405 2.960
456.680 -6.024
456.954 -15.807
457.228 -17.568
457.502 -17.181
457.776 -8.776
458.051 -4.484
458.325 -1.162
458.599 2.161
458.873 4.140
459.147 1.802
459.422 4.150
459.696 8.654
459.970 12.978
460.244 9.252
460.518 4.941
460.793 4.940
461.067 0.804
461.341 -8.250
461.615 -3.906
461.889 1.620
462.164 6.763
462.438 10.694
462.712 6.906
462.986 -8.327
463.260 -12.666
463.535 -13.635
463.809 -9.262
464.083 6.825
464.357 17.137
464.631 16.942
464.906 17.157
465.180 19.557
465.454 11.197
465.728 8.801
466.002 7.401
466.277 1.001
466.551 -4.782
466.825 -5.589
467.099 -3.988
467.373 -0.166
467.648 4.457
467.922 6.069
468.196 5.058
468.470 1.836
468.744 0.431
469.019 0.842
469.293 -4.409
469.567 -7.040
469.841 -4.221
470.116 -2.197
470.390 -0.371
470.664 10.549
470.938 19.446
471.212 20.253
471.487 10.351
471.761 -4.997
472.035 -21.359
472.309 -29.847
472.583 -30.654
472.858 -21.162
473.132 -8.450
473.406 -0.776
473.680 3.865
473.954 3.060
474.229 0.032
474.503 -2.787
474.777 3.035
475.051 4.639
475.325 4.243
475.600 0.442
475.874 -3.346
476.148 -11.951
476.422 -15.154
476.696 -19.119
476.971 -20.096
477.245 -16.300
477.519 -12.703
477.793 -12.494
478.067 -2.980
478.342 3.959
478.616 8.304
478.890 13.426
479.164 11.665
479.438 4.182
479.713 0.641
479.987 -1.537
480.261 -4.499
480.535 0.995
480.809 9.600
481.084 7.852
481.358 2.191
481.632 1.403
481.906 -0.169
482.180 -5.048
482.455 -1.539
482.729 5.077
483.003 8.955
483.277 9.147
483.551 6.430
483.826 3.522
484.100 -4.033
484.374 -9.655
484.648 -9.851
484.923 -9.070
485.197 -5.972
485.471 5.053
485.745 8.340
486.019 5.825
486.294 7.372
486.568 10.850
486.842 7.181
487.116 6.211
487.390 5.633
487.665 4.279
487.939 3.707
488.213 10.283
488.487 14.740
488.761 18.414
489.036 27.334
489.310 26.956
489.584 11.456
489.858 0.400
490.132 -0.760
490.407 -6.965
490.681 -10.461
490.955 -5.417
491.229 0.414
491.503 3.726
491.778 9.195
492.052 10.170
492.326 10.362
492.600 5.090
492.874 -3.492
493.149 -12.472
493.423 -13.644
493.697 -9.732
493.971 -1.123
494.245 0.034
494.520 -3.513
494.794 -3.711
495.068 -11.557
495.342 -21.378
495.616 -17.063
495.891 -8.418
496.165 -9.010
496.439 -4.894
496.713 1.203
496.987 -2.145
497.262 -7.260
497.536 -8.840
497.810 -4.505
498.084 2.589
498.359 8.306
498.633 10.868
498.907 9.483
499.181 0.407
499.455 -9.055
499.730 -12.014
500.004 -14.183
500.278 -6.483
500.552 -0.363
500.826 -2.737
501.101 -9.252
501.375 -8.860
501.649 -13.601
501.923 -16.766
502.197 -8.858
502.472 -1.551
502.746 -4.722
503.020 -6.697
503.294 -3.532
503.568 -9.073
503.843 -10.062
504.117 -2.340
504.391 -0.762
504.665 -2.938
504.939 3.003
505.214 4.782
505.488 -3.530
505.762 -4.119
506.036 -0.561
506.310 -6.495
506.585 -8.076
506.859 -1.747
507.133 -1.348
507.407 -4.701
507.681 -4.891
507.956 -9.419
508.230 -11.980
508.504 -8.244
508.778 -1.367
509.052 9.223
509.327 20.391
509.601 22.156
509.875 16.293
510.149 9.637
510.423 3.738
510.698 -3.872
510.972 -4.843
511.246 1.181
511.520 5.826
511.795 8.113
512.069 10.813
512.343 5.833
512.617 2.754
512.891 -3.201
513.166 -12.778
513.440 -15.461
513.714 -12.564
513.988 -11.987
514.262 -6.271
514.537 -1.309
514.811 -0.924
515.085 1.740
515.359 2.119
515.633 -0.914
515.908 1.725
516.182 6.250
516.456 7.381
516.730 0.966
517.004 -3.567
517.279 -0.545
517.553 -1.857
517.827 -2.988
518.101 6.826
518.375 13.059
518.650 6.641
518.924 0.589
519.198 -1.686
519.472 -6.222
519.746 -9.060
520.021 -12.478
520.295 -8.311
520.569 1.575
520.843 5.759
521.117 8.420
521.392 8.209
521.666 5.159
521.940 -3.218
522.214 -7.796
522.488 -8.748
522.763 -2.636
523.037 0.231
523.311 -4.004
523.585 -6.905
523.859 -8.832
524.134 -15.004
524.408 -18.862
524.682 -13.862
524.956 -9.237
525.231 -6.337
525.505 0.239
525.779 4.491
526.053 7.795
526.327 10.325
526.602 9.356
526.876 3.910
527.150 0.211
527.424 -1.922
527.698 -3.277
527.973 2.193
528.247 6.288
528.521 10.387
528.795 16.464
529.069 22.750
529.344 19.441
529.618 19.053
529.892 13.361
530.166 3.950
530.440 -3.114
530.715 -9.209
530.989 -11.374
531.263 -7.446
531.537 -8.639
531.811 -9.032
532.086 1.223
532.360 7.141
532.634 6.745
532.908 14.453
533.182 22.375
533.457 18.040
533.731 10.531
534.005 9.935
534.279 5.385
534.553 -3.329
534.828 -1.342
535.102 2.219
535.376 1.222
535.650 -1.953
535.924 -2.945
536.199 -2.544
536.473 1.817
536.747 4.796
537.021 11.744
537.295 16.506
537.570 10.351
537.844 4.401
538.118 2.020
538.392 -0.365
538.666 2.413
538.941 5.785
539.215 4.796
539.489 8.166
539.763 10.540
540.038 5.182
540.312 4.586
540.586 4.985
540.860 3.995
541.134 -0.164
541.409 -2.142
541.683 -3.528
541.957 -5.105
542.231 -13.004
542.505 -14.779
542.780 -10.629
543.054 -7.672
543.328 1.211
543.602 8.713
543.876 10.688
544.151 6.740
544.425 2.996
544.699 -5.282
544.973 -8.232
545.247 -7.642
545.522 -6.067
545.796 -1.353
546.070 2.975
546.351 2.188
546.632 2.188
546.912 1.795
547.193 1.795
547.474 4.730
547.755 13.950
548.036 16.104
548.317 13.362
548.597 7.674
548.878 0.034
549.159 -4.669
549.440 -3.497
549.721 -2.124
550.001 -2.514
550.282 5.513
550.563 11.385
550.844 6.298
551.125 11.187
551.406 16.664
551.686 10.598
551.967 1.991
552.248 2.188
552.529 -2.503
552.810 -4.070
553.090 0.231
553.371 2.380
553.652 0.818
553.933 -1.135
554.214 -3.675
554.495 -1.906
554.775 1.225
555.056 2.196
555.337 6.497
555.618 15.115
555.899 14.327
556.179 9.825
556.460 15.111
556.741 15.110
557.022 4.535
557.303 -1.534
557.584 -4.479
557.864 -13.694
558.145 -16.833
558.426 -17.448
558.707 -17.265
558.988 -11.764
559.268 -2.522
559.549 -0.558
559.830 -4.108
560.111 -5.091
560.392 -3.321
560.673 -8.055
560.953 -10.619
561.234 -0.560
561.515 1.210
561.796 -7.670
562.077 -10.048
562.357 -13.424
562.638 -19.160
562.919 -17.776
563.200 -16.226
563.481 -14.659
563.762 -5.730
564.042 4.817
564.323 8.008
564.604 12.390
564.885 11.796
565.166 -0.148
565.446 -12.892
565.727 -18.072
566.008 -25.237
566.289 -25.834
566.570 -17.277
566.851 -11.902
567.131 -16.911
567.412 -11.750
567.693 -7.764
567.974 -9.781
568.255 -12.997
568.535 -4.184
568.816 0.643
569.097 3.260
569.378 11.699
569.659 16.920
569.940 12.706
570.220 13.287
570.501 8.066
570.782 -0.363
571.063 -0.163
571.344 8.258
571.624 8.881
571.905 9.472
572.186 9.657
572.467 5.636
572.748 -0.785
573.029 -10.090
573.309 -10.508
573.590 -12.357
573.871 -8.096
574.152 -3.218
574.433 0.036
574.713 -1.377
574.994 3.703
575.275 -2.981
575.556 -10.885
575.837 -8.049
576.118 -5.009
576.398 -0.757
576.679 8.958
576.960 15.030
577.245 11.989
577.531 13.007
577.816 8.968
578.102 2.072
578.387 0.252
578.672 4.126
578.958 0.456
579.243 -2.597
579.529 -0.564
579.814 -1.183
580.099 -2.826
580.385 2.428
580.670 7.242
580.956 8.020
581.241 8.808
581.526 9.796
581.812 5.209
582.097 4.814
582.382 4.018
582.668 4.419
582.953 7.398
583.239 15.333
583.524 9.390
583.809 4.269
584.095 1.112
584.380 -5.792
584.666 -8.819
584.951 -2.751
585.236 -2.113
585.522 -4.424
585.807 -2.860
586.093 -5.581
586.378 -7.130
586.663 -3.448
586.949 -1.319
587.234 -4.613
587.520 -8.489
587.805 -11.783
588.090 -11.589
588.376 -9.648
588.661 -5.772
588.947 1.392
589.232 2.361
589.517 0.233
589.803 -0.927
590.088 5.064
590.374 7.374
590.659 11.622
590.944 15.487
591.230 19.545
591.515 15.487
591.800 11.238
592.086 9.691
592.371 9.496
592.657 6.983
592.942 4.087
593.227 3.508
593.513 4.664
593.798 7.355
594.084 6.584
594.369 10.827
594.654 13.329
594.940 9.282
595.225 5.048
595.511 6.011
595.796 5.811
596.081 7.154
596.367 9.079
596.652 11.192
596.938 10.229
597.223 5.227
597.508 -4.192
597.794 -2.269
598.079 -2.456
598.365 -3.609
598.650 -1.683
598.935 5.428
599.221 4.851
599.506 2.541
599.792 4.463
600.077 5.808
600.362 3.693
600.648 1.385
600.933 -4.004
601.218 -6.699
601.504 -2.848
601.789 -2.848
602.075 -0.921
602.360 5.238
602.645 7.549
602.931 3.699
603.216 6.206
603.502 2.353
603.787 -0.348
604.072 -2.664
604.358 -8.071
604.643 -13.473
604.929 -7.686
605.214 -7.881
605.499 -7.497
605.785 -5.567
606.070 -1.703
606.356 -5.952
606.641 -3.826
606.926 -3.056
607.212 -1.899
607.497 1.215
607.783 6.460
608.068 9.573
608.353 11.126
608.639 10.733
608.924 8.211
609.210 4.521
609.495 6.487
609.780 10.200
610.066 9.409
610.351 4.720
610.636 0.025
610.922 -5.445
611.207 -9.741
611.493 -8.966
611.778 -7.602
612.063 -2.511
612.349 -3.496
612.634 -8.023
612.920 -6.060
613.205 -1.335
613.490 0.837
613.776 6.947
614.061 14.039
614.347 13.448
614.632 9.505
614.917 3.584
615.203 -3.130
615.488 -4.306
615.774 -3.912
616.059 -5.505
616.344 -6.707
616.630 -11.685
616.915 -18.639
617.201 -19.037
617.486 -14.465
617.771 -10.093
618.057 -3.533
618.342 4.429
618.627 8.419
618.913 10.223
619.198 12.815
619.484 13.414
619.769 10.018
620.054 0.026
620.340 -4.967
620.625 -2.747
620.911 -1.544
621.196 -0.343
621.481 7.662
621.767 10.070
622.052 4.257
622.338 5.267
622.623 4.261
622.908 1.246
623.194 3.062
623.479 8.504
623.765 9.725
624.050 12.548
624.335 13.554
624.621 12.958
624.906 6.907
625.192 4.082
625.477 6.518
625.762 11.177
626.048 9.564
626.333 8.548
626.619 7.335
626.904 6.134
627.189 5.541
627.475 5.545
627.760 3.702
628.045 1.043
628.331 -8.536
628.616 -20.361
628.902 -22.399
629.187 -13.835
629.472 -11.586
629.758 -6.683
630.043 -2.982
630.329 -5.197
630.614 -11.101
630.899 -12.092
631.185 -13.072
631.470 -7.812
631.756 0.190
632.041 7.532
632.326 14.068
632.612 19.797
632.897 17.048
633.183 13.252
633.468 2.675
633.753 -3.593
634.039 -7.494
634.324 -4.590
634.610 2.211
634.895 9.111
635.180 10.085
635.466 5.420
635.751 2.602
636.037 -7.583
636.322 -13.183
636.607 -11.327
636.893 -3.699
637.178 -2.749
637.463 -0.886
637.749 2.624
638.034 0.605
638.320 -3.963
638.605 -7.029
638.890 -12.273
639.176 -17.887
639.461 -16.437
639.747 -10.468
640.032 -1.437
640.317 5.616
640.603 17.358
640.888 20.964
641.174 15.370
641.459 12.306
641.744 14.291
642.030 7.979
642.315 4.194
642.601 4.005
642.886 0.389
643.171 -5.033
643.457 -8.120
643.742 -9.572
644.028 -7.034
644.313 -4.857
644.598 -1.769
644.884 4.063
645.169 7.714
645.455 12.485
645.740 14.324
646.025 16.721
646.311 19.868
646.596 17.494
646.881 13.840
647.167 11.640
647.452 7.776
647.738 -0.522
648.023 -5.162
648.308 -6.266
648.594 -3.099
648.879 -1.798
649.165 0.428
649.450 -0.347
649.735 -2.774
650.021 -5.564
650.306 -7.248
650.592 -7.623
650.877 -1.071
651.162 5.130
651.448 11.920
651.733 21.553
652.019 22.874
652.304 22.316
652.589 22.914
652.875 15.183
653.160 0.594
653.446 1.361
653.731 4.986
654.016 5.771
654.302 8.061
654.587 10.322
654.873 6.506
655.158 0.976
655.443 -6.850
655.729 -6.837
656.014 2.571
656.299 8.143
656.585 14.502
656.870 25.107
657.156 24.729
657.441 21.275
657.726 20.714
658.012 20.552
658.297 9.730
658.583 10.712
658.868 10.142
659.153 10.744
659.439 7.846
659.724 12.127
660.010 11.549
660.295 9.017
660.580 8.246
660.866 10.612
661.151 9.052
661.437 7.887
661.722 10.238
662.007 6.912
662.293 6.340
662.578 8.709
662.864 8.712
663.149 5.566
663.434 10.301
663.720 9.527
664.005 6.569
664.290 7.167
664.576 12.708
664.861 9.950
665.147 7.979
665.432 8.177
665.717 8.379
666.003 5.807
666.288 4.022
666.574 -0.753
666.859 -3.542
667.144 -0.549
667.430 4.035
667.715 14.413
668.001 29.177
668.286 36.161
668.571 35.980
668.857 41.404
669.142 40.224
669.428 33.647
669.713 36.058
669.998 37.068
670.284 27.472
670.569 25.091
670.855 22.097
671.140 16.895
671.425 14.292
671.711 15.906
671.996 15.718
672.282 20.754
672.567 21.361
672.852 24.797
673.138 31.662
673.423 32.682
673.708 31.486
673.994 33.103
674.279 29.887
674.565 19.200
674.850 12.353
675.135 12.365
675.421 16.009
675.706 12.375
675.992 11.566
676.277 14.401
676.562 18.056
676.848 16.451
677.133 23.125
677.419 33.669
677.704 32.055
677.989 25.179
678.275 27.828
678.560 32.726
678.846 34.754
679.131 42.876
679.416 49.992
679.702 53.477
679.987 58.586
680.273 61.876
680.558 62.720
680.843 66.813
681.129 64.982
681.414 60.110
681.700 57.478
681.985 59.935
682.270 58.534
682.556 59.166
682.841 63.036
683.126 65.073
683.412 68.131
683.697 69.138
683.983 67.091
684.268 62.213
684.553 56.332
684.839 50.430
685.124 51.449
685.410 60.207
685.695 71.806
685.980 77.497
686.266 76.468
686.551 74.633
686.837 69.350
687.122 66.518
687.407 79.335
687.693 90.527
687.978 96.402
688.264 103.518
688.549 104.517
688.834 102.634
689.120 111.565
689.405 120.868
689.691 126.876
689.976 137.951
690.261 139.347
690.547 135.024
690.832 142.871
691.118 154.598
691.403 152.946
691.688 160.322
691.974 167.299
692.259 161.160
692.544 154.988
692.830 155.101
693.115 152.674
693.401 153.014
693.686 158.334
693.971 167.949
694.257 179.423
694.542 188.401
694.828 192.603
695.113 194.893
695.398 192.397
695.684 189.859
695.969 195.211
696.255 204.502
696.540 215.361
696.834 227.333
697.127 237.948
697.421 239.616
697.715 243.783
698.008 242.933
698.302 247.898
698.596 254.163
698.889 258.874
699.183 264.836
699.477 278.035
699.771 281.612
700.064 282.446
700.358 292.532
700.652 303.753
700.945 306.151
701.239 309.685
701.533 321.139
701.826 333.902
702.120 341.146
702.414 357.493
702.707 379.000
703.001 394.869
703.295 409.034
703.588 428.203
703.882 447.431
704.176 468.612
704.469 491.098
704.763 511.954
705.057 531.280
705.351 544.344
705.644 557.322
705.938 574.340
706.232 584.420
706.525 593.133
706.819 613.243
707.113 634.497
707.406 655.202
707.700 676.902
707.994 706.947
708.287 734.989
708.581 755.482
708.875 775.047
709.168 804.945
709.462 830.240
709.756 851.976
710.049 876.514
710.343 907.750
710.637 933.591
710.931 950.959
711.224 963.589
711.518 987.440
711.812 1005.364
712.105 1028.024
712.399 1062.867
712.693 1100.896
712.986 1123.928
713.280 1148.498
713.574 1178.597
713.867 1210.546
714.161 1239.393
714.455 1272.008
714.748 1312.202
715.042 1351.572
715.336 1384.582
715.629 1426.182
715.923 1465.423
716.217 1503.612
716.511 1540.672
716.804 1573.204
717.098 1604.960
717.392 1650.668
717.685 1691.441
717.979 1728.054
718.273 1771.783
718.566 1814.293
718.860 1850.378
719.154 1889.489
719.447 1932.200
719.741 1972.381
720.035 2018.740
720.328 2059.334
720.622 2097.661
720.916 2150.357
721.209 2206.421
721.503 2253.875
721.797 2314.411
722.091 2371.774
722.384 2412.526
722.678 2457.103
722.972 2505.580
723.265 2552.628
723.559 2608.208
723.853 2665.450
724.146 2724.102
724.440 2791.977
724.734 2860.842
725.027 2923.327
725.321 2993.483
725.615 3057.653
725.908 3118.006
726.202 3177.745
726.496 3250.754
726.789 3318.354
727.083 3379.354
727.377 3447.601
727.671 3522.862
727.964 3576.862
728.258 3634.614
728.552 3708.953
728.845 3779.310
729.139 3850.934
729.433 3940.786
729.726 4031.806
730.020 4121.965
730.314 4218.135
730.607 4309.910
730.901 4397.540
731.195 4478.789
731.488 4554.704
731.782 4636.595
732.076 4717.883
732.369 4791.122
732.663 4875.151
732.957 4968.511
733.251 5066.587
733.544 5153.778
733.838 5261.614
734.132 5368.370
734.425 5468.154
734.719 5548.136
735.013 5637.721
735.306 5727.019
735.600 5804.742
735.894 5881.841
736.187 5975.924
736.481 6067.000
736.775 6147.315
737.068 6213.495
737.362 6281.266
737.656 6335.772
737.949 6384.802
738.243 6430.998
738.537 6494.527
738.831 6554.839
739.124 6611.215
739.418 6661.720
739.712 6685.231
740.005 6690.493
740.299 6686.009
740.593 6660.674
740.886 6644.381
741.180 6634.053
741.474 6616.446
741.767 6593.939
742.061 6564.879
742.355 6507.929
742.648 6435.250
742.942 6362.952
743.236 6267.872
743.529 6171.946
743.823 6080.971
744.117 5997.383
744.411 5912.145
744.704 5834.015
744.998 5742.311
745.292 5626.430
745.585 5507.052
745.879 5377.833
746.173 5232.615
746.466 5087.425
746.760 4968.797
747.054 4849.656
747.347 4725.192
747.641 4618.718
747.935 4511.448
748.228 4387.398
748.522 4257.610
748.816 4131.839
749.109 4003.744
749.403 3885.059
749.697 3778.707
749.991 3662.725
750.284 3553.280
750.578 3436.657
750.872 3318.192
751.165 3203.158
751.459 3099.405
751.753 2992.380
752.046 2892.148
752.340 2791.311
752.634 2680.625
752.927 2575.231
753.221 2475.951
753.515 2371.532
753.808 2269.092
754.102 2175.676
754.396 2083.742
754.689 2004.422
754.983 1937.243
755.277 1870.838
755.571 1801.639
755.864 1736.771
756.158 1660.489
756.452 1586.456
756.745 1518.545
757.039 1452.631
757.333 1386.000
757.626 1321.624
757.920 1265.811
758.214 1223.922
758.507 1179.137
758.801 1136.717
759.095 1091.772
759.388 1038.493
759.682 984.098
759.976 936.796
760.269 892.366
760.563 857.566
760.857 825.240
761.151 785.421
761.444 751.412
761.738 719.209
762.032 685.869
762.325 660.308
762.619 634.800
762.913 600.798
763.206 575.753
763.500 554.824
763.798 526.465
764.097 503.646
764.395 490.021
764.693 469.915
764.992 450.619
765.290 435.301
765.588 418.916
765.887 400.162
766.185 380.081
766.483 358.634
766.782 341.588
767.080 327.884
767.378 310.879
767.677 295.865
767.975 282.696
768.273 267.165
768.571 252.911
768.870 243.314
769.168 234.541
769.466 227.911
769.765 221.687
770.063 211.202
770.361 199.124
770.660 189.082
770.958 175.898
771.256 165.551
771.555 153.799
771.853 144.263
772.151 138.766
772.450 137.309
772.748 133.790
773.046 127.949
773.345 128.124
773.643 125.875
773.941 114.869
774.240 107.505
774.538 104.493
774.836 96.069
775.135 88.650
775.433 92.401
775.731 89.949
776.030 83.358
776.328 80.725
776.626 73.743
776.925 65.153
777.223 65.694
777.521 72.830
777.819 70.466
778.118 67.467
778.416 63.889
778.714 59.718
779.013 55.557
779.311 57.907
779.609 63.481
779.908 64.485
780.206 61.506
780.504 53.925
780.803 44.586
781.101 44.387
781.399 43.003
781.698 34.272
781.996 30.112
782.294 26.542
782.593 18.992
782.891 12.419
783.189 10.624
783.488 10.823
783.786 14.207
784.084 14.008
784.383 18.004
784.681 24.010
784.979 23.418
785.278 20.438
785.576 19.462
785.874 10.474
786.173 0.677
786.471 -0.519
786.769 2.690
787.068 4.301
787.366 11.316
787.664 20.934
787.962 19.530
788.261 16.529
788.559 12.529
788.857 13.940
789.156 13.363
789.454 24.045
789.752 28.086
790.051 24.859
790.349 25.694
790.647 24.703
790.946 16.646
791.244 14.039
791.542 17.072
791.841 14.464
792.139 11.648
792.437 12.064
792.736 13.901
793.034 24.676
793.332 29.574
793.631 29.175
793.929 32.651
794.227 29.808
794.526 22.306
794.824 15.183
795.122 9.465
795.421 7.637
795.719 10.312
796.017 9.920
796.316 11.363
796.614 22.238
796.912 29.464
797.211 29.276
797.509 25.591
797.807 23.334
798.105 18.617
798.404 12.056
798.702 8.973
799.000 5.234
799.299 5.651
799.597 5.459
799.895 0.493
800.194 -1.582
800.492 1.536
800.790 -1.589
801.089 -2.411
801.387 3.026
801.685 6.785
801.984 6.784
802.282 9.920
802.580 6.149
802.879 -2.026
803.177 -4.113
803.475 -5.591
803.774 -9.598
804.072 -7.290
804.370 -5.405
804.669 -8.794
804.967 -3.716
805.265 0.941
805.564 4.140
805.862 4.983
806.160 5.606
806.459 6.285
806.757 3.510
807.055 -0.761
807.353 1.593
807.652 8.895
807.950 9.352
808.248 14.953
808.547 17.540
808.845 13.880
809.143 11.097
809.442 7.222
809.740 0.736
810.038 2.926
810.337 9.900
810.635 12.768
810.933 14.308
811.232 16.920
811.530 16.741
811.831 19.448
812.132 22.835
812.432 28.618
812.733 33.518
813.034 29.326
813.335 19.149
813.636 15.657
813.936 16.429
814.237 14.681
814.538 15.349
814.839 17.804
815.140 8.830
815.440 -5.563
815.741 -11.635
816.042 -17.058
816.343 -18.188
816.644 -16.629
816.945 -7.116
817.245 -2.821
817.546 -7.816
817.847 -9.405
818.148 -3.953
818.449 -10.308
818.749 -15.968
819.050 -2.837
819.351 5.313
819.652 8.911
819.953 15.249
820.253 15.270
820.554 6.020
820.855 2.844
821.156 8.648
821.457 13.771
821.757 23.881
822.058 33.548
822.359 31.736
822.660 17.142
822.961 5.944
823.261 -4.131
823.562 -0.593
823.863 2.517
824.164 2.754
824.465 4.983
824.765 8.774
825.066 2.327
825.367 -2.329
825.668 -6.028
825.969 -8.648
826.269 -10.613
826.570 -8.875
826.871 -4.305
827.172 1.382
827.473 1.188
827.774 0.556
828.074 0.755
828.375 4.359
828.676 5.644
828.977 14.026
829.278 21.746
829.578 17.035
829.879 8.463
830.180 4.840
830.481 1.818
830.782 1.769
831.082 8.963
831.383 15.071
831.684 22.217
831.985 22.183
832.286 17.944
832.586 13.718
832.887 11.384
833.188 8.428
833.489 9.430
833.790 6.743
834.090 -0.457
834.391 -8.282
834.692 -9.330
834.993 -7.327
835.294 0.647
835.594 9.056
835.895 10.538
836.196 13.758
836.497 11.464
836.798 7.751
837.099 10.321
837.399 13.172
837.700 13.092
838.001 14.414
838.302 10.821
838.603 5.247
838.903 6.439
839.204 4.448
839.505 1.292
839.806 -2.291
840.107 -1.913
840.407 1.915
840.708 7.817
841.009 14.770
841.310 15.452
841.611 13.783
841.911 12.448
842.212 5.212
842.513 -3.339
842.814 6.444
843.115 8.477
843.415 9.849
843.716 9.229
844.017 9.223
844.318 3.091
844.619 4.168
844.919 5.615
845.220 11.817
845.521 18.249
845.822 24.267
846.123 25.401
846.423 16.516
846.724 6.047
847.025 0.509
847.326 2.412
847.627 -0.295
847.928 -3.734
848.228 -3.785
848.529 -10.391
848.830 -14.212
849.131 -10.326
849.432 -5.567
849.732 -4.434
850.033 2.181
850.334 -1.252
850.635 -3.089
850.936 -0.574
851.236 0.577
851.537 6.483
851.838 10.337
852.139 9.198
852.440 4.905
852.740 14.166
853.041 12.536
853.342 7.330
853.643 5.534
853.944 9.595
854.244 3.268
854.545 3.401
854.846 8.286
855.147 8.982
855.448 3.483
855.748 5.211
856.049 1.643
856.350 -5.592
856.651 -7.291
856.952 -5.676
857.253 -17.074
857.553 -21.803
857.854 -20.029
858.155 -17.006
858.456 -13.978
858.757 -2.691
859.057 3.230
859.358 4.097
859.659 10.107
859.960 13.626
860.261 12.332
860.561 13.698
860.862 21.454
861.163 14.227
861.464 9.522
861.765 5.665
862.065 1.378
862.366 -4.152
862.667 -2.142
862.968 6.032
863.269 11.017
863.569 12.786
863.870 9.824
864.171 9.030
864.472 0.927
864.773 -2.027
865.073 -2.245
865.374 0.285
865.675 0.284
865.976 4.137
866.277 5.668
866.577 3.175
866.878 8.284
867.179 12.065
867.480 14.479
867.781 15.776
868.082 16.356
868.382 14.778
868.683 14.181
868.984 10.034
869.285 8.152
869.586 11.502
869.886 5.711
870.187 6.224
870.488 6.588
870.789 4.739
871.090 -0.441
871.390 -2.091
871.691 -6.156
871.992 -4.498
872.293 -3.025
872.594 -1.551
872.894 0.848
873.195 -0.797
873.496 -1.543
873.797 -0.631
874.098 1.200
874.398 5.405
874.699 9.609
875.000 11.066
875.301 10.699
875.602 10.331
875.902 -1.870
876.203 -11.159
876.504 -17.543
876.805 -21.547
877.106 -25.002
877.407 -20.638
877.707 -12.814
878.008 -8.446
878.309 -2.988
878.610 2.817
878.911 5.189
879.211 2.288
879.512 3.561
879.813 3.377
880.114 3.385
880.415 4.651
880.715 1.028
881.016 -6.230
881.317 -8.771
881.618 -10.586
881.919 -6.226
882.219 1.935
882.520 12.089
882.821 16.796
883.122 17.700
883.423 10.630
883.723 5.184
884.024 5.184
884.325 4.104
884.626 -7.111
884.927 -11.813
885.227 -9.997
885.528 -15.255
885.829 -12.370
886.130 -1.520
886.431 6.437
886.731 10.971
887.032 11.153
887.333 6.817
887.634 8.816
887.935 13.346
888.236 8.812
888.536 2.663
888.837 -0.958
889.138 -2.048
889.439 -6.940
889.740 -5.311
890.040 4.831
890.341 6.276
890.642 5.376
890.943 5.558
891.244 0.837
891.544 -4.244
891.845 -6.967
892.146 -6.065
892.447 -4.973
892.748 -3.161
893.048 0.471
893.349 5.016
893.650 2.478
893.951 5.765
894.252 5.031
894.552 -2.259
894.853 -3.171
895.154 -5.734
895.455 -6.632
895.756 1.421
896.056 13.170
896.357 19.244
896.658 21.255
896.959 21.820
897.260 17.049
897.561 9.498
897.861 8.788
898.162 12.672
898.463 4.179
898.764 -0.088
899.065 0.654
899.365 -0.990
899.666 -3.205
899.967 3.670
900.268 11.874
900.569 15.244
900.869 10.033
901.170 8.731
901.471 6.862
901.772 5.557
902.073 4.080
902.373 8.216
902.674 7.082
902.975 5.004
903.276 1.427
903.577 -1.406
903.877 -12.203
904.178 -14.877
904.479 -9.555
904.780 -8.609
905.081 -9.951
905.381 -3.309
905.682 -2.360
905.983 -8.467
906.284 -4.823
906.585 -1.759
906.885 -2.928
907.186 0.698
907.487 3.379
907.788 -7.800
908.089 -14.754
908.390 -11.859
908.690 -8.750
908.991 -6.418
909.292 2.864
909.593 7.499
909.894 8.481
910.194 3.036
910.495 0.708
910.796 1.907
911.097 5.230
911.398 3.077
911.698 3.459
911.999 -1.067
912.300 -8.354
912.607 -13.676
912.915 -14.670
913.222 -11.507
913.529 -0.232
913.837 9.092
914.144 13.853
914.451 16.830
914.759 19.035
915.066 17.275
915.374 19.296
915.681 18.905
915.988 21.533
916.296 20.365
916.603 16.995
916.910 10.601
917.218 5.767
917.525 0.935
917.832 -3.302
918.140 -4.102
918.447 -2.877
918.754 2.587
919.062 -2.507
919.369 -4.143
919.677 -3.728
919.984 -7.195
920.291 -14.740
920.599 -15.582
920.906 -13.968
921.213 -8.422
921.521 -1.234
921.828 3.037
922.135 6.697
922.443 9.785
922.750 4.868
923.057 -1.921
923.365 1.384
923.672 4.681
923.980 5.311
924.287 4.494
924.594 4.906
924.902 2.003
925.209 3.046
925.516 -0.477
925.824 -5.468
926.131 -9.842
926.438 -12.348
926.746 -12.970
927.053 -4.616
927.360 10.025
927.668 16.067
927.975 20.877
928.283 25.723
928.590 27.277
928.897 21.245
929.205 21.458
929.512 20.198
929.819 18.962
930.127 16.633
930.434 17.502
930.741 19.632
931.049 18.567
931.356 20.093
931.663 20.610
931.971 21.536
932.278 17.710
932.586 22.863
932.893 26.830
933.200 25.403
933.508 20.060
933.815 20.925
934.122 19.691
934.430 15.469
934.737 18.681
935.044 26.079
935.352 31.248
935.659 28.398
935.966 23.120
936.274 19.522
936.581 20.233
936.889 23.421
937.196 31.844
937.503 35.148
937.811 38.158
938.118 38.258
938.425 37.838
938.733 34.003
939.040 31.690
939.347 23.165
939.655 18.801
939.962 17.332
940.269 20.700
940.577 28.453
940.884 37.453
941.191 38.330
941.499 37.196
941.806 35.821
942.114 31.176
942.421 33.608
942.728 34.193
943.036 27.631
943.343 22.825
943.650 24.089
943.958 22.054
944.265 22.308
944.572 26.368
944.880 34.173
945.187 35.884
945.494 34.031
945.802 38.476
946.109 46.207
946.417 50.688
946.724 64.616
947.031 74.563
947.339 74.905
947.646 77.725
947.953 82.190
948.261 78.925
948.568 79.571
948.875 84.773
949.183 91.831
949.490 88.325
949.797 85.306
950.105 89.720
950.412 99.793
950.720 101.625
951.027 103.021
951.334 109.383
951.642 107.155
951.949 104.789
952.256 112.745
952.564 124.341
952.871 132.841
953.178 139.982
953.486 140.685
953.793 140.032
954.100 140.863
954.408 139.304
954.715 136.812
955.023 143.405
955.330 147.515
955.637 148.225
955.945 148.099
956.252 159.094
956.559 167.240
956.867 174.554
957.174 182.550
957.481 187.951
957.789 183.616
958.096 174.762
958.403 169.687
958.711 174.496
959.018 177.078
959.326 174.220
959.633 177.290
959.940 178.414
960.248 174.003
960.555 174.604
960.862 185.790
961.170 191.574
961.477 190.414
961.784 193.832
962.092 194.166
962.399 188.062
962.706 186.590
963.014 190.571
963.321 190.129
963.629 195.254
963.936 201.366
964.243 207.741
964.551 210.973
964.858 208.936
965.165 205.872
965.473 199.687
965.780 193.933
966.092 200.882
966.404 205.855
966.716 204.071
967.028 210.388
967.340 207.739
967.652 197.515
967.964 190.607
968.276 189.234
968.588 189.876
968.900 190.319
969.212 190.488
969.524 190.159
969.836 191.547
970.148 186.386
970.460 182.600
970.772 178.618
971.084 174.915
971.396 170.254
971.708 166.527
972.020 162.063
972.332 157.657
972.644 152.565
972.956 143.057
973.268 136.217
973.580 131.551
973.892 122.417
974.204 118.388
974.516 121.855
974.828 122.248
975.140 126.705
975.452 126.355
975.764 123.198
976.076 116.891
976.388 106.196
976.700 97.463
977.012 100.863
977.324 101.962
977.636 101.182
977.948 110.461
978.260 110.379
978.572 99.541
978.884 92.921
979.196 83.489
979.508 71.155
979.820 66.581
980.132 71.111
980.444 76.742
980.756 86.743
981.068 96.571
981.380 98.448
981.692 94.322
982.004 91.879
982.316 91.436
982.628 86.363
982.940 83.621
983.252 81.057
983.564 73.824
983.876 66.078
984.188 63.064
984.500 62.384
984.812 63.491
985.124 67.321
985.436 67.334
985.748 69.760
986.060 69.036
986.372 64.331
986.684 57.106
986.996 53.485
987.308 48.811
987.620 45.778
987.932 47.312
988.244 52.822
988.556 54.739
988.868 50.055
989.180 45.167
989.492 40.045
989.804 33.285
990.116 28.807
990.428 25.816
990.740 29.224
991.052 35.201
991.364 37.778
991.676 39.306
991.988 39.300
992.300 29.501
992.612 26.690
992.924 31.230
993.236 33.107
993.548 41.192
993.860 47.999
994.172 45.017
994.484 33.392
994.796 26.374
995.108 22.986
995.420 21.970
995.732 16.668
996.044 16.471
996.356 19.713
996.668 18.040
996.980 17.808
997.292 20.597
997.604 23.374
997.916 24.018
998.228 26.619
998.540 30.272
998.852 28.992
999.164 30.514
999.476 26.872
999.788 19.561
1000.100 13.357
1000.412 16.581
1000.724 15.978
1001.036 15.756
1001.348 16.406
1001.660 22.030
1001.972 27.031
1002.284 25.734
1002.596 25.960
1002.908 24.672
1003.220 19.695
1003.532 12.119
1003.844 9.517
1004.156 10.608
1004.468 12.998
1004.780 10.841
1005.092 9.546
1005.404 5.230
1005.716 -2.327
1006.028 -3.428
1006.340 1.751
1006.652 4.125
1006.964 11.031
1007.276 11.875
1007.588 6.257
1007.900 -0.428
1008.212 -1.955
1008.524 -1.324
1008.836 14.503
1009.148 30.135
1009.460 39.976
1009.772 39.752
1010.084 33.956
1010.396 21.376
1010.708 12.591
1011.020 8.486
1011.332 16.699
1011.644 22.186
1011.956 21.976
1012.268 22.159
1012.580 18.772
1012.892 7.388
1013.204 2.552
1013.516 3.181
1013.828 -0.378
1014.140 3.995
1014.452 7.325
1014.764 4.636
1015.076 3.599
1015.388 3.395
1015.700 -2.847
1016.012 -3.277
1016.324 -1.397
1016.636 -3.665
1016.948 -2.230
1017.260 0.640
1017.572 4.735
1017.884 10.692
1018.196 13.373
1018.508 13.368
1018.820 14.787
1019.132 7.213
1019.444 -8.863
1019.756 -18.810
1020.068 -21.242
1020.380 -21.661
1020.692 -20.837
1021.004 -17.205
1021.316 -8.472
1021.628 -1.981
1021.940 -0.174
1022.252 5.491
1022.564 18.075
1022.876 21.720
1023.188 19.278
1023.500 17.452
1023.812 14.221
1024.124 6.722
1024.436 -0.787
1024.748 -4.231
1025.060 -8.457
1025.372 -11.484
1025.684 -8.852
1025.996 -0.341
1026.308 4.312
1026.620 8.750
1026.932 10.357
1027.244 9.550
1027.556 11.173
1027.868 9.150
1028.180 5.918
1028.492 10.336
1028.804 13.562
1029.116 7.510
1029.428 8.089
1029.740 11.093
1030.052 13.469
1030.364 18.467
1030.676 23.264
1030.988 14.280
1031.300 7.095
1031.612 -2.506
1031.924 -12.309
1032.236 -13.107
1032.548 -4.137
1032.860 4.607
1033.172 10.816
1033.484 9.205
1033.796 4.011
1034.108 2.028
1034.420 -4.331
1034.732 -6.931
1035.044 -3.930
1035.356 -0.730
1035.668 -8.129
1035.980 -13.329
1036.292 -11.128
1036.604 -4.728
1036.916 2.073
1037.228 11.473
1037.540 17.074
1037.852 16.274
1038.164 11.275
1038.476 -0.124
1038.788 -3.724
1039.100 -2.123
1039.412 -4.123
1039.724 -0.522
1040.036 7.878
1040.348 8.879
1040.660 4.479
1040.972 4.480
1041.284 4.680
1041.596 2.881
1041.908 3.082
1042.220 7.682
1042.532 10.083
1042.844 7.083
1043.156 5.484
1043.468 6.684
1043.780 7.085
1044.092 9.486
1044.404 14.086
1044.716 8.287
1045.028 0.287
1045.340 2.688
1045.652 3.888
1045.964 -0.511
1046.276 5.090
1046.588 11.490
1046.900 7.491
1047.212 7.291
1047.524 11.892
1047.836 8.892
1048.148 7.693
1048.460 9.494
1048.772 5.894
1049.084 6.295
1049.396 10.695
1049.708 14.896
1050.020 14.697
1050.332 10.297
1050.644 4.898
1050.956 8.898
1051.268 13.099
1051.580 18.100
1051.892 24.300
1052.204 23.101
1052.516 16.901
1052.828 13.102
1053.140 3.303
1053.452 -2.297
1053.764 1.704
1054.076 -1.096
1054.388 -5.895
1054.700 2.706
1055.012 12.706
1055.324 12.307
1055.636 15.908
1055.948 16.708
1056.260 8.509
1056.572 -3.091
1056.884 -7.090
1057.196 -6.289
1057.508 -5.889
1057.820 0.512
1058.132 8.313
1058.444 11.713
1058.756 8.314
1059.068 6.715
1059.380 3.315
1059.692 -2.084
1060.004 -7.084
1060.316 -2.683
1060.628 -0.082
1060.940 -1.282
1061.252 -10.481
1061.564 -15.880
1061.876 -22.680
1062.188 -25.079
1062.500 -22.878
1062.812 -7.278
1063.124 -0.277
1063.436 3.724
1063.748 6.524
1064.060 1.325
1064.372 -5.074
1064.684 -3.874
1064.996 -4.673
1065.308 -10.072
1065.620 -8.872
1065.932 -11.071
1066.244 -14.470
1066.556 -14.270
1066.868 -6.869
1067.180 -5.268
1067.492 -2.067
1067.804 5.733
1068.116 8.934
1068.428 5.335
1068.740 6.335
1069.052 6.136
1069.364 -0.463
1069.676 -4.063
1069.988 -2.462
1070.300 -2.661
1070.612 -6.860
1070.924 -7.660
1071.236 -14.659
1071.548 -22.658
1071.860 -22.058
1072.172 -23.057
1072.484 -21.056
1072.796 -9.655
1073.108 0.745
1073.420 0.546
1073.732 2.747
1074.044 1.147
1074.356 0.348
1074.668 0.949
1074.980 2.350
1075.292 7.150
1075.604 15.951
1075.916 20.952
1076.228 21.153
1076.540 20.953
1076.852 15.554
1077.164 5.755
1077.476 1.356
1077.788 6.156
1078.100 8.357
1078.412 9.358
1078.724 12.959
1079.036 15.759
1079.348 7.560
1079.660 4.961
1079.972 6.762
1080.284 0.162
1080.596 -6.637
1080.908 -1.436
1081.220 5.165
1081.532 9.165
1081.844 18.766
1082.156 19.367
1082.468 7.768
1082.780 -2.631
1083.092 -8.031
1083.404 -6.030
1083.716 1.171
1084.028 10.972
1084.340 8.772
1084.652 0.173
1084.964 -7.826
1085.276 -16.825
1085.588 -20.224
1085.900 -9.224
1086.212 2.977
1086.524 5.178
1086.836 6.579
1087.148 9.180
1087.460 6.780
1087.772 2.981
1088.084 0.582
1088.396 -2.817
1088.708 -6.416
1089.020 -13.015
1089.332 -17.415
1089.644 -10.614
1089.956 -3.813
1090.268 -2.612
1090.580 2.389
1090.892 15.190
1091.204 19.990
1091.516 14.391
1091.828 3.792
1092.140 -2.007
1092.464 -10.806
1092.788 -23.605
1093.112 -22.805
1093.436 -9.804
1093.760 -5.203
1094.084 -0.802
1094.408 2.599
1094.732 9.800
1095.056 10.601
1095.380 8.001
1095.703 1.802
1096.027 5.803
1096.351 6.204
1096.675 3.205
1096.999 7.806
1097.323 12.807
1097.647 11.408
1097.971 10.008
1098.295 14.009
1098.619 15.010
1098.943 14.611
1099.267 13.412
1099.591 11.813
1099.915 10.214
1100.239 9.215
1100.563 4.216
1100.887 -3.183
1101.211 -7.583
1101.535 -12.982
1101.859 -16.581
1102.182 -11.780
1102.506 -1.379
1102.830 -0.578
1103.154 -3.577
1103.478 -6.376
1103.802 -9.975
1104.126 -14.374
1104.450 -10.973
1104.774 -5.772
1105.098 -1.572
1105.422 0.829
1105.746 -0.770
1106.070 -2.769
1106.394 -1.168
1106.718 0.433
1107.042 2.634
1107.366 6.435
1107.690 4.436
1108.014 0.837
1108.338 -4.762
1108.662 -10.361
1108.985 -17.960
1109.309 -20.359
1109.633 -19.558
1109.957 -12.157
1110.281 -4.756
1110.605 0.045
1110.929 0.846
1111.253 -1.553
1111.577 -4.552
1111.901 -8.151
1112.225 -6.550
1112.549 2.251
1112.873 8.452
1113.197 4.852
1113.521 -3.747
1113.845 -4.546
1114.169 -11.145
1114.493 -15.144
1114.817 -7.743
1115.141 7.858
1115.464 8.659
1115.788 5.860
1116.112 3.462
1116.436 -7.737
1116.760 -16.136
1117.084 -15.135
1117.408 -8.734
1117.732 -3.933
1118.056 -0.332
1118.380 3.069
1118.704 -0.130
1119.028 -5.129
1119.352 -0.328
1119.676 7.273
1120.000 10.074
1120.324 10.475
1120.648 15.276
1120.972 14.477
1121.296 16.878
1121.620 9.879
1121.944 8.280
1122.267 6.081
1122.591 -2.918
1122.915 -12.717
1123.239 -11.516
1123.563 -7.315
1123.887 -9.314
1124.211 -7.512
1124.535 -2.311
1124.859 -2.510
1125.183 0.691
1125.507 14.092
1125.831 22.693
1126.155 25.094
1126.479 29.495
1126.803 27.496
1127.127 19.697
1127.451 13.298
1127.775 8.700
1128.099 6.501
1128.423 3.502
1128.746 1.503
1129.070 3.104
1129.394 2.305
1129.718 6.906
1130.042 12.707
1130.366 14.708
1130.690 18.709
1131.014 25.311
1131.338 20.512
1131.662 14.913
1131.986 15.314
1132.310 11.315
1132.634 6.916
1132.958 8.917
1133.282 8.119
1133.606 8.320
1133.930 12.921
1134.254 13.522
1134.578 10.323
1134.902 10.124
1135.226 5.525
1135.549 1.727
1135.873 3.128
1136.197 5.729
1136.521 11.930
1136.845 13.131
1137.169 9.132
1137.493 2.734
1137.817 -4.265
1138.141 -11.664
1138.465 -12.263
1138.789 -13.062
1139.113 -12.461
1139.437 -5.659
1139.761 1.342
1140.085 5.543
1140.409 9.344
1140.733 13.345
1141.057 15.147
1141.381 13.148
1141.705 14.349
1142.028 17.750
1142.352 17.351
1142.676 9.153
1143.000 7.554
1143.324 1.555
1143.648 -7.044
1143.972 -11.243
1144.296 -5.641
1144.620 -2.040
1144.944 3.961
1145.268 9.962
1145.592 13.564
1145.916 14.565
1146.240 8.366
1146.564 -1.433
1146.888 -7.431
1147.212 -7.230
1147.536 -6.229
1147.860 -3.628
1148.184 3.573
1148.507 7.775
1148.831 5.376
1149.155 9.977
1149.479 12.178
1149.803 8.780
1150.127 8.581
1150.451 7.582
1150.775 5.184
1151.099 8.185
1151.423 12.986
1151.747 15.587
1152.071 17.789
1152.395 12.790
1152.719 9.991
1153.043 9.392
1153.367 5.994
1153.691 5.995
1154.015 10.596
1154.339 9.598
1154.663 2.399
1154.987 -4.200
1155.310 0.001
1155.634 5.603
1155.958 9.404
1156.282 15.205
1156.606 27.407
1156.930 29.208
1157.254 23.409
1157.578 15.811
1157.902 7.412
1158.226 0.613
1158.550 -4.585
1158.874 -12.784
1159.198 -12.983
1159.522 -5.182
1159.846 -9.180
1160.170 -12.179
1160.494 -3.778
1160.818 -1.776
1161.142 -6.175
1161.466 4.226
1161.790 9.628
1162.113 8.029
1162.437 9.430
1162.761 9.032
1163.085 3.833
1163.409 -1.166
1163.733 -4.964
1164.057 -9.963
1164.381 -8.961
1164.705 -7.560
1165.029 -3.759
1165.353 -1.357
1165.677 3.444
1166.001 7.245
1166.325 9.647
1166.649 11.248
1166.973 20.249
1167.297 22.851
1167.621 23.652
1167.945 23.053
1168.269 17.655
1168.592 6.256
1168.916 1.458
1169.240 -4.741
1169.564 -7.540
1169.888 -4.538
1170.212 -9.137
1170.536 -16.936
1170.860 -18.334
1171.184 -20.533
1171.508 -21.331
1171.832 -16.130
1172.156 -11.129
1172.480 -10.927
1172.804 -10.926
1173.128 -12.124
1173.452 -12.923
1173.776 -8.322
1174.100 -0.120
1174.424 5.881
1174.748 14.483
1175.072 20.084
1175.395 16.885
1175.719 9.887
1176.043 9.288
1176.367 4.490
1176.691 -1.709
1177.015 3.092
1177.339 12.494
1177.663 10.495
1177.987 6.897
1178.311 8.098
1178.635 4.299
1178.959 -2.899
1179.283 -7.698
1179.607 -9.896
1179.931 -14.495
1180.255 -12.694
1180.579 -13.292
1180.903 -10.891
1181.227 -3.089
1181.551 8.112
1181.874 9.714
1182.198 13.515
1182.522 15.316
1182.846 17.118
1183.170 16.519
1183.494 18.521
1183.818 20.722
1184.142 21.123
1184.466 11.325
1184.790 6.126
1185.114 0.528
1185.438 -4.871
1185.762 -5.869
1186.086 -4.068
1186.410 -9.867
1186.734 -11.865
1187.058 -9.064
1187.382 -8.662
1187.706 -7.261
1188.030 2.341
1188.353 5.342
1188.677 1.343
1189.001 4.145
1189.325 9.146
1189.649 5.548
1189.973 3.149
1190.297 8.351
1190.621 13.752
1190.945 9.953
1191.269 2.755
1191.593 -0.844
1191.917 -9.842
1192.241 -17.041
1192.565 -16.039
1192.889 -6.838
1193.213 0.363
1193.537 7.165
1193.861 7.366
1194.185 8.768
1194.509 1.569
1194.833 0.171
1195.156 2.772
1195.480 5.973
1195.804 1.775
1196.128 6.176
1196.452 10.978
1196.776 9.179
1197.100 9.781
1197.424 16.382
1197.748 22.383
1198.072 19.585
1198.396 14.986
1198.720 7.388
1199.044 3.989
1199.368 -1.009
1199.692 -2.208
1200.016 -1.807
1200.340 -0.805
1200.664 -0.604
1200.988 -0.002
1201.312 3.199
1201.635 8.400
1201.959 7.002
1202.283 2.803
1202.607 1.805
1202.931 0.206
1203.255 -3.193
1203.579 1.809
1203.903 6.810
1204.227 11.412
1204.551 10.413
1204.875 11.214
1205.199 4.616
1205.523 5.217
1205.847 12.819
1206.171 15.620
1206.495 19.221
1206.819 27.823
1207.143 29.224
1207.467 16.425
1207.791 11.027
1208.115 7.628
1208.438 4.430
1208.762 1.831
1209.086 3.432
1209.410 2.434
1209.734 0.435
1210.058 -2.964
1210.382 -4.562
1210.706 -3.361
1211.030 -0.159
1211.354 5.242
1211.678 12.843
1212.002 16.245
1212.326 13.846
1212.650 11.447
1212.974 4.049
1213.298 -0.950
1213.622 -3.949
1213.946 -4.547
1214.270 -2.546
1214.594 4.855
1214.917 3.657
1215.241 3.858
1215.565 6.259
1215.889 6.861
1216.213 3.462
1216.537 6.863
1216.861 6.864
1217.185 6.266
1217.509 4.667
1217.833 0.068
1218.157 -1.730
1218.481 3.671
1218.805 2.872
1219.129 -0.527
1219.453 5.675
1219.777 10.676
1220.101 7.877
1220.425 5.879
1220.749 9.280
1221.073 11.881
1221.397 8.482
1221.720 8.884
1222.044 11.285
1222.368 11.086
1222.692 7.687
1223.016 7.089
1223.340 1.090
1223.664 -1.709
1223.988 -3.108
1224.312 -4.907
1224.636 -8.305
1224.960 -5.504
1225.284 -9.503
1225.608 -8.502
1225.932 -1.901
1226.256 7.901
1226.580 11.702
1226.904 18.103
1227.228 17.504
1227.552 9.505
1227.876 -0.494
1228.199 -9.292
1228.523 -13.291
1228.847 -18.490
1229.171 -23.889
1229.495 -25.288
1229.819 -17.487
1230.143 -9.686
1230.467 -5.884
1230.791 -0.883
1231.115 0.118
1231.439 -5.681
1231.763 -12.331
1232.087 -11.080
