181.241 -30.738
181.495 -21.821
181.749 -15.271
182.003 -16.871
182.257 -18.671
182.511 -17.271
182.765 -24.471
183.019 -30.271
183.273 -22.671
183.528 -13.671
183.782 -16.271
184.036 -17.871
184.290 -17.672
184.544 -20.872
184.798 -18.872
185.052 -14.472
185.306 -18.672
185.560 -18.872
185.814 -21.272
186.068 -29.872
186.322 -29.872
186.576 -23.472
186.830 -21.472
187.084 -24.072
187.339 -23.872
187.593 -22.272
187.847 -15.272
188.101 -16.672
188.355 -12.872
188.609 -0.472
188.863 5.128
189.117 4.728
189.371 8.928
189.625 13.928
189.879 12.728
190.133 9.728
190.387 5.128
190.641 -2.872
190.895 -12.073
191.150 -19.073
191.404 -17.873
191.658 -14.673
191.912 -8.073
192.166 -0.873
192.420 2.127
192.674 -5.473
192.928 -9.073
193.182 -10.673
193.436 -14.073
193.690 -13.073
193.944 -3.473
194.198 1.127
194.452 0.927
194.706 1.727
194.961 -3.473
195.215 -9.873
195.469 -13.673
195.723 -17.473
195.977 -15.873
196.231 -9.273
196.485 -7.673
196.739 -1.473
196.993 3.127
197.247 3.127
197.501 -2.874
197.755 -3.474
198.009 -6.274
198.263 -6.274
198.517 -7.474
198.772 -1.874
199.026 -4.474
199.280 -6.074
199.534 -5.474
199.788 -9.874
200.042 -17.874
200.296 -13.074
200.550 -10.274
200.804 -8.274
201.058 -2.474
201.312 6.126
201.566 3.326
201.820 -5.274
202.074 -7.874
202.328 -8.074
202.583 -16.874
202.837 -20.674
203.091 -10.674
203.345 -6.274
203.599 -7.474
203.853 -1.874
204.107 5.325
204.361 0.925
204.615 -2.475
204.869 -3.875
205.123 -5.675
205.377 -13.075
205.631 -14.275
205.885 -15.275
206.139 -11.075
206.394 -7.075
206.648 -5.275
206.902 -2.075
207.156 -4.675
207.410 -14.275
207.664 -19.475
207.918 -17.475
208.172 -17.675
208.426 -12.075
208.680 -5.075
208.934 -3.675
209.188 4.925
209.442 6.125
209.696 0.525
209.950 -2.275
210.205 -4.876
210.459 -16.076
210.713 -19.476
210.967 -19.876
211.221 -17.076
211.475 -15.076
211.729 -17.476
211.983 -20.876
212.237 -19.476
212.491 -18.276
212.745 -16.276
212.999 -10.676
213.253 -5.676
213.507 -0.676
213.761 6.524
214.016 9.924
214.270 10.324
214.524 8.324
214.778 1.524
215.032 -3.876
215.286 -4.476
215.540 -6.476
215.794 -8.276
216.048 -5.476
216.302 -3.476
216.556 -8.677
216.810 -7.477
217.064 -1.077
217.318 6.723
217.572 3.923
217.827 4.323
218.081 2.323
218.335 -2.077
218.589 -10.277
218.843 -9.077
219.097 -3.877
219.351 1.323
219.605 7.123
219.859 7.123
220.113 -1.677
220.367 -8.877
220.621 -13.877
220.875 -21.277
221.129 -17.877
221.383 -2.277
221.638 1.123
221.892 -2.877
222.146 -1.677
222.400 -3.877
222.654 -15.678
222.908 -19.278
223.162 -9.078
223.416 -7.478
223.670 -16.078
223.924 -21.878
224.178 -13.878
224.432 -10.678
224.686 -6.278
224.940 -0.278
225.195 6.522
225.449 2.922
225.703 -4.078
225.957 -8.878
226.211 -4.878
226.465 -4.878
226.719 -4.878
226.973 -2.078
227.227 -2.278
227.481 -6.078
227.735 -4.078
227.989 -2.478
228.243 -7.278
228.497 -7.479
228.751 -2.279
229.006 -4.079
229.260 -8.879
229.514 -5.079
229.768 -8.279
230.022 -19.679
230.276 -23.679
230.530 -22.879
230.784 -21.279
231.038 -10.879
231.292 -1.679
231.546 -0.679
231.800 0.321
232.054 -2.679
232.308 -8.079
232.562 -5.879
232.817 5.921
233.071 5.121
233.325 -0.279
233.579 -4.079
233.833 -7.079
234.087 -14.479
234.341 -11.080
234.595 -1.680
234.849 -2.080
235.103 -7.080
235.357 -9.480
235.611 -12.680
235.865 -15.880
236.119 -10.880
236.373 -6.480
236.628 -0.480
236.882 5.320
237.136 10.520
237.390 12.720
237.644 14.920
237.898 6.920
238.152 -2.480
238.406 -10.680
238.660 -13.280
238.914 -16.080
239.168 -13.680
239.422 -6.280
239.676 -3.880
239.930 -5.480
240.184 0.319
240.439 6.919
240.693 7.319
240.947 6.119
241.201 4.119
241.455 -4.081
241.709 -12.081
241.963 -19.481
242.217 -22.481
242.471 -13.681
242.725 -9.681
242.979 -8.881
243.233 -1.681
243.487 2.319
243.741 -0.281
243.995 1.919
244.250 4.519
244.504 4.319
244.758 8.519
245.012 8.919
245.266 6.719
245.520 6.119
245.774 6.318
246.028 3.118
246.282 -5.282
246.536 -10.882
246.790 -13.482
247.044 -19.282
247.298 -20.882
247.552 -19.082
247.806 -12.082
248.061 -5.082
248.315 -0.482
248.569 2.118
248.823 1.918
249.077 -0.882
249.331 0.918
249.585 0.118
249.839 -3.482
250.093 -1.282
250.347 -2.482
250.601 -10.082
250.855 -13.482
251.109 -11.482
251.363 -9.683
251.617 -2.683
251.872 -1.883
252.126 -4.083
252.380 -12.683
252.634 -20.483
252.888 -21.283
253.142 -13.683
253.396 -6.883
253.650 -2.083
253.904 0.117
254.159 -3.283
254.413 -13.083
254.667 -20.683
254.922 -16.283
255.176 -6.083
255.431 -4.083
255.685 0.917
255.939 6.717
256.194 1.317
256.448 -4.883
256.702 -2.683
256.957 -5.884
257.211 -5.484
257.465 -0.084
257.720 -0.684
257.974 -3.084
258.228 -1.284
258.483 -7.084
258.737 -10.484
258.992 -9.484
259.246 -15.284
259.500 -21.884
259.755 -15.084
260.009 -14.884
260.263 -19.284
260.518 -12.484
260.772 -0.084
261.026 3.516
261.281 10.916
261.535 18.916
261.789 17.516
262.044 11.516
262.298 12.915
262.553 13.115
262.807 13.315
263.061 13.515
263.316 14.315
263.570 12.915
263.824 10.915
264.079 5.715
264.333 7.315
264.587 9.715
264.842 8.115
265.096 3.115
265.351 5.315
265.605 9.515
265.859 8.715
266.114 7.715
266.368 7.115
266.622 0.315
266.877 -9.885
267.131 -10.485
267.385 -8.086
267.640 -5.686
267.894 -1.486
268.148 2.114
268.403 -1.686
268.657 -5.686
268.912 -1.086
269.166 6.514
269.420 8.114
269.675 14.714
269.929 16.514
270.183 12.914
270.438 10.914
270.692 14.514
270.946 11.114
271.201 5.114
271.455 0.314
271.709 -6.886
271.964 -11.486
272.218 -5.486
272.473 -1.486
272.727 4.313
272.981 10.713
273.236 13.513
273.490 10.913
273.744 13.713
273.999 9.313
274.253 -1.887
274.507 -13.287
274.762 -25.287
275.016 -33.087
275.271 -31.487
275.525 -24.487
275.779 -11.487
276.034 -0.087
276.288 11.113
276.542 12.313
276.797 2.713
277.051 -4.887
277.305 -2.487
277.560 -6.087
277.814 -7.688
278.068 2.712
278.323 9.912
278.577 5.912
278.832 2.512
279.086 3.312
279.340 3.712
279.595 -3.288
279.849 -9.688
280.103 -9.488
280.358 -11.888
280.612 -18.088
280.866 -14.888
281.121 -11.088
281.375 -11.888
281.629 -8.288
281.884 4.912
282.138 8.512
282.393 8.712
282.647 14.911
282.901 19.311
283.156 14.711
283.410 7.911
283.664 4.311
283.919 -5.289
284.173 -12.689
284.427 -10.089
284.682 -8.689
284.936 -8.089
285.191 -6.289
285.445 -3.289
285.699 -4.489
285.954 -0.089
286.208 1.311
286.462 0.311
286.717 -3.689
286.971 -6.889
287.225 -6.289
287.480 -4.089
287.734 -3.690
287.988 -6.890
288.243 -12.690
288.497 -21.490
288.752 -23.890
289.006 -25.690
289.260 -19.490
289.515 -13.290
289.769 -9.090
290.023 -9.290
290.278 -2.290
290.532 -0.690
290.786 -4.090
291.041 -11.490
291.295 -16.690
291.549 -23.090
291.804 -23.290
292.058 -17.690
292.313 -4.690
292.567 2.909
292.821 5.709
293.076 1.309
293.330 0.709
293.584 2.109
293.839 2.909
294.093 8.909
294.347 14.109
294.602 11.309
294.856 0.309
295.111 -5.491
295.365 -5.691
295.619 -3.091
295.874 -1.291
296.128 -2.491
296.382 -0.691
296.637 -5.291
296.891 -12.291
297.145 -13.092
297.400 -9.892
297.654 -7.492
297.908 -3.092
298.163 -4.092
298.417 -2.092
298.672 3.908
298.926 5.108
299.180 5.308
299.435 12.108
299.689 9.308
299.943 3.908
300.198 2.308
300.452 -1.092
300.706 -8.092
300.961 -11.292
301.215 -13.692
301.469 -14.492
301.724 -18.092
301.978 -13.493
302.233 -10.093
302.487 -3.693
302.741 0.907
302.996 8.907
303.250 11.907
303.504 11.707
303.759 9.107
304.013 6.907
304.267 5.307
304.522 6.107
304.776 5.107
305.031 2.907
305.285 -4.693
305.539 -12.293
305.794 -17.693
306.048 -20.093
306.302 -19.293
306.557 -11.694
306.811 -4.694
307.065 2.506
307.320 8.706
307.574 14.306
307.828 17.306
308.083 15.706
308.337 7.706
308.592 1.906
308.846 -2.094
309.100 -3.294
309.355 -5.494
309.609 -5.094
309.863 -3.894
310.118 -1.294
310.372 -0.494
310.626 1.106
310.881 2.906
311.135 4.305
311.389 1.505
311.644 -0.095
311.898 0.305
312.153 -1.895
312.407 -2.295
312.661 1.105
312.916 1.905
313.170 4.705
313.429 7.505
313.688 4.305
313.947 -9.495
314.206 -9.495
314.465 -8.495
314.724 -13.295
314.983 -10.695
315.242 -5.695
315.501 -13.296
315.760 -16.096
316.019 -10.696
316.278 -10.096
316.536 -7.696
316.795 -8.696
317.054 -14.696
317.313 -16.696
317.572 -16.696
317.831 -16.096
318.090 -8.896
318.349 -0.096
318.608 4.304
318.867 8.104
319.126 11.704
319.385 8.904
319.644 6.704
319.903 7.303
320.162 3.903
320.421 2.703
320.680 7.103
320.939 5.903
321.198 -3.097
321.457 -1.097
321.716 4.103
321.975 4.503
322.234 -1.297
322.493 1.303
322.752 -2.497
323.010 -12.097
323.269 -17.297
323.528 -14.097
323.787 -11.897
324.046 -2.697
324.305 4.902
324.564 4.102
324.823 5.102
325.082 6.502
325.341 3.902
325.600 2.102
325.859 8.902
326.118 10.902
326.377 9.102
326.636 8.902
326.895 10.102
327.154 1.502
327.413 -2.098
327.672 -4.098
327.931 -13.098
328.190 -16.098
328.449 -8.498
328.708 -3.299
328.967 -5.099
329.226 -2.499
329.485 -1.499
329.743 -6.499
330.002 -11.899
330.261 -4.699
330.520 -1.299
330.779 -5.499
331.038 -13.099
331.297 -18.299
331.556 -25.699
331.815 -29.299
332.074 -28.499
332.333 -18.299
332.592 -7.099
332.851 0.101
333.110 5.500
333.369 10.700
333.628 12.300
333.887 9.700
334.146 3.900
334.405 -2.900
334.664 -6.700
334.923 -6.100
335.182 -3.900
335.441 -3.500
335.700 2.100
335.959 5.900
336.217 2.700
336.476 0.300
336.735 7.900
336.994 6.500
337.253 -4.101
337.512 -6.901
337.771 -8.901
338.030 -13.101
338.289 -11.501
338.548 -2.301
338.807 -0.901
339.066 0.099
339.325 -5.701
339.584 -12.301
339.843 -15.501
340.102 -16.901
340.361 -23.301
340.620 -23.501
340.879 -18.501
341.138 -14.101
341.397 -7.302
341.656 3.498
341.915 7.498
342.174 8.898
342.433 6.698
342.691 1.898
342.950 -0.502
343.209 1.098
343.468 2.098
343.727 1.098
343.986 4.098
344.245 4.498
344.504 5.898
344.763 2.898
345.022 1.298
345.281 -1.302
345.540 -4.903
345.799 -11.903
346.058 -12.103
346.317 -8.903
346.576 -9.703
346.835 -6.303
347.094 -2.103
347.353 -1.303
347.612 1.897
347.871 6.497
348.130 2.897
348.389 -1.303
348.648 -8.303
348.907 -10.903
349.166 -12.103
349.424 -12.704
349.683 -11.904
349.942 -3.704
350.201 -3.704
350.460 -8.504
350.719 -7.904
350.978 -0.504
351.237 -1.704
351.496 -8.704
351.755 -7.104
352.014 -6.104
352.273 -15.304
352.532 -24.704
352.791 -19.904
353.050 -17.504
353.309 -16.705
353.568 -13.905
353.827 -4.705
354.086 4.895
354.345 9.695
354.604 9.095
354.863 8.695
355.122 8.495
355.381 -2.105
355.640 -6.105
355.898 -6.105
356.157 -5.505
356.416 -2.305
356.675 -0.905
356.934 -9.305
357.193 -15.506
357.452 -22.306
357.711 -27.306
357.970 -24.706
358.229 -16.906
358.488 -8.306
358.747 2.494
359.006 4.094
359.265 6.094
359.524 7.094
359.783 2.294
360.042 -2.706
360.301 -4.306
360.560 -14.306
360.819 -17.106
361.078 -9.907
361.337 -2.307
361.596 6.293
361.855 19.093
362.114 22.293
362.372 19.893
362.631 19.293
362.890 15.293
363.149 9.493
363.408 5.693
363.667 1.893
363.926 -2.107
364.185 -1.907
364.444 -5.907
364.703 -6.307
364.962 -6.708
365.221 -14.708
365.480 -25.508
365.741 -22.508
366.002 -16.308
366.264 -10.708
366.525 -2.908
366.786 5.292
367.047 4.492
367.308 -3.108
367.570 -10.508
367.831 -14.908
368.092 -15.508
368.353 -19.708
368.614 -23.908
368.876 -24.709
369.137 -23.709
369.398 -24.109
369.659 -15.109
369.920 -4.709
370.182 2.891
370.443 8.291
370.704 9.691
370.965 1.291
371.226 -4.709
371.488 -10.709
371.749 -20.709
372.010 -25.109
372.271 -20.709
372.532 -18.510
372.794 -19.910
373.055 -17.510
373.316 -18.510
373.577 -21.910
373.838 -25.510
374.100 -25.510
374.361 -15.910
374.622 -11.710
374.883 -8.110
375.144 -2.710
375.406 1.290
375.667 -5.710
375.928 -4.910
376.189 -2.511
376.450 -4.111
376.712 -13.511
376.973 -14.511
377.234 -13.711
377.495 -9.511
377.756 -4.911
378.018 3.289
378.279 4.889
378.540 5.489
378.801 0.489
379.062 -5.911
379.324 -1.511
379.585 2.889
379.846 -1.512
380.107 -4.312
380.368 -0.312
380.630 0.688
380.891 2.488
381.152 6.688
381.413 6.088
381.674 1.688
381.936 1.288
382.197 1.488
382.458 0.088
382.719 -3.312
382.980 -5.912
383.242 -12.313
383.503 -17.513
383.764 -16.313
384.025 -10.713
384.286 -7.313
384.548 -4.713
384.809 -4.513
385.070 -5.713
385.331 -6.113
385.592 -4.713
385.854 -6.713
386.115 -6.713
386.376 -6.713
386.637 -10.713
386.898 -13.514
387.160 -12.314
387.421 -14.714
387.682 -19.114
387.943 -14.114
388.204 -14.714
388.466 -15.714
388.727 -6.514
388.988 2.486
389.249 6.686
389.510 14.686
389.772 15.686
390.033 7.086
390.294 3.285
390.555 -2.915
390.816 -7.115
391.078 -5.115
391.339 1.885
391.600 7.885
391.861 12.885
392.122 12.685
392.384 11.885
392.645 11.285
392.906 7.285
393.167 5.085
393.428 7.685
393.690 9.885
393.951 8.484
394.212 4.884
394.473 3.884
394.734 -2.516
394.996 -14.516
395.257 -20.916
395.518 -16.916
395.779 -17.916
396.040 -15.316
396.302 -5.916
396.563 -5.716
396.824 -12.916
397.085 -15.516
397.346 -14.317
397.608 -14.717
397.869 -12.517
398.130 -12.117
398.391 -10.917
398.652 -8.517
398.914 -10.917
399.175 -15.717
399.436 -12.317
399.697 -7.917
399.958 -14.117
400.220 -15.917
400.481 -8.518
400.742 -8.718
401.003 -14.718
401.264 -8.718
401.526 -4.518
401.787 -7.918
402.048 -9.718
402.309 -10.518
402.570 -16.518
402.832 -16.718
403.093 -14.318
403.354 -16.918
403.615 -13.518
403.876 -10.719
404.138 -15.519
404.399 -20.319
404.660 -19.519
404.931 -20.319
405.202 -17.919
405.473 -12.519
405.745 -4.119
406.016 0.481
406.287 -3.719
406.558 -9.319
406.829 -7.319
407.100 -7.519
407.371 -13.720
407.642 -24.320
407.914 -27.720
408.185 -30.320
408.456 -30.920
408.727 -20.920
408.998 -8.320
409.269 -6.320
409.540 -4.320
409.811 0.280
410.083 0.680
410.354 1.280
410.625 0.879
410.896 -1.921
411.167 -7.921
411.438 -15.121
411.709 -20.521
411.981 -18.121
412.252 -17.521
412.523 -25.521
412.794 -29.121
413.065 -24.721
413.336 -19.321
413.607 -16.921
413.878 -12.122
414.150 -6.722
414.421 -10.722
414.692 -23.122
414.963 -22.322
415.234 -17.322
415.505 -17.522
415.776 -15.722
416.047 -9.722
416.319 -15.122
416.590 -13.122
416.861 -5.322
417.132 2.077
417.403 3.677
417.674 5.877
417.945 -1.323
418.217 -10.723
418.488 -10.923
418.759 -2.523
419.030 1.477
419.301 2.477
419.572 3.677
419.843 4.077
420.114 -2.323
420.386 -4.724
420.657 -1.324
420.928 1.076
421.199 -3.324
421.470 -3.324
421.741 -4.524
422.012 -8.924
422.283 -14.124
422.555 -6.924
422.826 0.276
423.097 3.676
423.368 7.476
423.639 10.875
423.910 6.475
424.181 4.675
424.453 8.875
424.724 14.475
424.995 18.875
425.266 19.675
425.537 11.075
425.808 7.075
426.079 6.675
426.350 5.075
426.622 6.675
426.893 10.074
427.164 2.274
427.435 -5.526
427.706 -7.326
427.977 -9.926
428.248 -9.326
428.519 0.074
428.791 3.674
429.062 -1.326
429.333 -6.126
429.604 -1.726
429.875 -0.527
430.146 1.273
430.417 2.473
430.689 0.273
430.960 -8.127
431.231 -19.127
431.502 -23.927
431.773 -21.527
432.044 -16.127
432.315 -10.327
432.586 -3.927
432.858 -6.127
433.129 -11.528
433.400 -13.928
433.671 -15.128
433.942 -14.328
434.213 -14.128
434.484 -7.528
434.755 -0.928
435.027 -6.328
435.298 -19.128
435.569 -25.128
435.840 -28.928
436.114 -33.729
436.388 -30.729
436.663 -21.529
436.937 -8.929
437.211 1.071
437.485 4.471
437.759 5.071
438.034 7.671
438.308 5.071
438.582 -1.729
438.856 -4.129
439.130 -6.130
439.405 -6.530
439.679 -3.330
439.953 0.470
440.227 1.270
440.501 4.870
440.776 -1.530
441.050 -5.530
441.324 -3.930
441.598 -4.130
441.872 -7.130
442.147 6.469
442.421 11.869
442.695 5.069
442.969 7.869
443.244 12.069
443.518 4.669
443.792 -2.731
444.066 -2.331
444.340 -4.331
444.615 -8.531
444.889 -13.131
445.163 -11.332
445.437 -9.332
445.711 -7.532
445.986 -7.332
446.260 -8.532
446.534 -11.532
446.808 -13.332
447.082 -19.332
447.357 -23.332
447.631 -16.932
447.905 -10.733
448.179 -10.933
448.453 -8.533
448.728 0.867
449.002 0.667
449.276 -0.933
449.550 6.067
449.824 7.074
450.099 3.090
450.373 3.485
450.647 0.305
450.921 -6.083
451.195 -6.473
451.470 -6.266
451.744 -1.530
452.018 1.833
452.292 0.462
452.566 -2.089
452.841 -1.098
453.115 -4.073
453.389 2.195
453.663 12.002
453.937 15.744
454.212 10.464
454.486 8.891
454.760 4.180
455.034 -3.459
455.308 -5.021
455.583 2.218
455.857 -1.102
456.131 -10.684
456.405 -14.590
456.680 -10.683
456.954 -6.963
457.228 -2.472
457.502 3.785
457.776 3.390
458.051 -6.391
458.325 -15.593
458.599 -21.654
458.873 -26.564
459.147 -21.676
459.422 -12.280
459.696 -7.382
459.970 0.064
460.244 9.885
460.518 9.296
460.793 7.924
461.067 7.729
461.341 -0.740
461.615 -11.181
461.889 -9.800
462.164 -14.745
462.438 -20.684
462.712 -18.331
462.986 -8.649
463.260 -4.869
463.535 4.848
463.809 13.179
464.083 10.580
464.357 3.028
464.631 -4.334
464.906 -6.110
465.180 0.077
465.454 14.449
465.728 24.833
466.002 31.032
466.277 31.251
466.551 21.474
466.825 14.486
467.099 13.714
467.373 11.520
467.648 4.484
467.922 5.288
468.196 3.074
468.470 -6.985
468.744 -9.001
469.019 -4.169
469.293 -6.596
469.567 -12.859
469.841 -13.691
470.116 -16.928
470.390 -18.139
470.664 -20.363
470.938 -20.377
471.212 -21.767
471.487 -22.369
471.761 -24.185
472.035 -25.185
472.309 -22.340
472.583 -18.311
472.858 -15.279
473.132 -13.463
473.406 -8.415
473.680 -5.388
473.954 -0.146
474.229 2.672
474.503 1.468
474.777 1.871
475.051 2.076
475.325 -0.142
475.600 1.253
475.874 1.059
476.148 0.860
476.422 0.463
476.696 -1.329
476.971 -5.920
477.245 -6.707
477.519 -6.506
477.793 -11.054
478.067 -12.229
478.342 -11.422
478.616 -11.210
478.890 -8.059
479.164 -4.089
479.438 -6.625
479.713 -7.016
479.987 -6.416
480.261 -9.760
480.535 -11.319
480.809 -8.558
481.084 -7.182
481.358 -6.394
481.632 -10.089
481.906 -12.401
482.180 -8.310
482.455 -8.116
482.729 -8.889
483.003 -4.609
483.277 0.444
483.551 -2.081
483.826 -2.663
484.100 0.050
484.374 -2.462
484.648 -4.979
484.923 -7.104
485.197 -7.297
485.471 -15.608
485.745 -21.994
486.019 -21.991
486.294 -20.637
486.568 -21.217
486.842 -8.071
487.116 7.776
487.390 14.541
487.665 11.833
487.939 13.961
488.213 5.837
488.487 -4.985
488.761 -9.624
489.036 -9.248
489.310 -13.518
489.584 -10.030
489.858 -5.963
490.132 -4.994
490.407 0.829
490.681 5.686
490.955 8.222
491.229 8.612
491.503 4.718
491.778 0.432
492.052 -2.880
492.326 -9.507
492.600 -14.387
492.874 -12.639
493.149 -7.756
493.423 -10.501
493.697 -8.161
493.971 -9.158
494.245 -16.224
494.520 -25.642
494.794 -20.748
495.068 -17.608
495.342 -6.611
495.616 9.096
495.891 22.259
496.165 28.755
496.439 27.978
496.713 21.092
496.987 16.771
497.262 12.257
497.536 6.353
497.810 2.412
498.084 -3.104
498.359 -4.285
498.633 -4.875
498.907 -7.046
499.181 -7.050
499.455 -6.273
499.730 -13.768
500.004 -19.685
500.278 -25.016
500.552 -25.214
500.826 -21.069
501.101 -16.732
501.375 -14.172
501.649 -4.294
501.923 -2.716
502.197 -7.663
502.472 -6.875
502.746 -3.316
503.020 -8.853
503.294 -11.622
503.568 -7.074
503.843 -13.214
504.117 -20.937
504.391 -23.318
504.665 -24.109
504.939 -29.060
505.214 -32.010
505.488 -35.169
505.762 -32.393
506.036 -36.137
506.310 -41.052
506.585 -30.973
506.859 -21.280
507.133 -21.277
507.407 -16.730
507.681 -8.427
507.956 -3.703
508.230 -1.346
508.504 -2.512
508.778 -6.033
509.052 -6.603
509.327 -14.452
509.601 -15.640
509.875 -14.845
510.149 -13.031
510.423 -10.857
510.698 -11.414
510.972 -17.426
511.246 -15.473
511.520 -14.282
511.795 -12.918
512.069 -13.275
512.343 -13.805
512.617 -19.162
512.891 -19.318
513.166 -22.176
513.440 -19.281
513.714 -16.577
513.988 -15.011
514.262 -17.639
514.537 -16.285
514.811 -16.087
515.085 -19.095
515.359 -16.244
515.633 -8.283
515.908 -7.898
516.182 -10.723
516.456 -9.199
516.730 -9.198
517.004 -8.064
517.279 -5.801
517.553 -5.812
517.827 -5.627
518.101 -8.084
518.375 -13.750
518.650 -17.343
518.924 -11.860
519.198 -0.693
519.472 6.494
519.746 11.032
520.021 14.628
520.295 16.347
520.569 12.759
520.843 12.780
521.117 13.169
521.392 11.265
521.666 3.072
521.940 -7.044
522.214 -13.151
522.488 -9.689
522.763 -10.274
523.037 -7.617
523.311 -0.154
523.585 2.141
523.859 -4.385
524.134 1.205
524.408 2.739
524.682 1.392
524.956 0.810
525.231 1.384
525.505 -4.807
525.779 -8.107
526.053 -6.554
526.327 -2.472
526.602 1.025
526.876 -0.160
527.150 -2.128
527.424 -7.782
527.698 -10.503
527.973 -15.176
528.247 -15.770
528.521 -11.683
528.795 -8.174
529.069 -13.275
529.344 -14.462
529.618 -9.183
529.892 -6.440
530.166 -7.230
530.440 -2.913
530.715 4.953
530.989 8.694
531.263 8.500
531.537 6.717
531.811 0.201
532.086 -10.249
532.360 -19.515
532.634 -21.094
532.908 -16.550
533.182 -11.620
533.457 -5.101
533.731 2.209
534.005 1.415
534.279 -2.940
534.553 -4.730
534.828 -6.514
535.102 -9.086
535.376 -9.885
535.650 -6.717
535.924 3.402
536.199 -0.571
536.473 -16.825
536.747 -22.188
537.021 -22.188
537.295 -30.720
537.570 -23.771
537.844 -6.127
538.118 -4.135
538.392 -9.095
538.666 -12.072
538.941 -19.210
539.215 -20.997
539.489 -13.857
539.763 -13.451
540.038 -12.257
540.312 -9.480
540.586 -14.430
540.860 -17.203
541.134 -19.777
541.409 -23.126
541.683 -19.761
541.957 -11.845
542.231 -8.682
542.505 -1.356
542.780 3.189
543.054 0.426
543.328 -1.947
543.602 -3.527
543.876 -5.497
544.151 -4.306
544.425 -5.292
544.699 -6.867
544.973 -10.604
545.247 -11.781
545.522 -6.866
545.796 -2.146
546.070 1.982
546.351 10.832
546.632 17.321
546.912 11.040
547.193 5.936
547.474 1.618
547.755 -1.929
548.036 -5.664
548.317 -6.249
548.597 -3.110
548.878 -8.594
549.159 -17.591
549.440 -22.288
549.721 -19.545
550.001 -19.741
550.282 -15.038
550.563 -6.826
550.844 -3.106
551.125 -3.497
551.406 -6.821
551.686 -3.300
551.967 -4.083
552.248 -6.425
552.529 -7.597
552.810 -12.468
553.090 -22.634
553.371 -25.372
553.652 -21.270
553.933 -17.950
554.214 -10.146
554.495 -1.545
554.775 2.171
555.056 -1.746
555.337 -9.186
555.618 -12.321
555.899 -17.996
556.179 -24.851
556.460 -27.979
556.741 -27.777
557.022 -25.817
557.303 -20.534
557.584 -14.068
557.864 -9.181
558.145 -6.651
558.426 -8.242
558.707 -6.668
558.988 -6.074
559.268 -10.027
559.549 -8.663
559.830 1.199
560.111 7.700
560.392 6.321
560.673 11.646
560.953 15.001
561.234 10.465
561.515 1.791
561.796 0.407
562.077 3.176
562.357 3.576
562.638 1.605
562.919 -0.589
563.200 -2.394
563.481 -7.157
563.762 -9.738
564.042 -9.139
564.323 -2.570
564.604 3.606
564.885 9.777
565.166 10.375
565.446 12.961
565.727 8.178
566.008 -0.183
566.289 -6.949
566.570 -3.367
566.851 -2.160
567.131 2.832
567.412 7.603
567.693 11.794
567.974 5.994
568.255 -6.445
568.535 -17.692
568.816 -20.515
569.097 -25.140
569.378 -21.922
569.659 -14.676
569.940 -10.232
570.220 -8.210
570.501 -6.392
570.782 -8.597
571.063 -14.610
571.344 -17.024
571.624 -18.641
571.905 -20.466
572.186 -24.716
572.467 -18.305
572.748 -11.880
573.029 -13.130
573.309 -14.377
573.590 -12.797
573.871 -16.051
574.152 -16.863
574.433 -12.188
574.713 -6.298
574.994 4.041
575.275 7.496
575.556 5.278
575.837 8.707
576.118 7.692
576.398 4.662
576.679 3.243
576.960 -0.630
577.245 -11.579
577.531 -17.284
577.816 -19.505
578.102 -17.883
578.387 -8.521
578.672 -2.839
578.958 -2.839
579.243 -3.859
579.529 -1.024
579.814 -2.274
580.099 -3.051
580.385 -2.550
580.670 -4.933
580.956 -12.748
581.241 -15.756
581.526 -17.717
581.812 -11.724
582.097 -11.329
582.382 -7.747
582.668 -5.958
582.953 -2.979
583.239 -5.163
583.524 -5.536
583.809 -1.198
584.095 4.076
584.380 8.972
584.666 14.823
584.951 19.521
585.236 12.502
585.522 1.786
585.807 -5.021
586.093 -5.997
586.378 -5.021
586.663 -2.893
586.949 1.952
587.234 3.505
587.520 1.560
587.805 -1.937
588.090 -4.643
588.376 -7.737
588.661 -5.413
588.947 -1.742
589.232 3.089
589.517 3.867
589.803 0.391
590.088 -4.054
590.374 -9.470
590.659 -12.563
590.944 -10.433
591.230 -3.670
591.515 -2.897
591.800 -4.633
592.086 -4.443
592.371 -4.827
592.657 -3.671
592.942 3.085
593.227 6.169
593.513 5.398
593.798 8.289
594.084 6.554
594.369 4.046
594.654 7.125
594.940 7.125
595.225 7.896
595.511 9.823
595.796 6.742
596.081 -1.147
596.367 -4.226
596.652 -11.340
596.938 -16.535
597.223 -11.724
597.508 -3.460
597.794 4.809
598.079 13.460
598.365 15.001
598.650 8.463
598.935 2.121
599.221 -7.494
599.506 -18.274
599.792 -24.238
600.077 -21.934
600.362 -22.515
600.648 -20.209
600.933 -11.739
601.218 -3.277
601.504 -3.664
601.789 -5.783
602.075 -3.858
602.360 -0.971
602.645 -0.971
602.931 2.302
603.216 3.840
603.502 0.372
603.787 -1.741
604.072 1.349
604.358 -1.544
604.643 -0.388
604.929 3.274
605.214 6.367
605.499 4.245
605.785 2.696
606.070 -4.084
606.356 -8.923
606.641 -13.560
606.926 -17.239
607.212 -12.979
607.497 -1.738
607.783 6.409
608.068 7.966
608.353 6.984
608.639 4.459
608.924 -0.406
609.210 -5.853
609.495 -12.487
609.780 -9.962
610.066 -8.403
610.351 -10.758
610.636 -15.655
610.922 -16.061
611.207 -17.045
611.493 -13.314
611.778 -9.401
612.063 -7.261
612.349 -6.692
612.634 -5.715
612.920 -10.427
613.205 -10.231
613.490 -6.700
613.776 -3.164
614.061 -5.928
614.347 -7.901
614.632 -10.666
614.917 -8.492
615.203 -4.537
615.488 -0.987
615.774 1.776
616.059 7.916
616.344 8.915
616.630 2.365
616.915 1.172
617.201 3.561
617.486 -0.214
617.771 -2.996
618.057 1.380
618.342 0.177
618.627 -6.402
618.913 -7.202
619.198 -10.392
619.484 -14.991
619.769 -15.796
620.054 -12.004
620.340 -4.200
620.625 3.799
620.911 5.394
621.196 7.388
621.481 7.589
621.767 0.781
622.052 -4.834
622.338 -8.259
622.623 -11.682
622.908 -10.473
623.194 -7.654
623.479 -8.867
623.765 -8.487
624.050 -10.318
624.335 -14.957
624.621 -17.576
624.906 -16.369
625.192 -13.749
625.477 -5.672
625.762 -3.861
626.048 -12.778
626.333 -22.912
626.619 -21.097
626.904 -21.294
627.189 -20.893
627.475 -16.250
627.760 -5.310
628.045 -5.727
628.331 -6.538
628.616 -3.888
628.902 -1.657
629.187 3.853
629.472 4.467
629.758 -4.275
630.043 -8.950
630.329 -7.921
630.614 -9.194
630.899 -4.161
631.185 3.369
631.470 4.218
631.756 2.648
632.041 -4.549
632.326 -10.341
632.612 -11.305
632.897 -11.062
633.183 -0.907
633.468 2.452
633.753 -4.240
634.039 -3.439
634.324 4.609
634.610 -5.049
634.895 -6.563
635.180 3.588
635.466 4.916
635.751 -0.992
636.037 -3.730
636.322 -8.698
636.607 -14.822
636.893 -18.692
637.178 -16.313
637.463 -8.384
637.749 -4.646
638.034 -0.948
638.320 2.906
638.605 -2.735
638.890 -8.555
639.176 -7.631
639.461 -12.500
639.747 -7.990
640.032 -0.585
640.317 0.508
640.603 -0.027
640.888 6.470
641.174 3.039
641.459 -0.207
641.744 2.677
642.030 1.228
642.315 -3.475
642.601 -2.381
642.886 -2.740
643.171 -6.722
643.457 -5.471
643.742 -2.033
644.028 -6.569
644.313 -6.565
644.598 -4.941
644.884 -5.322
645.169 -5.872
645.455 5.478
645.740 7.318
646.025 9.515
646.311 14.465
646.596 17.223
646.881 9.167
647.167 8.263
647.452 1.789
647.738 -7.284
648.023 -10.426
648.308 -13.577
648.594 -16.732
648.879 -6.143
649.165 0.161
649.450 5.013
649.735 10.985
650.021 10.414
650.306 4.444
650.592 4.252
650.877 2.207
651.162 -1.528
651.448 -2.862
651.733 -1.923
652.019 -0.038
652.304 0.730
652.589 -1.731
652.875 4.698
653.160 9.831
653.446 13.454
653.731 8.134
654.016 7.363
654.302 -0.449
654.587 -15.524
654.873 -26.018
655.158 -22.970
655.443 -18.384
655.729 -16.302
656.014 -3.278
656.299 6.696
656.585 6.311
656.870 1.302
657.156 5.153
657.441 3.427
657.726 -1.781
658.012 -3.723
658.297 -2.186
658.583 -2.956
658.868 -1.002
659.153 -0.619
659.439 4.049
659.724 6.772
660.010 5.213
660.295 -2.195
660.580 -4.348
660.866 -5.510
661.151 -3.937
661.437 -3.160
661.722 -1.610
662.007 4.467
662.293 7.621
662.578 5.665
662.864 5.859
663.149 9.397
663.434 5.859
663.720 1.331
664.005 1.530
664.290 7.072
664.576 12.431
664.861 14.015
665.147 14.809
665.432 12.827
665.717 5.494
666.003 -4.825
666.288 -9.593
666.574 -11.582
666.859 -6.008
667.144 -4.420
667.430 -0.843
667.715 3.136
668.001 0.538
668.286 -0.048
668.571 4.950
668.857 3.149
669.142 1.950
669.428 5.942
669.713 -1.058
669.998 -4.255
670.284 -2.256
670.569 -3.261
670.855 -7.273
671.140 -7.480
671.425 -5.673
671.711 -6.478
671.996 -9.697
672.282 -8.703
672.567 -4.085
672.852 -3.469
673.138 -1.254
673.423 -1.868
673.708 -9.535
673.994 -19.815
674.279 -28.284
674.565 -31.516
674.850 -31.937
675.135 -25.494
675.421 -17.027
675.706 -14.812
675.992 -13.599
676.277 -6.729
676.562 -0.260
676.848 3.788
677.133 13.494
677.419 20.388
677.704 21.812
677.989 16.946
678.275 10.868
678.560 6.633
678.846 -1.886
679.131 -3.511
679.416 1.364
679.702 1.560
679.987 -6.369
680.273 -0.476
680.558 0.137
680.843 -10.653
681.129 -12.484
681.414 -8.823
681.700 -12.690
681.985 -19.009
682.270 -16.781
682.556 -21.683
682.841 -25.553
683.126 -26.164
683.412 -22.087
683.697 -19.226
683.983 -10.664
684.268 -3.126
684.553 -5.580
684.839 -8.847
685.124 -10.682
685.410 -8.034
685.695 -2.742
685.980 8.274
686.266 19.083
686.551 27.238
686.837 21.939
687.122 14.811
687.407 7.675
687.693 -1.090
687.978 -6.590
688.264 -2.921
688.549 3.595
688.834 9.488
689.120 16.408
689.405 24.737
689.691 29.400
689.976 24.706
690.261 13.329
690.547 3.572
690.832 -13.056
691.118 -29.677
691.403 -31.504
691.688 -21.373
691.974 -10.029
692.259 6.980
692.544 20.953
692.830 21.558
693.115 18.726
693.401 17.098
693.686 13.045
693.971 11.225
694.257 14.654
694.542 14.244
694.828 11.618
695.113 18.282
695.398 18.883
695.684 9.010
695.969 8.603
696.255 13.815
696.540 12.365
696.834 19.390
697.127 32.260
697.421 35.063
697.715 33.451
698.008 31.638
698.302 28.820
698.596 30.000
698.889 29.590
699.183 24.574
699.477 20.556
699.771 21.732
700.064 17.510
700.358 19.300
700.652 29.287
700.945 41.075
701.239 45.459
701.533 47.245
701.826 45.833
702.120 41.823
702.414 38.795
702.707 36.373
703.001 38.558
703.295 43.320
703.588 46.471
703.882 49.419
704.176 52.369
704.469 56.304
704.763 59.063
705.057 63.984
705.351 62.349
705.644 64.715
705.938 66.275
706.232 64.667
706.525 65.260
706.819 69.034
707.113 62.661
707.406 60.063
707.700 63.205
707.994 59.408
708.287 57.585
708.581 63.126
708.875 63.323
709.168 64.283
709.462 69.596
709.756 73.725
710.049 81.391
710.343 89.454
710.637 95.548
710.931 100.830
711.224 102.979
711.518 107.663
711.812 110.576
712.105 110.576
712.399 112.741
712.693 113.332
712.986 108.804
713.280 110.748
713.574 118.405
713.867 118.428
714.161 122.518
714.455 125.840
714.748 129.407
715.042 136.493
715.336 149.068
715.629 155.649
715.923 164.793
716.217 174.636
716.511 176.677
716.804 173.002
717.098 180.300
717.392 188.625
717.685 196.482
717.979 197.741
718.273 204.723
718.566 213.588
718.860 218.068
719.154 215.273
719.447 226.338
719.741 241.489
720.035 252.437
720.328 266.892
720.622 283.419
720.916 294.253
721.209 297.632
721.503 299.058
721.797 300.691
722.091 307.109
722.384 312.340
722.678 320.758
722.972 331.175
723.265 343.999
723.559 354.444
723.853 364.099
724.146 372.558
724.440 378.638
724.734 383.988
725.027 391.856
725.321 411.731
725.615 431.006
725.908 443.117
726.202 456.423
726.496 473.707
726.789 481.707
727.083 484.107
727.377 500.595
727.671 515.288
727.964 522.888
728.258 536.604
728.552 555.236
728.845 568.590
729.139 577.742
729.433 593.793
729.726 605.791
730.020 614.984
730.314 624.339
730.607 633.694
730.901 643.856
731.195 651.824
731.488 665.833
731.782 680.835
732.076 701.815
732.369 723.142
732.663 748.632
732.957 776.398
733.251 800.014
733.544 825.742
733.838 846.622
734.132 857.862
734.425 872.898
734.719 896.476
735.013 914.191
735.306 922.846
735.600 944.180
735.894 955.070
736.187 958.696
736.481 963.928
736.775 982.104
737.068 1000.919
737.362 1016.711
737.656 1038.185
737.949 1065.810
738.243 1095.705
738.537 1120.924
738.831 1154.478
739.124 1184.273
739.418 1212.021
739.712 1239.726
740.005 1268.358
740.299 1299.271
740.593 1326.228
740.886 1347.205
741.180 1363.641
741.474 1373.087
741.767 1387.422
742.061 1418.719
742.355 1451.617
742.648 1486.097
742.942 1525.069
743.236 1558.526
743.529 1576.527
743.823 1595.461
744.117 1629.932
744.411 1668.905
744.704 1700.274
744.998 1738.389
745.292 1787.441
745.585 1826.077
745.879 1858.579
746.173 1897.620
746.466 1939.875
746.760 1968.950
747.054 1987.782
747.347 2015.654
747.641 2049.080
747.935 2083.579
748.228 2124.695
748.522 2175.223
748.816 2219.797
749.109 2254.996
749.403 2293.394
749.697 2340.559
749.991 2380.609
750.284 2420.033
750.578 2471.397
750.872 2525.944
751.165 2570.380
751.459 2616.923
751.753 2673.756
752.046 2729.278
752.340 2775.141
752.634 2823.502
752.927 2874.492
753.221 2922.180
753.515 2971.922
753.808 3026.602
754.102 3070.811
754.396 3119.923
754.689 3175.770
754.983 3227.498
755.277 3268.167
755.571 3328.712
755.864 3385.342
756.158 3426.719
756.452 3475.093
756.745 3526.766
757.039 3562.289
757.333 3614.138
757.626 3677.894
757.920 3734.298
758.214 3802.264
758.507 3881.726
758.801 3939.715
759.095 3989.158
759.388 4048.993
759.682 4107.670
759.976 4153.670
760.269 4213.436
760.563 4279.556
760.857 4342.368
761.151 4396.616
761.444 4457.875
761.738 4502.474
762.032 4542.432
762.325 4573.567
762.619 4614.436
762.913 4650.272
763.206 4679.255
763.500 4715.713
763.798 4752.114
764.097 4770.134
764.395 4798.166
764.693 4842.823
764.992 4876.819
765.290 4906.169
765.588 4939.558
765.887 4952.159
766.185 4950.942
766.483 4955.418
766.782 4956.452
767.080 4945.744
767.378 4955.084
767.677 4969.890
767.975 4968.295
768.273 4966.093
768.571 4971.574
768.870 4969.562
769.168 4962.908
769.466 4948.059
769.765 4932.012
770.063 4920.218
770.361 4893.938
770.660 4858.463
770.958 4830.520
771.256 4800.934
771.555 4764.623
771.853 4725.348
772.151 4683.074
772.450 4643.611
772.748 4590.733
773.046 4532.966
773.345 4477.292
773.643 4418.577
773.941 4358.186
774.240 4312.125
774.538 4261.592
774.836 4192.651
775.135 4126.003
775.433 4056.778
775.731 3980.143
776.030 3900.628
776.328 3832.423
776.626 3770.342
776.925 3701.988
777.223 3627.002
777.521 3545.782
777.819 3462.786
778.118 3374.150
778.416 3286.674
778.714 3202.662
779.013 3131.888
779.311 3064.598
779.609 2995.452
779.908 2922.840
780.206 2852.929
780.504 2771.377
780.803 2685.279
781.101 2612.714
781.399 2543.145
781.698 2465.878
781.996 2396.584
782.294 2336.742
782.593 2263.009
782.891 2185.319
783.189 2115.012
783.488 2050.335
783.786 1974.952
784.084 1908.285
784.383 1842.827
784.681 1784.989
784.979 1717.282
785.278 1654.506
785.576 1589.094
785.874 1535.374
786.173 1470.903
786.471 1417.203
786.769 1372.918
787.068 1327.211
787.366 1283.383
787.664 1242.144
787.962 1195.551
788.261 1154.536
788.559 1120.127
788.857 1078.763
789.156 1043.033
789.454 1009.234
789.752 968.921
790.051 931.205
790.349 901.315
790.647 868.166
790.946 841.381
791.244 815.451
791.542 785.502
791.841 757.745
792.139 733.995
792.437 705.293
792.736 671.215
793.034 640.410
793.332 610.911
793.631 583.632
793.929 558.719
794.227 544.586
794.526 526.885
794.824 503.018
795.122 483.019
795.421 462.985
795.719 437.869
796.017 425.966
796.316 420.178
796.614 405.431
796.912 397.305
797.211 395.151
797.509 376.149
797.807 354.437
798.105 342.777
798.404 328.897
798.702 309.674
799.000 300.167
799.299 280.805
799.597 258.980
799.895 242.414
800.194 235.311
800.492 224.014
800.790 220.158
801.089 212.689
801.387 201.931
801.685 191.986
801.984 181.735
802.282 172.080
802.580 166.559
802.879 164.636
803.177 156.492
803.475 154.385
803.774 156.900
804.072 151.829
804.370 138.490
804.669 132.746
804.967 125.253
805.265 117.200
805.564 115.698
805.862 121.624
806.160 112.178
806.459 109.226
806.757 106.410
807.055 100.546
807.353 88.420
807.652 91.567
807.950 88.041
808.248 78.905
808.547 73.625
808.845 75.946
809.143 72.816
809.442 75.101
809.740 79.527
810.038 78.088
810.337 68.161
810.635 54.090
810.933 43.115
811.232 38.049
811.530 40.580
811.831 43.730
812.132 53.270
812.432 51.599
812.733 47.298
813.034 40.309
813.335 30.361
813.636 22.641
813.936 23.853
814.237 20.332
814.538 17.005
814.839 22.390
815.140 24.664
815.440 24.958
815.741 29.261
816.042 36.283
816.343 48.296
816.644 47.658
816.945 39.072
817.245 34.812
817.546 32.794
817.847 21.945
818.148 20.814
818.449 26.927
818.749 26.690
819.050 21.250
819.351 16.034
819.652 13.752
819.953 8.993
820.253 8.744
820.554 4.906
820.855 5.583
821.156 11.641
821.457 19.921
821.757 21.258
822.058 29.768
822.359 31.320
822.660 22.786
822.961 9.798
823.261 4.411
823.562 1.930
823.863 4.814
824.164 11.244
824.465 18.342
824.765 11.286
825.066 1.346
825.367 -3.106
825.668 -1.203
825.969 -3.654
826.269 4.494
826.570 12.394
826.871 12.821
827.172 0.615
827.473 -10.872
827.774 -14.777
828.074 -16.304
828.375 -12.239
828.676 -2.107
828.977 7.419
829.278 15.357
829.578 15.777
829.879 9.990
830.180 8.019
830.481 9.930
830.782 6.076
831.082 5.436
831.383 9.015
831.684 6.041
831.985 -3.604
832.286 -10.092
832.586 -13.215
832.887 -13.659
833.188 -12.835
833.489 -5.091
833.790 0.746
834.090 3.660
834.391 -4.164
834.692 -6.224
834.993 -9.490
835.294 -16.637
835.594 -20.499
835.895 -18.814
836.196 -20.218
836.497 -19.161
836.798 -13.633
837.099 -15.765
837.399 -14.508
837.700 -13.870
838.001 -15.207
838.302 -20.316
838.603 -24.755
838.903 -25.712
839.204 -28.273
839.505 -25.511
839.806 -19.795
840.107 -17.364
840.407 -18.045
840.708 -15.718
841.009 -15.746
841.310 -16.987
841.611 -4.678
841.911 4.513
842.212 3.609
842.513 5.252
842.814 10.891
843.115 4.661
843.415 -5.214
843.716 -0.135
844.017 4.420
844.318 2.809
844.619 3.842
844.919 8.539
845.220 2.630
845.521 -6.781
845.822 -10.525
846.123 -9.427
846.423 -7.178
846.724 -1.614
847.025 2.601
847.326 -1.958
847.627 -2.640
847.928 -0.348
848.228 -1.237
848.529 -0.783
848.830 1.678
849.131 4.422
849.432 4.681
849.732 0.111
850.033 -0.346
850.334 2.629
850.635 -6.047
850.936 -14.726
851.236 -20.398
851.537 -20.399
851.838 -15.860
852.139 -9.927
852.440 -6.055
852.740 -4.845
853.041 -8.452
853.342 -10.511
853.643 -14.553
853.944 -19.251
854.244 -17.595
854.545 -19.966
854.846 -27.076
855.147 -24.348
855.448 -16.132
855.748 -6.616
856.049 5.472
856.350 12.950
856.651 14.720
856.952 5.608
857.253 2.973
857.553 0.496
857.854 -1.253
858.155 -2.520
858.456 -0.082
858.757 -3.244
859.057 -9.381
859.358 -11.474
859.659 -9.790
859.960 -2.916
860.261 -1.830
860.561 -5.242
860.862 -12.541
861.163 -15.997
861.464 -22.737
861.765 -26.137
862.065 -25.411
862.366 -25.616
862.667 -30.310
862.968 -27.477
863.269 -23.624
863.569 -21.168
863.870 -14.945
864.171 -5.255
864.472 -8.355
864.773 -12.013
865.073 -7.337
865.374 -4.978
865.675 -9.613
865.976 -5.546
866.277 2.343
866.577 -1.870
866.878 -3.951
867.179 -0.510
867.480 -3.911
867.781 -9.405
868.082 -5.435
868.382 -3.342
868.683 -4.660
868.984 1.146
869.285 2.654
869.586 2.084
869.886 3.940
870.187 -0.303
870.488 -11.390
870.789 -14.143
871.090 -16.914
871.390 -17.107
871.691 -13.589
871.992 -10.643
872.293 -15.784
872.594 -15.230
872.894 -16.702
873.195 -16.878
873.496 -10.990
873.797 1.486
874.098 4.961
874.398 4.960
874.699 6.423
875.000 4.959
875.301 -1.245
875.602 -7.074
875.902 -8.346
876.203 -7.800
876.504 -9.621
876.805 -9.073
877.106 -9.801
877.407 -8.711
877.707 -12.164
878.008 -10.704
878.309 -6.339
878.610 -2.701
878.911 -6.500
879.211 -4.319
879.512 -1.051
879.813 -3.234
880.114 -1.784
880.415 6.192
880.715 8.184
881.016 5.097
881.317 1.110
881.618 -2.520
881.919 -7.789
882.219 -12.149
882.520 -12.331
882.821 -1.469
883.122 4.695
883.423 11.753
883.723 19.558
884.024 19.739
884.325 14.311
884.626 12.315
884.927 6.709
885.227 0.727
885.528 -0.718
885.829 -4.340
886.130 -3.979
886.431 -2.351
886.731 -1.086
887.032 -2.732
887.333 -6.908
887.634 -8.717
887.935 -8.898
888.236 -9.803
888.536 -7.616
888.837 -3.984
889.138 -6.883
889.439 -9.421
889.740 -7.794
890.040 -10.887
890.341 -12.345
890.642 -10.720
890.943 -7.092
891.244 -6.908
891.544 -7.090
891.845 -10.362
892.146 -10.721
892.447 -11.989
892.748 -14.355
893.048 -7.820
893.349 3.636
893.650 5.084
893.951 3.444
894.252 3.076
894.552 -0.204
894.853 -3.487
895.154 -3.123
895.455 -6.243
895.756 -5.706
896.056 -0.012
896.357 1.833
896.658 -0.748
896.959 0.709
897.260 -2.063
897.561 -9.073
897.861 -13.682
898.162 -12.397
898.463 -7.597
898.764 -2.059
899.065 2.385
899.365 1.447
899.666 2.928
899.967 4.451
900.268 3.902
900.569 0.915
900.869 -0.615
901.170 -1.925
901.471 -2.098
901.772 -1.721
902.073 1.094
902.373 3.527
902.674 5.974
902.975 2.219
903.276 -0.233
903.577 -3.075
903.877 -3.283
904.178 -1.370
904.479 -6.322
904.780 -9.588
905.081 -8.070
905.381 -9.416
905.682 -13.224
905.983 -9.419
906.284 -1.955
906.585 7.832
906.885 21.296
907.186 26.487
907.487 30.530
907.788 30.551
908.089 21.728
908.390 10.924
908.690 7.467
908.991 3.604
909.292 5.360
909.593 7.897
909.894 13.944
910.194 18.449
910.495 25.488
910.796 34.178
911.097 44.775
911.398 42.651
911.698 38.949
911.999 35.245
912.300 21.898
912.607 10.960
912.915 8.206
913.222 13.571
913.529 15.972
913.837 21.947
914.144 27.931
914.451 34.500
914.759 31.353
915.066 33.171
915.374 34.394
915.681 32.245
915.988 36.134
916.296 39.398
916.603 42.094
916.910 42.151
917.218 40.188
917.525 38.876
917.832 38.921
918.140 39.383
918.447 51.230
918.754 57.780
919.062 59.030
919.369 60.289
919.677 58.105
919.984 47.801
920.291 41.916
920.599 45.641
920.906 56.862
921.213 60.388
921.521 61.246
921.828 66.663
922.135 59.969
922.443 57.067
922.750 63.685
923.057 66.214
923.365 73.899
923.672 87.603
923.980 87.484
924.287 90.264
924.594 101.055
924.902 106.214
925.209 110.307
925.516 114.782
925.824 113.057
926.131 112.968
926.438 112.574
926.746 112.680
927.053 120.710
927.360 135.049
927.668 142.764
927.975 148.583
928.283 145.797
928.590 137.026
928.897 128.225
929.205 127.059
929.512 127.993
929.819 135.342
930.127 138.694
930.434 138.585
930.741 142.439
931.049 144.924
931.356 137.466
931.663 139.939
931.971 144.732
932.278 143.047
932.586 142.896
932.893 150.760
933.200 153.921
933.508 153.525
933.815 148.418
934.122 147.743
934.430 146.555
934.737 148.949
935.044 151.409
935.352 158.124
935.659 157.252
935.966 161.600
936.274 159.692
936.581 154.160
936.889 155.006
937.196 158.233
937.503 154.488
937.811 149.848
938.118 156.712
938.425 157.417
938.733 158.006
939.040 158.994
939.347 159.347
939.655 155.934
939.962 156.558
940.269 156.600
940.577 161.110
940.884 172.271
941.191 178.738
941.499 184.703
941.806 186.077
942.114 178.414
942.421 170.120
942.728 160.661
943.036 143.886
943.343 134.242
943.650 137.251
943.958 136.995
944.265 140.043
944.572 148.194
944.880 154.675
945.187 157.167
945.494 149.321
945.802 141.451
946.109 138.783
946.417 133.136
946.724 122.396
947.031 126.739
947.339 131.651
947.646 121.103
947.953 112.514
948.261 110.946
948.568 108.738
948.875 99.803
949.183 101.170
949.490 106.857
949.797 108.831
950.105 108.097
950.412 111.429
950.720 106.796
951.027 95.656
951.334 86.485
951.642 79.061
951.949 76.095
952.256 75.047
952.564 69.428
952.871 66.172
953.178 66.181
953.486 58.202
953.793 59.837
954.100 69.435
954.408 76.403
954.715 79.599
955.023 82.832
955.330 79.168
955.637 75.501
955.945 70.063
956.252 61.478
956.559 60.641
956.867 65.686
957.174 65.455
957.481 61.700
957.789 61.776
958.096 60.095
958.403 49.389
958.711 38.861
959.018 33.912
959.326 31.638
959.633 30.231
959.940 29.526
960.248 32.563
960.555 35.391
960.862 41.036
961.170 46.270
961.477 53.436
961.784 58.673
962.092 61.666
962.399 59.632
962.706 57.466
963.014 54.294
963.321 49.008
963.629 46.341
963.936 45.361
964.243 42.999
964.551 41.646
964.858 46.783
965.165 48.242
965.473 40.895
965.780 38.153
966.092 36.369
966.404 32.410
966.716 29.363
967.028 31.923
967.340 29.596
967.652 25.089
967.964 22.062
968.276 19.480
968.588 17.109
968.900 17.295
969.212 20.235
969.524 16.200
969.836 10.692
970.148 11.940
970.460 16.619
970.772 15.777
971.084 17.463
971.396 23.381
971.708 22.310
972.020 7.892
972.332 -2.254
972.644 -0.571
972.956 -0.576
973.268 3.813
973.580 20.255
973.892 28.462
974.204 23.825
974.516 21.505
974.828 11.207
975.140 -2.284
975.452 -9.230
975.764 -11.548
976.076 -9.638
976.388 -5.008
976.700 -4.372
977.012 1.530
977.324 8.694
977.636 11.194
977.948 19.802
978.260 22.525
978.572 16.425
978.884 12.836
979.196 8.424
979.508 1.089
979.820 -1.015
980.132 -3.575
980.444 -0.825
980.756 -0.824
981.068 -6.959
981.380 -4.202
981.692 2.770
982.004 4.059
982.316 4.057
982.628 5.962
982.940 7.873
983.252 8.932
983.564 7.654
983.876 12.124
984.188 11.069
984.500 7.245
984.812 7.674
985.124 5.119
985.436 -0.841
985.748 4.465
986.060 5.961
986.372 5.317
986.684 2.547
986.996 1.906
987.308 4.039
987.620 -0.225
987.932 -4.917
988.244 -1.938
988.556 0.190
988.868 -4.929
989.180 0.178
989.492 5.512
989.804 5.727
990.116 5.086
990.428 1.886
990.740 -4.506
991.052 -6.429
991.364 -8.357
991.676 -11.354
991.988 -10.710
992.300 -7.305
992.612 -3.907
992.924 -7.351
993.236 -7.124
993.548 -1.168
993.860 4.144
994.172 5.200
994.484 10.137
994.796 7.150
995.108 -0.308
995.420 -11.429
995.732 -22.547
996.044 -33.670
996.356 -29.425
996.668 -24.091
996.980 -22.569
997.292 -20.633
997.604 -15.068
997.916 -13.996
998.228 -9.048
998.540 0.372
998.852 7.459
999.164 12.155
999.476 12.583
999.788 7.849
1000.100 2.051
1000.412 -6.126
1000.724 -5.917
1001.036 -10.435
1001.348 -15.391
1001.660 -11.719
1001.972 -3.535
1002.284 -3.970
1002.596 -5.503
1002.908 -10.085
1003.220 -19.154
1003.532 -28.863
1003.844 -28.645
1004.156 -18.700
1004.468 -9.373
1004.780 -0.963
1005.092 4.641
1005.404 5.284
1005.716 4.180
1006.028 3.092
1006.340 1.582
1006.652 8.258
1006.964 9.333
1007.276 7.614
1007.588 9.560
1007.900 5.897
1008.212 -10.389
1008.524 -9.965
1008.836 -11.689
1009.148 -12.785
1009.460 -7.634
1009.772 4.537
1010.084 -1.679
1010.396 -1.891
1010.708 -1.269
1011.020 1.035
1011.332 1.658
1011.644 4.054
1011.956 -1.618
1012.268 -13.570
1012.580 -27.895
1012.892 -30.004
1013.204 -28.113
1013.516 -27.041
1013.828 -24.064
1014.140 -17.933
1014.452 -20.418
1014.764 -22.901
1015.076 -16.016
1015.388 -5.234
1015.700 1.608
1016.012 4.507
1016.324 4.541
1016.636 -1.027
1016.948 -2.888
1017.260 -7.611
1017.572 -7.613
1017.884 -1.461
1018.196 3.892
1018.508 2.254
1018.820 4.092
1019.132 2.049
1019.444 -1.850
1019.756 -1.865
1020.068 -0.249
1020.380 -2.077
1020.692 0.975
1021.004 -1.059
1021.316 -10.799
1021.628 -18.916
1021.940 -18.507
1022.252 -19.320
1022.564 -17.089
1022.876 -12.010
1023.188 -9.364
1023.500 -11.981
1023.812 -16.648
1024.124 -22.925
1024.436 -21.319
1024.748 -18.484
1025.060 -18.077
1025.372 -20.845
1025.684 -10.948
1025.996 0.960
1026.308 10.263
1026.620 13.070
1026.932 14.628
1027.244 15.042
1027.556 5.767
1027.868 -5.759
1028.180 -4.953
1028.492 -0.893
1028.804 -4.331
1029.116 -3.335
1029.428 -3.899
1029.740 -2.900
1030.052 -5.891
1030.364 -9.301
1030.676 -10.311
1030.988 -8.313
1031.300 -16.089
1031.612 -17.916
1031.924 -18.692
1032.236 -21.289
1032.548 -15.919
1032.860 -5.977
1033.172 3.240
1033.484 7.417
1033.796 11.611
1034.108 9.831
1034.420 6.457
1034.732 1.454
1035.044 1.452
1035.356 0.649
1035.668 0.246
1035.980 -0.556
1036.292 -5.159
1036.604 -14.362
1036.916 -22.564
1037.228 -21.567
1037.540 -17.370
1037.852 -9.572
1038.164 4.225
1038.476 12.622
1038.788 11.219
1039.100 7.817
1039.412 8.014
1039.724 6.011
1040.036 3.809
1040.348 7.006
1040.660 14.003
1040.972 15.600
1041.284 11.198
1041.596 9.995
1041.908 -4.008
1042.220 -20.211
1042.532 -23.414
1042.844 -22.616
1043.156 -22.219
1043.468 -16.622
1043.780 -11.025
1044.092 -10.828
1044.404 -12.631
1044.716 -13.233
1045.028 -14.636
1045.340 -12.239
1045.652 -9.642
1045.964 -8.445
1046.276 -12.848
1046.588 -11.251
1046.900 -5.854
1047.212 -2.656
1047.524 -2.459
1047.836 -0.862
1048.148 -1.065
1048.460 -6.468
1048.772 -14.671
1049.084 -15.474
1049.396 -12.677
1049.708 -11.680
1050.020 -22.483
1050.332 -24.286
1050.644 -18.289
1050.956 -14.692
1051.268 -11.495
1051.580 -6.898
1051.892 -8.701
1052.204 -16.304
1052.516 -23.307
1052.828 -32.510
1053.140 -30.713
1053.452 -25.516
1053.764 -23.319
1054.076 -21.522
1054.388 -15.325
1054.700 -12.129
1055.012 -7.932
1055.324 -3.135
1055.636 -1.138
1055.948 -1.941
1056.260 -4.144
1056.572 -6.747
1056.884 -8.550
1057.196 -11.354
1057.508 -10.557
1057.820 -7.560
1058.132 -7.363
1058.444 -2.166
1058.756 7.230
1059.068 11.027
1059.380 14.224
1059.692 12.821
1060.004 3.818
1060.316 -0.586
1060.628 0.211
1060.940 -0.592
1061.252 -3.595
1061.564 -5.999
1061.876 -9.802
1062.188 -9.605
1062.500 -8.009
1062.812 -2.612
1063.124 3.585
1063.436 6.981
1063.748 0.178
1064.060 -3.425
1064.372 -2.029
1064.684 -4.632
1064.996 -1.435
1065.308 7.761
1065.620 8.558
1065.932 4.755
1066.244 3.751
1066.556 -0.852
1066.868 -7.256
1067.180 -6.259
1067.492 -3.463
1067.804 -0.666
1068.116 2.330
1068.428 5.327
1068.740 2.924
1069.052 1.520
1069.364 0.117
1069.676 -2.687
1069.988 0.110
1070.300 1.506
1070.612 1.302
1070.924 4.699
1071.236 13.295
1071.548 12.092
1071.860 9.688
1072.172 8.685
1072.484 1.281
1072.796 -11.523
1073.108 -14.326
1073.420 -8.930
1073.732 -6.333
1074.044 -4.537
1074.356 0.259
1074.668 -0.544
1074.980 -5.948
1075.292 -8.152
1075.604 -5.555
1075.916 -7.159
1076.228 -8.963
1076.540 -12.566
1076.852 -15.370
1077.164 -19.974
1077.476 -20.578
1077.788 -12.781
1078.100 -5.185
1078.412 -2.189
1078.724 -0.793
1079.036 -3.996
1079.348 -12.200
1079.660 -19.404
1079.972 -21.808
1080.284 -20.412
1080.596 -21.816
1080.908 -30.019
1081.220 -30.823
1081.532 -28.027
1081.844 -27.831
1082.156 -24.835
1082.468 -12.639
1082.780 -3.643
1083.092 -1.447
1083.404 0.749
1083.716 6.146
1084.028 9.142
1084.340 9.338
1084.652 9.134
1084.964 9.130
1085.276 4.326
1085.588 -3.278
1085.900 -5.882
1086.212 -11.286
1086.524 -12.290
1086.836 -11.894
1087.148 -7.298
1087.460 -7.902
1087.772 -5.707
1088.084 -8.511
1088.396 -7.715
1088.708 -5.919
1089.020 -2.323
1089.332 -0.127
1089.644 -2.331
1089.956 -6.335
1090.268 -13.939
1090.580 -19.744
1090.892 -23.748
1091.204 -20.552
1091.516 -9.956
1091.828 -1.560
1092.140 3.435
1092.464 7.031
1092.788 11.427
1093.112 7.423
1093.436 3.418
1093.760 -5.586
1094.084 -14.190
1094.408 -18.794
1094.732 -23.799
1095.056 -28.803
1095.380 -25.607
1095.703 -18.412
1096.027 -17.416
1096.351 -16.220
1096.675 -16.625
1096.999 -18.029
1097.323 -16.634
1097.647 -15.638
1097.971 -11.642
1098.295 -4.047
1098.619 -2.051
1098.943 -7.656
1099.267 -12.460
1099.591 -13.065
1099.915 -14.669
1100.239 -13.274
1100.563 -9.878
1100.887 -3.683
1101.211 -1.887
1101.535 -3.492
1101.859 -2.696
1102.182 -4.301
1102.506 -4.105
1102.830 -10.710
1103.154 -13.914
1103.478 -19.519
1103.802 -21.324
1104.126 -19.528
1104.450 -11.333
1104.774 -11.138
1105.098 -7.742
1105.422 -7.547
1105.746 -13.552
1106.070 -15.356
1106.394 -8.761
1106.718 -7.766
1107.042 -0.170
1107.366 8.025
1107.690 7.220
1108.014 5.815
1108.338 4.211
1108.662 -8.594
1108.985 -20.399
1109.309 -27.204
1109.633 -30.009
1109.957 -25.013
1110.281 -17.418
1110.605 -15.023
1110.929 -21.228
1111.253 -30.833
1111.577 -35.438
1111.901 -31.243
1112.225 -25.048
1112.549 -13.053
1112.873 -0.658
1113.197 10.338
1113.521 7.133
1113.845 -0.072
1114.169 -0.877
1114.493 -3.682
1114.817 -12.087
1115.141 -14.492
1115.464 -14.897
1115.788 -19.302
1116.112 -27.108
1116.436 -26.313
1116.760 -22.518
1117.084 -14.923
1117.408 -7.928
1117.732 4.667
1118.056 7.462
1118.380 8.257
1118.704 8.252
1119.028 9.246
1119.352 6.241
1119.676 5.236
1120.000 5.031
1120.324 -0.574
1120.648 -5.980
1120.972 -7.585
1121.296 -14.390
1121.620 -16.595
1121.944 -13.401
1122.267 -11.206
1122.591 -9.611
1122.915 -7.016
1123.239 -9.622
1123.563 -8.227
1123.887 -8.232
1124.211 -10.038
1124.535 -9.243
1124.859 -4.649
1125.183 -5.054
1125.507 -6.459
1125.831 -9.265
1126.155 -8.670
1126.479 -13.276
1126.803 -17.481
1127.127 -18.287
1127.451 -16.092
1127.775 -16.098
1128.099 -15.903
1128.423 -18.309
1128.746 -21.314
1129.070 -22.120
1129.394 -15.325
1129.718 -4.531
1130.042 1.264
1130.366 9.058
1130.690 16.053
1131.014 9.047
1131.338 4.841
1131.662 5.636
1131.986 1.430
1132.310 -6.576
1132.634 -7.381
1132.958 -13.187
1133.282 -15.793
1133.606 -13.798
1133.930 -12.604
1134.254 -14.010
1134.578 -10.416
1134.902 -3.821
1135.226 -2.027
1135.549 2.567
1135.873 6.561
1136.197 4.356
1136.521 0.750
1136.845 2.744
1137.169 5.338
1137.493 1.132
1137.817 -4.874
1138.141 -12.080
1138.465 -21.485
1138.789 -33.091
1139.113 -33.097
1139.437 -20.903
1139.761 -18.109
1140.085 -21.515
1140.409 -13.121
1140.733 -11.727
1141.057 -20.533
1141.381 -12.139
1141.705 1.255
1142.028 -0.351
1142.352 6.643
1142.676 10.437
1143.000 2.031
1143.324 -2.175
1143.648 -2.981
1143.972 -9.387
1144.296 -9.393
1144.620 -0.799
1144.944 4.794
1145.268 7.788
1145.592 6.782
1145.916 8.776
1146.240 6.570
1146.564 0.764
1146.888 4.357
1147.212 3.951
1147.536 -5.455
1147.860 -5.861
1148.184 -6.467
1148.507 -13.874
1148.831 -11.280
1149.155 -4.086
1149.479 -11.892
1149.803 -12.099
1150.127 -10.105
1150.451 -15.111
1150.775 -20.518
1151.099 -22.924
1151.423 -24.930
1151.747 -26.737
1152.071 -21.943
1152.395 -16.149
1152.719 -10.956
1153.043 -12.562
1153.367 -19.769
1153.691 -25.975
1154.015 -27.382
1154.339 -19.788
1154.663 -14.794
1154.987 -3.801
1155.310 0.593
1155.634 -1.214
1155.958 -1.820
1156.282 5.173
1156.606 -0.633
1156.930 -4.640
1157.254 -1.246
1157.578 -9.253
1157.902 -17.060
1158.226 -12.066
1158.550 -5.873
1158.874 -8.079
1159.198 -2.486
1159.522 -1.692
1159.846 -6.099
1160.170 -5.106
1160.494 -3.112
1160.818 -8.519
1161.142 -10.926
1161.466 -8.132
1161.790 -9.139
1162.113 -12.346
1162.437 -10.352
1162.761 -6.759
1163.085 3.434
1163.409 5.228
1163.733 4.821
1164.057 4.414
1164.381 2.207
1164.705 -5.199
1165.029 -3.206
1165.353 1.187
1165.677 2.780
1166.001 6.574
1166.325 7.767
1166.649 2.960
1166.973 -3.647
1167.297 -5.654
1167.621 -2.061
1167.945 -6.067
1168.269 -8.474
1168.592 -4.081
1168.916 -6.088
1169.240 -19.495
1169.564 -23.902
1169.888 -20.109
1170.212 -21.715
1170.536 -19.322
1170.860 -9.329
1171.184 -2.536
1171.508 -4.343
1171.832 -4.150
1172.156 -0.557
1172.480 -0.364
1172.804 -4.171
1173.128 -1.978
1173.452 3.615
1173.776 -2.592
1174.100 -11.599
1174.424 -8.006
1174.748 -4.213
1175.072 -6.220
1175.395 -0.227
1175.719 8.966
1176.043 10.759
1176.367 8.552
1176.691 9.145
1177.015 7.738
1177.339 5.331
1177.663 -4.876
1177.987 -5.683
1178.311 -3.290
1178.635 -8.697
1178.959 -15.904
1179.283 -9.911
1179.607 -12.918
1179.931 -18.525
1180.255 -13.332
1180.579 -7.139
1180.903 -6.146
1181.227 -4.154
1181.551 -7.961
1181.874 -14.968
1182.198 -19.975
1182.522 -19.782
1182.846 -18.589
1183.170 -10.596
1183.494 -2.203
1183.818 3.590
1184.142 8.583
1184.466 11.175
1184.790 11.768
1185.114 13.161
1185.438 6.154
1185.762 -5.653
1186.086 -11.260
1186.410 -16.267
1186.734 -23.675
1187.058 -20.282
1187.382 -10.889
1187.706 -6.496
1188.030 -3.903
1188.353 -1.110
1188.677 -5.717
1189.001 -12.725
1189.325 -14.332
1189.649 -15.739
1189.973 -17.746
1190.297 -13.353
1190.621 -9.960
1190.945 -9.167
1191.269 -10.575
1191.593 -8.982
1191.917 -6.589
1192.241 -4.796
1192.565 -5.803
1192.889 -3.610
1193.213 -2.617
1193.537 -1.025
1193.861 -0.432
1194.185 -4.439
1194.509 -4.046
1194.833 2.147
1195.156 6.940
1195.480 7.733
1195.804 13.526
1196.128 17.718
1196.452 14.311
1196.776 0.904
1197.100 -6.103
1197.424 -7.510
1197.748 -11.117
1198.072 -15.324
1198.396 -6.931
1198.720 -2.938
1199.044 -1.345
1199.368 2.847
1199.692 7.240
1200.016 1.033
1200.340 -4.374
1200.664 -15.781
1200.988 -27.188
1201.312 -31.195
1201.635 -26.002
1201.959 -15.009
1202.283 -6.216
1202.607 -9.823
1202.931 -16.030
1203.255 -16.637
1203.579 -18.844
1203.903 -22.051
1204.227 -14.858
1204.551 -6.065
1204.875 -10.272
1205.199 -14.879
1205.523 -11.886
1205.847 -9.293
1206.171 -10.100
1206.495 -9.507
1206.819 -11.314
1207.143 -12.720
1207.467 -12.727
1207.791 -12.334
1208.115 -7.141
1208.438 -2.948
1208.762 0.245
1209.086 1.638
1209.410 -2.369
1209.734 -8.175
1210.058 -5.782
1210.382 -4.789
1210.706 -0.996
1211.030 7.197
1211.354 18.391
1211.678 18.584
1212.002 15.577
1212.326 6.570
1212.650 2.964
1212.974 -2.443
1213.298 -2.250
1213.622 1.144
1213.946 5.537
1214.270 4.130
1214.594 0.324
1214.917 -5.483
1215.241 -14.289
1215.565 -17.896
1215.889 -21.903
1216.213 -22.309
1216.537 -25.316
1216.861 -25.922
1217.185 -25.929
1217.509 -26.335
1217.833 -28.942
1218.157 -25.948
1218.481 -22.555
1218.805 -15.961
1219.129 -7.767
1219.453 -9.374
1219.777 -12.180
1220.101 -12.986
1220.425 -17.993
1220.749 -20.999
1221.073 -16.005
1221.397 -5.812
1221.720 3.982
1222.044 7.976
1222.368 7.570
1222.692 7.364
1223.016 -0.043
1223.340 -5.249
1223.664 -2.655
1223.988 2.139
1224.312 4.333
1224.636 11.127
1224.960 10.321
1225.284 3.715
1225.608 -5.491
1225.932 -7.097
1226.256 -17.103
1226.580 -22.309
1226.904 -18.315
1227.228 -13.921
1227.552 -14.327
1227.876 -4.132
1228.199 3.062
1228.523 -4.144
1228.847 -7.150
1229.171 -5.355
1229.495 -10.761
1229.819 -16.367
1230.143 -8.772
1230.467 -5.978
1230.791 -7.184
1231.115 -1.589
1231.439 1.805
1231.763 -0.847
1232.087 1.066
