181.241 -7.787
181.495 -11.287
181.749 -13.387
182.003 -16.786
182.257 -10.186
182.511 -8.586
182.765 -5.986
183.019 -4.786
183.273 -7.586
183.528 -23.186
183.782 -38.386
184.036 -41.386
184.290 -37.985
184.544 -29.585
184.798 -15.585
185.052 -5.185
185.306 -3.985
185.560 -4.785
185.814 -3.785
186.068 -5.185
186.322 -3.585
186.576 -3.384
186.830 -4.584
187.084 -14.784
187.339 -22.184
187.593 -20.784
187.847 -14.184
188.101 -11.784
188.355 -11.184
188.609 -12.383
188.863 -18.983
189.117 -23.383
189.371 -23.983
189.625 -20.983
189.879 -15.583
190.133 -7.583
190.387 -7.983
190.641 -5.383
190.895 -3.982
191.150 -2.382
191.404 1.218
191.658 -0.582
191.912 -6.582
192.166 -10.782
192.420 -6.982
192.674 -8.382
192.928 -10.382
193.182 -10.781
193.436 -10.781
193.690 -16.181
193.944 -20.581
194.198 -8.981
194.452 -3.381
194.706 0.219
194.961 2.019
195.215 1.219
195.469 -7.980
195.723 -7.380
195.977 -2.180
196.231 -0.780
196.485 2.820
196.739 5.220
196.993 1.420
197.247 -5.380
197.501 -7.179
197.755 -4.379
198.009 -5.379
198.263 -8.979
198.517 -6.979
198.772 -4.979
199.026 -9.579
199.280 -3.779
199.534 4.821
199.788 2.422
200.042 -4.378
200.296 -3.578
200.550 -5.178
200.804 -5.778
201.058 -1.578
201.312 4.622
201.566 4.822
201.820 -3.177
202.074 -13.777
202.328 -21.177
202.583 -28.377
202.837 -36.577
203.091 -38.777
203.345 -35.977
203.599 -27.377
203.853 -17.177
204.107 -9.576
204.361 -6.576
204.615 -3.576
204.869 -2.176
205.123 -5.376
205.377 -11.176
205.631 -10.576
205.885 -11.776
206.139 -13.575
206.394 -12.775
206.648 -8.175
206.902 -5.375
207.156 -4.375
207.410 -3.975
207.664 -8.775
207.918 -13.575
208.172 -23.574
208.426 -26.574
208.680 -33.374
208.934 -33.774
209.188 -29.374
209.442 -21.374
209.696 -19.174
209.950 -14.174
210.205 -5.773
210.459 -6.773
210.713 -12.773
210.967 -15.573
211.221 -17.173
211.475 -19.573
211.729 -15.373
211.983 -9.373
212.237 -11.173
212.491 -12.572
212.745 -14.172
212.999 -21.772
213.253 -30.972
213.507 -30.372
213.761 -24.972
214.016 -24.772
214.270 -17.372
214.524 -1.371
214.778 1.429
215.032 3.029
215.286 5.629
215.540 3.629
215.794 0.629
216.048 5.429
216.302 -1.571
216.556 -12.570
216.810 -12.770
217.064 -15.770
217.318 -17.170
217.572 -14.970
217.827 -7.170
218.081 -8.770
218.335 -8.770
218.589 -4.569
218.843 -2.169
219.097 0.431
219.351 4.431
219.605 5.431
219.859 -1.369
220.113 -13.169
220.367 -22.969
220.621 -22.968
220.875 -24.968
221.129 -25.768
221.383 -17.368
221.638 -8.168
221.892 -10.968
222.146 -11.168
222.400 -15.168
222.654 -15.767
222.908 -17.767
223.162 -18.167
223.416 -21.167
223.670 -20.167
223.924 -21.167
224.178 -22.567
224.432 -18.167
224.686 -10.766
224.940 -6.766
225.195 -8.166
225.449 -8.766
225.703 -11.566
225.957 -15.966
226.211 -14.366
226.465 -12.766
226.719 -12.165
226.973 -10.965
227.227 -3.965
227.481 0.235
227.735 4.435
227.989 6.835
228.243 2.035
228.497 -7.564
228.751 -15.164
229.006 -14.564
229.260 -9.964
229.514 -3.964
229.768 2.636
230.022 8.236
230.276 7.036
230.530 -0.563
230.784 -9.563
231.038 -12.563
231.292 -13.563
231.546 -8.763
231.800 -4.763
232.054 4.637
232.308 4.437
232.562 -1.562
232.817 -6.962
233.071 -6.762
233.325 -8.162
233.579 -6.962
233.833 1.038
234.087 -2.162
234.341 -9.561
234.595 -8.361
234.849 -11.761
235.103 -22.761
235.357 -22.361
235.611 -20.761
235.865 -27.761
236.119 -23.761
236.373 -15.560
236.628 -10.760
236.882 -6.960
237.136 -3.560
237.390 -6.160
237.644 -11.560
237.898 -15.360
238.152 -17.160
238.406 -21.159
238.660 -18.159
238.914 -10.359
239.168 -8.159
239.422 -7.959
239.676 -4.759
239.930 -7.159
240.184 -20.758
240.439 -26.358
240.693 -28.158
240.947 -27.558
241.201 -20.358
241.455 -3.758
241.709 5.642
241.963 6.842
242.217 7.443
242.471 -0.157
242.725 -11.157
242.979 -18.757
243.233 -22.957
243.487 -22.957
243.741 -20.357
243.995 -14.156
244.250 -10.556
244.504 -9.556
244.758 -10.156
245.012 -7.556
245.266 -9.756
245.520 -11.756
245.774 -2.155
246.028 2.445
246.282 -3.155
246.536 -0.555
246.790 -3.755
247.044 -19.755
247.298 -32.755
247.552 -31.355
247.806 -35.154
248.061 -31.954
248.315 -21.954
248.569 -14.554
248.823 -9.754
249.077 -6.954
249.331 -10.954
249.585 -10.753
249.839 -11.953
250.093 -16.753
250.347 -18.953
250.601 -15.753
250.855 -13.153
251.109 -7.553
251.363 -2.752
251.617 1.648
251.872 6.248
252.126 9.648
252.380 10.648
252.634 8.648
252.888 6.048
253.142 3.649
253.396 1.049
253.650 0.249
253.904 0.649
254.159 -2.351
254.413 -5.751
254.667 -10.751
254.922 -15.351
255.176 -18.950
255.431 -15.550
255.685 -12.150
255.939 -8.350
256.194 -5.150
256.448 -4.750
256.702 -7.950
256.957 -5.549
257.211 -9.749
257.465 -15.749
257.720 -16.149
257.974 -15.349
258.228 -15.949
258.483 -7.749
258.737 -0.148
258.992 0.852
259.246 1.852
259.500 -0.348
259.755 -3.748
260.009 -11.948
260.263 -16.348
260.518 -16.347
260.772 -10.547
261.026 -12.347
261.281 -7.347
261.535 -0.347
261.789 -1.547
262.044 -6.347
262.298 -7.146
262.553 -3.946
262.807 -3.546
263.061 -1.146
263.316 -2.346
263.570 -0.746
263.824 -2.546
264.079 -3.145
264.333 -1.345
264.587 -4.945
264.842 -10.745
265.096 -18.945
265.351 -21.345
265.605 -23.144
265.859 -23.744
266.114 -21.344
266.368 -15.344
266.622 -14.744
266.877 -15.744
267.131 -12.544
267.385 -11.943
267.640 -12.543
267.894 -14.543
268.148 -15.343
268.403 -12.343
268.657 -10.743
268.912 -13.143
269.166 -11.142
269.420 -13.142
269.675 -14.142
269.929 -11.942
270.183 -9.542
270.438 -7.942
270.692 -1.542
270.946 0.059
271.201 0.459
271.455 -1.541
271.709 -5.741
271.964 -14.541
272.218 -27.541
272.473 -36.541
272.727 -30.140
272.981 -25.940
273.236 -14.140
273.490 4.460
273.744 18.060
273.999 17.460
274.253 12.461
274.507 1.861
274.762 -16.339
275.016 -25.939
275.271 -28.339
275.525 -27.139
275.779 -24.139
276.034 -11.738
276.288 -5.938
276.542 -1.938
276.797 3.062
277.051 7.062
277.305 6.462
277.560 -0.338
277.814 -8.537
278.068 -12.737
278.323 -13.737
278.577 -11.537
278.832 -8.737
279.086 -10.937
279.340 -10.936
279.595 -11.136
279.849 -16.536
280.103 -19.736
280.358 -17.136
280.612 -16.936
280.866 -17.336
281.121 -15.735
281.375 -12.735
281.629 -14.535
281.884 -18.735
282.138 -21.735
282.393 -19.735
282.647 -18.334
282.901 -12.734
283.156 -5.734
283.410 2.066
283.664 2.066
283.919 2.066
284.173 1.866
284.427 0.067
284.682 -10.733
284.936 -16.933
285.191 -18.133
285.445 -15.533
285.699 -14.133
285.954 -10.732
286.208 -11.732
286.462 -10.732
286.717 -16.332
286.971 -25.532
287.225 -25.132
287.480 -18.532
287.734 -15.531
287.988 -9.731
288.243 4.269
288.497 8.269
288.752 7.669
289.006 8.269
289.260 5.470
289.515 -1.530
289.769 -7.130
290.023 -17.530
290.278 -22.930
290.532 -20.530
290.786 -17.129
291.041 -15.929
291.295 -7.529
291.549 -10.529
291.804 -13.729
292.058 -13.729
292.313 -5.729
292.567 -3.128
292.821 3.472
293.076 13.072
293.330 17.072
293.584 11.672
293.839 8.872
294.093 6.073
294.347 -7.727
294.602 -13.127
294.856 -9.127
295.111 -6.927
295.365 -4.927
295.619 1.874
295.874 5.074
296.128 5.074
296.382 7.874
296.637 3.674
296.891 1.674
297.145 -0.525
297.400 -7.125
297.654 -9.925
297.908 -5.925
298.163 -7.725
298.417 -13.525
298.672 -12.524
298.926 -17.924
299.180 -19.724
299.435 -23.924
299.689 -27.924
299.943 -26.524
300.198 -24.724
300.452 -27.123
300.706 -19.923
300.961 -9.723
301.215 -9.123
301.469 -2.523
301.724 5.477
301.978 5.078
302.233 2.678
302.487 1.078
302.741 0.678
302.996 -0.522
303.250 4.078
303.504 0.879
303.759 -2.921
304.013 -5.521
304.267 -9.721
304.522 -15.321
304.776 -15.321
305.031 -13.920
305.285 -15.120
305.539 -9.920
305.794 -12.920
306.048 -13.320
306.302 -8.120
306.557 -7.719
306.811 -13.519
307.065 -11.719
307.320 -7.519
307.574 -7.519
307.828 -5.519
308.083 -2.318
308.337 -4.918
308.592 -13.118
308.846 -17.318
309.100 -16.318
309.355 -16.918
309.609 -7.117
309.863 6.283
310.118 8.683
310.372 0.083
310.626 -1.917
310.881 -8.717
311.135 -17.716
311.389 -18.116
311.644 -19.116
311.898 -24.916
312.153 -22.316
312.407 -17.915
312.661 -15.115
312.916 -5.315
313.170 4.685
313.429 1.285
313.688 -6.115
313.947 -9.114
314.206 -21.714
314.465 -34.114
314.724 -31.914
314.983 -25.514
315.242 -28.314
315.501 -22.113
315.760 -13.313
316.019 -10.913
316.278 -5.913
316.536 -3.713
316.795 1.087
317.054 3.088
317.313 4.288
317.572 4.088
317.831 10.288
318.090 18.688
318.349 20.288
318.608 12.089
318.867 1.689
319.126 -9.711
319.385 -22.911
319.644 -22.511
319.903 -17.910
320.162 -18.510
320.421 -13.510
320.680 -9.510
320.939 -13.110
321.198 -14.710
321.457 -13.309
321.716 -12.709
321.975 -15.909
322.234 -20.309
322.493 -17.109
322.752 -4.909
323.010 -0.508
323.269 3.692
323.528 9.692
323.787 7.892
324.046 -2.308
324.305 -8.307
324.564 -8.707
324.823 -6.307
325.082 -6.507
325.341 -3.707
325.600 5.693
325.859 8.094
326.118 -3.106
326.377 -8.906
326.636 -12.506
326.895 -21.706
327.154 -24.506
327.413 -14.705
327.672 -11.505
327.931 -9.905
328.190 -7.905
328.449 -10.505
328.708 -17.504
328.967 -13.304
329.226 -11.704
329.485 -16.904
329.743 -17.104
330.002 -13.304
330.261 -10.703
330.520 -9.103
330.779 -5.303
331.038 -3.103
331.297 -6.703
331.556 -18.502
331.815 -24.702
332.074 -25.902
332.333 -25.702
332.592 -14.502
332.851 -3.102
333.110 2.099
333.369 8.299
333.628 13.499
333.887 7.299
334.146 4.299
334.405 6.300
334.664 2.900
334.923 -6.100
335.182 -8.300
335.441 -7.500
335.700 -8.699
335.959 -4.299
336.217 -1.499
336.476 -3.299
336.735 -6.099
336.994 -10.099
337.253 -19.898
337.512 -14.898
337.771 -6.298
338.030 -3.298
338.289 -4.898
338.548 -0.297
338.807 1.303
339.066 5.903
339.325 7.903
339.584 6.103
339.843 6.104
340.102 5.904
340.361 4.704
340.620 4.304
340.879 8.304
341.138 11.904
341.397 8.505
341.656 3.305
341.915 6.905
342.174 10.505
342.433 3.905
342.691 -2.294
342.950 -3.494
343.209 -8.894
343.468 -14.094
343.727 -17.294
343.986 -21.293
344.245 -28.293
344.504 -27.293
344.763 -21.893
345.022 -15.893
345.281 -7.093
345.540 -2.692
345.799 -3.892
346.058 -6.692
346.317 -8.292
346.576 -7.692
346.835 -9.891
347.094 -11.491
347.353 -10.291
347.612 -6.291
347.871 -7.691
348.130 -3.690
348.389 -1.090
348.648 0.910
348.907 -1.690
349.166 -9.090
349.424 -16.289
349.683 -19.089
349.942 -19.889
350.201 -14.089
350.460 -3.289
350.719 3.312
350.978 3.112
351.237 1.112
351.496 -8.088
351.755 -15.288
352.014 -24.087
352.273 -33.887
352.532 -39.887
352.791 -38.487
353.050 -31.687
353.309 -27.486
353.568 -15.286
353.827 -11.886
354.086 -12.686
354.345 -20.686
354.604 -17.285
354.863 -21.085
355.122 -18.685
355.381 -13.085
355.640 -6.485
355.898 -7.884
356.157 -6.084
356.416 -5.084
356.675 -6.284
356.934 -9.284
357.193 -11.883
357.452 -15.483
357.711 -20.083
357.970 -25.283
358.229 -21.283
358.488 -15.682
358.747 -16.482
359.006 -11.682
359.265 -8.282
359.524 -16.882
359.783 -16.681
360.042 -11.081
360.301 -12.881
360.560 -15.881
360.819 -12.281
361.078 -11.480
361.337 -15.680
361.596 -19.480
361.855 -22.080
362.114 -20.280
362.372 -25.079
362.631 -25.079
362.890 -16.279
363.149 -7.079
363.408 -7.879
363.667 -6.478
363.926 -2.278
364.185 -7.478
364.444 -9.478
364.703 -9.878
364.962 -10.077
365.221 -8.677
365.480 -7.077
365.741 -7.677
366.002 -6.277
366.264 -12.076
366.525 -14.876
366.786 -11.676
367.047 -16.476
367.308 -19.676
367.570 -12.475
367.831 -11.875
368.092 -15.275
368.353 -5.675
368.614 2.525
368.876 6.326
369.137 3.926
369.398 -0.274
369.659 -5.474
369.920 -12.873
370.182 -14.873
370.443 -6.473
370.704 0.727
370.965 -2.873
371.226 -6.072
371.488 -11.472
371.749 -16.872
372.010 -20.472
372.271 -20.272
372.532 -15.071
372.794 -14.071
373.055 -17.471
373.316 -16.071
373.577 -10.671
373.838 -9.470
374.100 -7.270
374.361 -6.070
374.622 -7.870
374.883 -8.469
375.144 -12.069
375.406 -21.069
375.667 -27.069
375.928 -29.869
376.189 -31.468
376.450 -28.068
376.712 -17.268
376.973 -6.068
377.234 -1.868
377.495 -3.867
377.756 -13.267
378.018 -20.267
378.279 -21.267
378.540 -19.666
378.801 -21.266
379.062 -13.866
379.324 -10.066
379.585 -11.466
379.846 -11.665
380.107 -10.465
380.368 -11.665
380.630 -15.465
380.891 -18.664
381.152 -24.864
381.413 -24.664
381.674 -23.464
381.936 -23.464
382.197 -28.663
382.458 -27.063
382.719 -21.263
382.980 -19.463
383.242 -14.462
383.503 -2.862
383.764 -0.462
384.025 -7.862
384.286 -14.062
384.548 -20.261
384.809 -25.661
385.070 -30.061
385.331 -34.061
385.592 -30.261
385.854 -22.260
386.115 -16.660
386.376 -6.260
386.637 3.740
386.898 2.341
387.160 -2.259
387.421 -11.259
387.682 -22.859
387.943 -26.458
388.204 -25.658
388.466 -24.658
388.727 -20.058
388.988 -9.658
389.249 -7.057
389.510 -7.657
389.772 -7.057
390.033 -9.057
390.294 -14.056
390.555 -11.256
390.816 -1.456
391.078 5.544
391.339 6.944
391.600 7.545
391.861 7.345
392.122 -2.655
392.384 -14.455
392.645 -19.254
392.906 -23.254
393.167 -27.854
393.428 -28.254
393.690 -22.654
393.951 -16.253
394.212 -15.253
394.473 -16.453
394.734 -15.053
394.996 -16.252
395.257 -20.452
395.518 -22.852
395.779 -22.652
396.040 -20.451
396.302 -19.851
396.563 -17.051
396.824 -10.251
397.085 -7.251
397.346 -9.850
397.608 -12.250
397.869 -9.050
398.130 -10.050
398.391 -16.049
398.652 -9.649
398.914 2.551
399.175 0.351
399.436 0.552
399.697 6.552
399.958 0.952
400.220 -7.048
400.481 -2.647
400.742 0.953
401.003 -2.847
401.264 -4.447
401.526 -1.247
401.787 -5.446
402.048 -13.246
402.309 -14.446
402.570 -15.646
402.832 -18.245
403.093 -16.245
403.354 -8.645
403.615 0.555
403.876 2.556
404.138 -3.044
404.399 -4.244
404.660 -10.444
404.931 -18.443
405.202 -22.043
405.473 -20.843
405.745 -23.043
406.016 -11.642
406.287 1.958
406.558 10.758
406.829 16.358
407.100 21.958
407.371 16.759
407.642 6.359
407.914 5.959
408.185 2.959
408.456 -4.440
408.727 -8.640
408.998 -7.440
409.269 -6.440
409.540 -4.639
409.811 -3.039
410.083 -1.639
410.354 -3.239
410.625 -8.638
410.896 -5.638
411.167 -2.038
411.438 1.562
411.709 8.563
411.981 10.563
412.252 -0.837
412.523 -8.637
412.794 -20.036
413.065 -31.036
413.336 -31.236
413.607 -26.636
413.878 -25.235
414.150 -14.835
414.421 -8.035
414.692 -10.035
414.963 -14.234
415.234 -19.634
415.505 -31.034
415.776 -39.034
416.047 -36.433
416.319 -28.433
416.590 -21.633
416.861 -14.033
417.132 -5.832
417.403 -4.432
417.674 -16.632
417.945 -23.432
418.217 -26.831
418.488 -35.431
418.759 -44.631
419.030 -32.831
419.301 -21.030
419.572 -11.630
419.843 -2.430
420.114 3.370
420.386 0.571
420.657 -7.629
420.928 -16.229
421.199 -19.229
421.470 -18.228
421.741 -20.828
422.012 -21.028
422.283 -12.428
422.555 -10.627
422.826 -6.027
423.097 0.173
423.368 2.973
423.639 -6.026
423.910 -10.626
424.181 -14.626
424.453 -15.426
424.724 -9.425
424.995 -7.225
425.266 -10.225
425.537 -14.425
425.808 -17.624
426.079 -23.824
426.350 -22.024
426.622 -12.424
426.893 -1.823
427.164 -0.623
427.435 -2.823
427.706 -4.223
427.977 -7.422
428.248 -19.622
428.519 -23.222
428.791 -22.621
429.062 -25.621
429.333 -23.421
429.604 -13.621
429.875 -6.220
430.146 3.980
430.417 11.780
430.689 10.780
430.960 7.181
431.231 -2.419
431.502 -13.819
431.773 -16.419
432.044 -20.418
432.315 -21.818
432.586 -7.418
432.858 3.382
433.129 6.183
433.400 7.183
433.671 2.783
433.942 -9.216
434.213 -17.016
434.484 -27.816
434.755 -33.016
435.027 -29.815
435.298 -23.215
435.569 -22.215
435.840 -14.215
436.114 -7.414
436.388 -5.614
436.663 -12.014
436.937 -11.214
437.211 -10.013
437.485 -9.413
437.759 -5.813
438.034 0.588
438.308 2.988
438.582 0.788
438.856 8.388
439.130 6.989
439.405 -3.811
439.679 -6.811
439.953 -3.611
440.227 -8.010
440.501 -6.610
440.776 3.990
441.050 1.391
441.324 -3.809
441.598 -9.609
441.872 -15.209
442.147 -18.408
442.421 -14.408
442.695 -10.608
442.969 -12.008
443.244 -13.607
443.518 -13.607
443.792 -15.007
444.066 -16.406
444.340 -17.006
444.615 -14.206
444.889 -15.606
445.163 -12.405
445.437 -12.205
445.711 -10.605
445.986 -4.004
446.260 2.796
446.534 -0.804
446.808 -5.204
447.082 -2.403
447.357 -2.803
447.631 -8.203
447.905 -6.802
448.179 -8.602
448.453 -13.202
448.728 -16.402
449.002 -12.001
449.276 -12.801
449.550 -7.601
449.824 3.164
450.099 6.739
450.373 5.535
450.647 2.984
450.921 3.392
451.195 -5.737
451.470 -11.083
451.744 -8.518
452.018 -5.727
452.292 -7.494
452.566 -6.887
452.841 -6.484
453.115 -6.698
453.389 -1.978
453.663 4.302
453.937 5.099
454.212 6.280
454.486 0.793
454.760 -6.256
455.034 -11.739
455.308 -11.147
455.583 -8.802
455.857 -1.574
456.131 12.312
456.405 19.737
456.680 19.542
456.954 15.436
457.228 6.843
457.502 -1.173
457.776 -8.010
458.051 -8.208
458.325 -15.262
458.599 -17.412
458.873 -20.155
459.147 -25.446
459.422 -29.371
459.696 -20.164
459.970 -13.711
460.244 -16.664
460.518 -13.542
460.793 -8.643
461.067 -4.706
461.341 3.185
461.615 14.019
461.889 14.007
462.164 13.608
462.438 10.660
462.712 2.178
462.986 -8.099
463.260 -10.700
463.535 -10.109
463.809 -10.503
464.083 -14.285
464.357 -6.935
464.631 1.419
464.906 -1.177
465.180 -2.971
465.454 5.409
465.728 1.422
466.002 1.429
466.277 4.423
466.551 4.011
466.825 0.013
467.099 -1.801
467.373 -5.411
467.648 -15.069
467.922 -18.899
468.196 -21.115
468.470 -20.718
468.744 -18.701
469.019 -6.823
469.293 -5.632
469.567 -6.443
469.841 -5.038
470.116 -11.710
470.390 -17.974
470.664 -22.423
470.938 -26.477
471.212 -29.900
471.487 -29.692
471.761 -27.463
472.035 -18.363
472.309 -10.674
472.583 -7.650
472.858 -6.434
473.132 -6.431
473.406 -12.468
473.680 -16.302
473.954 -11.465
474.229 -3.612
474.503 -0.192
474.777 9.856
475.051 13.084
475.325 6.453
475.600 -0.961
475.874 -2.764
476.148 -7.975
476.422 -13.166
476.696 -13.538
476.971 -10.135
477.245 -10.332
477.519 -10.325
477.793 -6.722
478.067 -11.831
478.342 -16.155
478.616 -17.927
478.890 -17.330
479.164 -24.007
479.438 -28.666
479.713 -30.032
479.987 -25.900
480.261 -24.920
480.535 -18.227
480.809 -3.905
481.084 3.748
481.358 -0.552
481.632 -6.586
481.906 -9.687
482.180 -15.910
482.455 -21.160
482.729 -19.596
483.003 -17.446
483.277 -21.317
483.551 -19.367
483.826 -14.320
484.100 -15.674
484.374 -17.013
484.648 -10.802
484.923 -8.084
485.197 -9.054
485.471 -4.025
485.745 7.963
486.019 11.641
486.294 8.546
486.568 10.479
486.842 7.967
487.116 -5.560
487.390 -13.484
487.665 -13.290
487.939 -11.930
488.213 -9.996
488.487 -6.528
488.761 -6.927
489.036 -7.713
489.310 -13.722
489.584 -20.509
489.858 -27.904
490.132 -25.982
490.407 -18.604
490.681 -14.912
490.955 -12.004
491.229 -2.091
491.503 -3.857
491.778 -18.088
492.052 -21.401
492.326 -23.356
492.600 -36.246
492.874 -37.046
493.149 -24.555
493.423 -19.669
493.697 -15.569
493.971 -2.678
494.245 -1.530
494.520 -6.827
494.794 -11.335
495.068 -11.922
495.342 -16.249
495.616 -12.727
495.891 -9.190
496.165 -9.784
496.439 -10.572
496.713 -1.512
496.987 3.804
497.262 -0.335
497.536 -5.270
497.810 -15.516
498.084 -26.555
498.359 -30.496
498.633 -24.978
498.907 -14.126
499.181 -0.327
499.455 8.150
499.730 11.898
500.004 9.137
500.278 0.648
500.552 -2.313
500.826 -5.078
501.101 -5.272
501.375 1.839
501.649 7.765
501.923 6.380
502.197 4.599
502.472 0.252
502.746 -8.450
503.020 -14.182
503.294 -15.764
503.568 -15.568
503.843 -16.758
504.117 -18.342
504.391 -14.391
504.665 -4.697
504.939 -1.726
505.214 -2.115
505.488 2.045
505.762 0.268
506.036 -10.011
506.310 -14.751
506.585 -10.601
506.859 -7.240
507.133 -9.010
507.407 -10.973
507.681 -13.519
507.956 -20.804
508.230 -26.713
508.504 -19.629
508.778 -14.503
509.052 -8.398
509.327 -5.024
509.601 -8.123
509.875 -15.551
510.149 -18.460
510.423 -20.200
510.698 -21.530
510.972 -22.255
511.246 -23.552
511.520 -23.913
511.795 -21.201
512.069 -12.895
512.343 -8.800
512.617 -5.310
512.891 1.803
513.166 1.800
513.440 -3.567
513.714 -5.256
513.988 -1.630
514.262 -0.515
514.537 3.265
514.811 8.194
515.085 10.305
515.359 4.256
515.633 -3.504
515.908 -11.059
516.182 -19.362
516.456 -24.632
516.730 -23.873
517.004 -22.743
517.279 -19.538
517.553 -12.936
517.827 -4.452
518.101 -3.700
518.375 -3.889
518.650 -5.781
518.924 -14.672
519.198 -19.977
519.472 -23.585
519.746 -27.764
520.021 -24.544
520.295 -13.553
520.569 -12.428
520.843 -8.277
521.117 -3.549
521.392 -13.075
521.666 -24.512
521.940 -26.249
522.214 -27.410
522.488 -22.052
522.763 -10.208
523.037 -3.152
523.311 -2.797
523.585 -3.401
523.859 -4.925
524.134 -8.958
524.408 -10.506
524.682 -6.086
524.956 -2.816
525.231 -8.236
525.505 -9.594
525.779 -7.084
526.053 -1.643
526.327 2.826
526.602 8.261
526.876 6.106
527.150 2.404
527.424 -8.308
527.698 -17.286
527.973 -19.229
528.247 -11.815
528.521 -7.328
528.795 -2.453
529.069 -0.905
529.344 -4.241
529.618 -11.490
529.892 -15.219
530.166 -15.419
530.440 -8.935
530.715 -5.992
530.989 -1.865
531.263 -2.661
531.537 -5.034
531.811 -9.568
532.086 -8.582
532.360 -8.778
532.634 -3.453
532.908 0.299
533.182 0.293
533.457 -1.290
533.731 1.282
534.005 0.098
534.279 -4.258
534.553 -9.024
534.828 -11.803
535.102 -14.572
535.376 -19.337
535.650 -13.392
535.924 0.299
536.199 3.275
536.473 1.293
536.747 2.485
537.021 -3.471
537.295 -15.177
537.570 -15.969
537.844 -11.008
538.118 -11.004
538.392 -9.016
538.666 0.112
538.941 6.258
539.215 -0.090
539.489 -2.460
539.763 1.505
540.038 -5.436
540.312 -16.133
540.586 -18.109
540.860 -16.129
541.134 -17.911
541.409 -16.913
541.683 -17.303
541.957 -14.129
542.231 -14.316
542.505 -20.239
542.780 -23.994
543.054 -17.070
543.328 -10.951
543.602 -7.003
543.876 -0.882
544.151 8.589
544.425 12.727
544.699 12.917
544.973 10.557
545.247 7.017
545.522 2.491
545.796 -1.844
546.070 -8.335
546.351 -9.908
546.632 -7.744
546.912 -5.977
547.193 -6.958
547.474 -9.106
547.755 -14.380
548.036 -28.087
548.317 -34.748
548.597 -37.292
548.878 -38.467
549.159 -29.847
549.440 -10.263
549.721 -4.973
550.001 -4.187
550.282 3.451
550.563 1.886
550.844 -10.826
551.125 -11.998
551.406 -9.258
551.686 -14.929
551.967 -19.222
552.248 -12.769
552.529 -12.962
552.810 -22.718
553.090 -30.147
553.371 -32.303
553.652 -35.818
553.933 -36.013
554.214 -29.192
554.495 -20.790
554.775 -12.774
555.056 -8.283
555.337 -8.484
555.618 -9.270
555.899 -9.267
556.179 -9.462
556.460 -8.287
556.741 -8.872
557.022 -8.281
557.303 -5.541
557.584 -4.953
557.864 -9.268
558.145 -9.474
558.426 -7.920
558.707 -12.062
558.988 -16.593
559.268 -16.611
559.549 -13.860
559.830 -15.043
560.111 -18.782
560.392 -20.746
560.673 -20.154
560.953 -21.929
561.234 -21.336
561.515 -17.802
561.796 -20.199
562.077 -21.790
562.357 -18.232
562.638 -15.070
562.919 -13.903
563.200 -11.184
563.481 -10.817
563.762 -12.002
564.042 -11.200
564.323 -10.212
564.604 -7.622
564.885 -3.040
565.166 2.134
565.446 2.729
565.727 6.117
566.008 9.106
566.289 3.734
566.570 -7.410
566.851 -11.594
567.131 -14.388
567.412 -11.984
567.693 -5.001
567.974 -0.232
568.255 2.370
568.535 4.574
568.816 -0.453
569.097 -4.876
569.378 -4.472
569.659 -12.291
569.940 -19.300
570.220 -23.285
570.501 -25.074
570.782 -26.676
571.063 -17.056
571.344 -11.652
571.624 -11.688
571.905 -9.701
572.186 -8.907
572.467 -8.477
572.748 -8.286
573.029 -5.716
573.309 -2.076
573.590 0.764
573.871 -0.845
574.152 1.796
574.433 6.268
574.713 3.630
574.994 -0.829
575.275 -4.878
575.556 -11.348
575.837 -16.998
576.118 -19.822
576.398 -15.978
576.679 -10.919
576.960 -5.871
577.245 -3.066
577.531 -3.511
577.816 -6.359
578.102 -13.075
578.387 -20.230
578.672 -22.497
578.958 -16.584
579.243 -15.763
579.529 -14.517
579.814 -10.794
580.099 -12.106
580.385 -19.131
580.670 -21.897
580.956 -21.447
581.241 -19.013
581.526 -10.799
581.812 -3.210
582.097 1.767
582.382 2.166
582.668 -3.208
582.953 -9.563
583.239 -13.929
583.524 -19.070
583.809 -20.615
584.095 -21.688
584.380 -25.889
584.666 -24.092
584.951 -22.088
585.236 -18.163
585.522 -8.985
585.807 -0.794
586.093 0.372
586.378 -1.963
586.663 -7.787
586.949 -11.278
587.234 -7.013
587.520 -4.882
587.805 -0.993
588.090 6.574
588.376 10.449
588.661 9.089
588.947 7.537
589.232 4.252
589.517 -3.293
589.803 -9.285
590.088 -12.765
590.374 -11.222
590.659 -0.600
590.944 7.905
591.230 11.190
591.515 7.713
591.800 2.118
592.086 -8.300
592.371 -15.631
592.657 -13.509
592.942 -0.577
593.227 6.170
593.513 7.326
593.798 11.955
594.084 10.798
594.369 0.383
594.654 -8.282
594.940 -9.823
595.225 -12.520
595.511 -16.565
595.796 -14.828
596.081 -10.976
596.367 -11.161
596.652 -17.302
596.938 -21.333
597.223 -29.225
597.508 -34.219
597.794 -31.334
598.079 -25.382
598.365 -20.764
598.650 -10.565
598.935 -1.532
599.221 -2.493
599.506 1.358
599.792 5.009
600.077 -0.758
600.362 -10.770
600.648 -16.932
600.933 -19.819
601.218 -20.202
601.504 -15.393
601.789 -17.512
602.075 -13.473
602.360 -11.548
602.645 -12.125
602.931 -19.824
603.216 -18.482
603.502 -11.738
603.787 -4.980
604.072 -5.365
604.358 0.599
604.643 7.735
604.929 3.300
605.214 -3.649
605.499 -3.842
605.785 -10.805
606.070 -16.809
606.356 -18.750
606.641 -21.850
606.926 -22.432
607.212 -14.113
607.497 -8.696
607.783 -5.795
608.068 -2.888
608.353 -3.086
608.639 -4.446
608.924 -3.085
609.210 -5.819
609.495 -4.647
609.780 -2.113
610.066 1.402
610.351 3.556
610.636 13.331
610.922 17.448
611.207 10.198
611.493 -3.922
611.778 -10.396
612.063 -18.228
612.349 -30.007
612.634 -25.700
612.920 -14.315
613.205 -14.524
613.490 -13.348
613.776 -6.661
614.061 -4.889
614.347 -6.466
614.632 -11.015
614.917 -17.743
615.203 -25.464
615.488 -26.059
615.774 -20.913
616.059 -13.021
616.344 -7.091
616.630 0.235
616.915 -0.760
617.201 -8.308
617.486 -4.727
617.771 -1.143
618.057 -0.146
618.342 1.445
618.627 3.230
618.913 -1.353
619.198 -3.546
619.484 -6.543
619.769 -9.342
620.054 -4.746
620.340 -5.953
620.625 -14.569
620.911 -18.381
621.196 -18.191
621.481 -17.782
621.767 -14.780
622.052 -12.192
622.338 -10.199
622.623 -6.180
622.908 -5.765
623.194 -3.550
623.479 11.554
623.765 22.436
624.050 20.826
624.335 18.008
624.621 15.792
624.906 0.654
625.192 -11.662
625.477 -15.913
625.762 -23.814
626.048 -27.259
626.333 -19.976
626.619 -11.481
626.904 -6.011
627.189 3.318
627.475 4.117
627.760 5.550
628.045 8.027
628.331 2.317
628.616 -6.453
628.902 -4.420
629.187 -8.087
629.472 -16.457
629.758 -11.965
630.043 -7.054
630.329 -8.258
630.614 -8.449
630.899 -8.404
631.185 -9.200
631.470 -7.569
631.756 -4.353
632.041 -1.959
632.326 5.781
632.612 6.588
632.897 6.013
633.183 4.824
633.468 -3.709
633.753 -7.094
634.039 -4.983
634.324 -7.243
634.610 -7.431
634.895 -1.790
635.180 -2.950
635.466 -6.359
635.751 -6.477
636.037 -6.286
636.322 -6.993
636.607 -10.689
636.893 -13.970
637.178 -12.808
637.463 -15.363
637.749 -17.335
638.034 -20.200
638.320 -20.320
638.605 -19.930
638.890 -17.553
639.176 -15.893
639.461 -14.217
639.747 -11.121
640.032 -12.196
640.317 -15.798
640.603 -16.509
640.888 -15.603
641.174 -15.420
641.459 -14.159
641.744 -12.719
642.030 -6.943
642.315 -2.612
642.601 -3.887
642.886 -4.436
643.171 -8.075
643.457 -12.965
643.742 -11.871
644.028 -11.154
644.313 -11.165
644.598 -7.918
644.884 -7.019
645.169 -6.095
645.455 -4.280
645.740 -4.479
646.025 -0.455
646.311 5.424
646.596 0.470
646.881 -4.519
647.167 -5.649
647.452 -8.787
647.738 -12.089
648.023 -5.420
648.308 7.370
648.594 16.286
648.879 18.325
649.165 14.227
649.450 12.948
649.735 8.878
650.021 1.979
650.306 -3.648
650.592 -8.549
650.877 -14.549
651.162 -17.537
651.448 -17.169
651.733 -10.783
652.019 -5.920
652.304 -8.211
652.589 -13.327
652.875 -14.093
653.160 -13.327
653.446 -11.253
653.731 -6.139
654.016 -7.876
654.302 -9.607
654.587 -9.406
654.873 -12.278
655.158 -18.989
655.443 -17.119
655.729 -15.220
656.014 -22.329
656.299 -24.093
656.585 -21.238
656.870 -20.878
657.156 -20.885
657.441 -16.461
657.726 -9.128
658.012 -7.211
658.297 -0.441
658.583 3.240
658.868 4.403
659.153 5.389
659.439 2.066
659.724 -3.971
660.010 -4.160
660.295 -1.228
660.580 0.149
660.866 2.863
661.151 1.870
661.437 -0.669
661.722 -3.204
662.007 -5.344
662.293 -1.417
662.578 2.896
662.864 2.894
663.149 -2.029
663.434 -6.165
663.720 -9.914
664.005 -11.099
664.290 -16.846
664.576 -12.708
664.861 -9.346
665.147 -9.950
665.432 -4.396
665.717 1.544
666.003 -5.215
666.288 -11.772
666.574 -9.193
666.859 -9.977
667.144 -14.759
667.430 -14.373
667.715 -16.390
668.001 -16.590
668.286 -14.581
668.571 -1.002
668.857 1.573
669.142 10.159
669.428 10.358
669.713 -1.242
669.998 -17.057
670.284 -16.463
670.569 -14.452
670.855 -9.037
671.140 3.389
671.425 7.394
671.711 -0.253
671.996 -11.502
672.282 -24.163
672.567 -39.435
672.852 -42.269
673.138 -30.406
673.423 -20.150
673.708 -17.745
673.994 -12.722
674.279 -11.120
674.565 -20.216
674.850 -27.482
675.135 -27.088
675.421 -18.610
675.706 -12.148
675.992 -8.912
676.277 -0.622
676.562 8.276
676.848 2.618
677.133 -7.493
677.419 -8.927
677.704 -14.602
677.989 -18.446
678.275 -18.043
678.560 -10.564
678.846 -10.766
679.131 -14.623
679.416 -18.890
679.702 -24.589
679.987 -25.404
680.273 -21.964
680.558 -18.521
680.843 -17.714
681.129 -16.085
681.414 -15.475
681.700 -13.034
681.985 -13.851
682.270 -17.122
682.556 -12.850
682.841 -15.497
683.126 -21.810
683.412 -21.402
683.697 -17.113
683.983 -18.537
684.268 -13.239
684.553 -1.615
684.839 0.423
685.124 -1.615
685.410 -6.502
685.695 -15.464
685.980 -28.113
686.266 -33.004
686.551 -30.556
686.837 -23.835
687.122 -11.813
687.407 0.008
687.693 4.903
687.978 2.467
688.264 -9.345
688.549 -21.365
688.834 -27.470
689.120 -24.822
689.405 -23.798
689.691 -14.620
689.976 -10.532
690.261 -9.919
690.547 -14.185
690.832 -11.949
691.118 -5.664
691.403 -0.188
691.688 3.864
691.974 6.101
692.259 4.082
692.544 2.456
692.830 4.471
693.115 9.527
693.401 13.768
693.686 14.587
693.971 10.753
694.257 1.466
694.542 -10.047
694.828 -20.131
695.113 -23.162
695.398 -26.175
695.684 -22.335
695.969 -16.893
696.255 -11.445
696.540 -9.811
696.834 -8.595
697.127 -8.995
697.421 -11.807
697.715 -9.197
698.008 -4.578
698.302 1.444
698.596 6.861
698.889 9.268
699.183 4.457
699.477 5.054
699.771 4.047
700.064 -6.752
700.358 -10.150
700.652 -1.348
700.945 0.251
701.239 1.648
701.533 11.235
701.826 9.251
702.120 3.059
702.414 4.046
702.707 -1.334
703.001 -8.706
703.295 -3.527
703.588 -2.729
703.882 -8.897
704.176 -7.698
704.469 0.259
704.763 3.433
705.057 2.246
705.351 6.211
705.644 6.610
705.938 -2.900
706.232 -7.659
706.525 -4.292
706.819 -3.101
707.113 -5.465
707.406 4.035
707.700 10.362
707.994 12.725
708.287 8.965
708.581 7.184
708.875 -0.127
709.168 -9.999
709.462 -13.159
709.756 -8.226
710.049 1.844
710.343 8.954
710.637 11.324
710.931 9.944
711.224 9.153
711.518 6.191
711.812 5.006
712.105 8.356
712.399 6.586
712.693 3.237
712.986 3.631
713.280 5.597
713.574 5.597
713.867 8.946
714.161 11.896
714.455 13.665
714.748 6.780
715.042 3.434
715.336 3.827
715.629 3.640
715.923 -1.476
716.217 2.462
716.511 4.432
716.804 -0.691
717.098 -4.438
717.392 -4.438
717.685 -6.609
717.979 -7.399
718.273 -4.834
718.566 -0.282
718.860 4.864
719.154 11.406
719.447 11.007
719.741 10.608
720.035 12.198
720.328 10.021
720.622 5.856
720.916 12.415
721.209 16.790
721.503 12.434
721.797 9.460
722.091 2.285
722.384 -5.676
722.678 -10.851
722.972 -18.618
723.265 -21.416
723.559 -15.833
723.853 -11.039
724.146 -9.641
724.440 -2.267
724.734 4.126
725.027 5.524
725.321 2.128
725.615 -2.472
725.908 -5.668
726.202 -8.267
726.496 -6.865
726.789 1.136
727.083 8.337
727.377 14.535
727.671 16.336
727.964 16.337
728.258 10.939
728.552 4.332
728.845 -0.671
729.139 -2.270
729.433 -1.865
729.726 -0.052
730.020 4.760
730.314 8.575
730.607 11.387
730.901 6.167
731.195 -4.482
731.488 -9.310
731.782 -14.532
732.076 -17.142
732.369 -14.324
732.663 -4.270
732.957 1.768
733.251 7.405
733.544 4.587
733.838 4.991
734.132 3.786
734.425 4.196
734.719 3.393
735.013 8.028
735.306 13.075
735.600 15.101
735.894 9.245
736.187 5.814
736.481 4.608
736.775 7.460
737.068 14.148
737.362 22.856
737.656 28.734
737.949 27.519
738.243 23.083
738.537 21.896
738.831 28.412
739.124 32.097
739.418 41.058
739.712 40.453
740.005 34.168
740.299 26.865
740.593 21.777
740.886 21.167
741.180 25.864
741.474 31.373
741.767 34.250
742.061 37.315
742.355 40.790
742.648 41.012
742.942 37.148
743.236 38.999
743.529 36.968
743.823 29.642
744.117 24.948
744.411 25.362
744.704 21.060
744.998 19.843
745.292 25.580
745.585 32.954
745.879 36.440
746.173 41.574
746.466 49.359
746.760 51.636
747.054 56.960
747.347 62.106
747.641 63.348
747.935 64.603
748.228 63.190
748.522 60.572
748.816 59.765
749.109 59.173
749.403 66.155
749.697 78.513
749.991 84.019
750.284 90.591
750.578 95.699
750.872 86.470
751.165 75.939
751.459 69.010
751.753 70.059
752.046 74.408
752.340 81.381
752.634 88.828
752.927 92.292
753.221 93.115
753.515 99.077
753.808 103.845
754.102 102.387
754.396 110.437
754.689 114.934
754.983 117.988
755.277 125.162
755.571 138.902
755.864 143.396
756.158 144.862
756.452 142.838
756.745 140.756
757.039 139.731
757.333 146.168
757.626 152.508
757.920 160.008
758.214 164.321
758.507 163.060
758.801 165.583
759.095 177.150
759.388 188.012
759.682 195.777
759.976 200.185
760.269 202.195
760.563 201.583
760.857 196.010
761.151 200.801
761.444 213.734
761.738 222.644
762.032 224.143
762.325 228.920
762.619 229.604
762.913 233.286
763.206 236.400
763.500 243.586
763.798 258.364
764.097 275.366
764.395 283.485
764.693 291.190
764.992 296.160
765.290 298.620
765.588 296.347
765.887 298.114
766.185 303.187
766.483 316.242
766.782 328.201
767.080 340.622
767.378 358.234
767.677 368.482
767.975 372.839
768.273 380.488
768.571 395.885
768.870 405.213
769.168 418.573
769.466 442.593
769.765 463.775
770.063 482.016
770.361 501.456
770.660 523.486
770.958 535.502
771.256 542.009
771.555 551.191
771.853 565.963
772.151 583.835
772.450 601.397
772.748 625.713
773.046 650.038
773.345 666.900
773.643 681.417
773.941 700.452
774.240 717.769
774.538 728.998
774.836 742.282
775.135 760.925
775.433 777.763
775.731 794.844
776.030 820.393
776.328 846.581
776.626 868.313
776.925 886.675
777.223 906.832
777.521 932.131
777.819 958.583
778.118 984.042
778.416 1010.285
778.714 1028.360
779.013 1033.934
779.311 1042.660
779.609 1059.568
779.908 1076.892
780.206 1099.733
780.504 1126.701
780.803 1151.292
781.101 1170.379
781.399 1195.108
781.698 1220.892
781.996 1246.465
782.294 1271.393
782.593 1300.293
782.891 1321.012
783.189 1338.996
783.488 1355.913
783.786 1374.285
784.084 1391.600
784.383 1413.901
784.681 1440.338
784.979 1463.719
785.278 1484.528
785.576 1499.979
785.874 1509.969
786.173 1528.054
786.471 1555.579
786.769 1587.649
787.068 1611.709
787.366 1641.046
787.664 1667.194
787.962 1682.034
788.261 1693.843
788.559 1715.645
788.857 1737.087
789.156 1751.160
789.454 1779.755
789.752 1813.700
790.051 1845.894
790.349 1875.770
790.647 1906.552
790.946 1932.544
791.244 1953.541
791.542 1972.120
791.841 2000.675
792.139 2027.418
792.437 2045.303
792.736 2069.314
793.034 2097.979
793.332 2119.610
793.631 2148.781
793.929 2183.110
794.227 2206.658
794.526 2233.520
794.824 2261.886
795.122 2285.176
795.421 2308.793
795.719 2334.275
796.017 2349.061
796.316 2360.618
796.614 2371.654
796.912 2378.270
797.211 2400.204
797.509 2428.386
797.807 2449.316
798.105 2476.680
798.404 2516.176
798.702 2539.779
799.000 2558.184
799.299 2581.482
799.597 2603.533
799.895 2617.108
800.194 2639.312
800.492 2666.589
800.790 2696.273
801.089 2720.064
801.387 2740.274
801.685 2753.718
801.984 2768.742
802.282 2775.822
802.580 2786.743
802.879 2791.327
803.177 2797.742
803.475 2806.993
803.774 2826.780
804.072 2840.035
804.370 2861.133
804.669 2883.585
804.967 2897.021
805.265 2902.801
805.564 2910.058
805.862 2929.076
806.160 2938.794
806.459 2954.042
806.757 2955.836
807.055 2953.153
807.353 2943.078
807.652 2930.971
807.950 2919.114
808.248 2926.129
808.547 2940.252
808.845 2952.223
809.143 2961.424
809.442 2955.052
809.740 2947.392
810.038 2937.983
810.337 2920.940
810.635 2910.131
810.933 2905.125
811.232 2886.679
811.530 2862.507
811.831 2842.432
812.132 2826.688
812.432 2809.813
812.733 2797.589
813.034 2797.155
813.335 2793.421
813.636 2774.943
813.936 2754.934
814.237 2737.447
814.538 2703.775
814.839 2664.472
815.140 2629.424
815.440 2592.334
815.741 2556.416
816.042 2523.974
816.343 2491.385
816.644 2466.161
816.945 2444.924
817.245 2421.223
817.546 2394.938
817.847 2370.417
818.148 2332.107
818.449 2298.766
818.749 2272.353
819.050 2240.789
819.351 2206.943
819.652 2174.361
819.953 2143.540
820.253 2099.848
820.554 2051.290
820.855 2007.683
821.156 1971.647
821.457 1926.881
821.757 1881.978
822.058 1850.133
822.359 1813.813
822.660 1775.341
822.961 1735.143
823.261 1698.177
823.562 1657.534
823.863 1616.542
824.164 1572.267
824.465 1533.758
824.765 1502.854
825.066 1459.689
825.367 1420.210
825.668 1385.359
825.969 1346.469
826.269 1298.185
826.570 1262.798
826.871 1229.503
827.172 1192.073
827.473 1162.168
827.774 1132.136
828.074 1099.457
828.375 1063.443
828.676 1030.169
828.977 989.011
829.278 950.613
829.578 920.131
829.879 896.567
830.180 877.805
830.481 856.758
830.782 830.777
831.082 802.520
831.383 773.414
831.684 739.217
831.985 708.353
832.286 688.110
832.586 667.830
832.887 644.625
833.188 628.362
833.489 611.654
833.790 588.806
834.090 567.326
834.391 545.994
834.692 515.265
834.993 487.831
835.294 468.392
835.594 451.585
835.895 431.140
836.196 422.773
836.497 414.497
836.798 400.250
837.099 385.989
837.399 376.285
837.700 359.677
838.001 345.550
838.302 334.990
838.603 320.140
838.903 308.951
839.204 299.613
839.505 284.792
839.806 273.707
840.107 269.433
840.407 258.261
840.708 249.419
841.009 245.603
841.310 241.960
841.611 227.374
841.911 218.776
842.212 211.264
842.513 200.964
842.814 197.456
843.115 191.809
843.415 184.341
843.716 179.262
844.017 178.185
844.318 169.899
844.619 171.797
844.919 172.771
845.220 170.675
845.521 166.274
845.822 155.019
846.123 137.034
846.423 123.804
846.724 108.403
847.025 98.309
847.326 88.495
847.627 84.849
847.928 86.390
848.228 94.590
848.529 88.186
848.830 84.432
849.131 81.794
849.432 62.488
849.732 33.748
850.033 29.885
850.334 41.963
850.635 50.126
850.936 66.066
851.236 84.059
851.537 84.925
851.838 65.724
852.139 50.643
852.440 37.621
852.740 28.697
853.041 29.291
853.342 39.372
853.643 46.314
853.944 57.686
854.244 55.168
854.545 43.229
854.846 29.079
855.147 20.503
855.448 10.997
855.748 13.562
856.049 16.190
856.350 12.724
856.651 12.025
856.952 7.593
857.253 8.969
857.553 12.982
857.854 17.953
858.155 14.538
858.456 11.972
858.757 7.645
859.057 -0.215
859.358 -1.902
859.659 0.622
859.960 4.970
860.261 4.497
860.561 8.217
860.862 12.100
861.163 12.898
861.464 17.271
861.765 25.294
862.065 27.455
862.366 26.786
862.667 32.905
862.968 30.389
863.269 23.068
863.569 24.558
863.870 21.381
864.171 7.402
864.472 -4.757
864.773 -10.429
865.073 -15.147
865.374 -8.977
865.675 4.173
865.976 15.755
866.277 16.940
866.577 13.504
866.878 7.353
867.179 0.831
867.480 -3.577
867.781 1.517
868.082 5.679
868.382 11.680
868.683 19.731
868.984 26.625
869.285 25.668
869.586 18.780
869.886 4.832
870.187 -9.877
870.488 -21.013
870.789 -26.200
871.090 -19.889
871.390 -6.765
871.691 3.018
871.992 10.203
872.293 15.356
872.594 18.658
872.894 14.604
873.195 10.379
873.496 5.783
873.797 5.951
874.098 6.846
874.398 12.150
874.699 17.268
875.000 21.657
875.301 22.380
875.602 17.994
875.902 11.418
876.203 15.227
876.504 19.045
876.805 19.590
877.106 17.956
877.407 18.140
877.707 13.404
878.008 4.306
878.309 1.759
878.610 6.652
878.911 10.276
879.211 15.885
879.512 32.052
879.813 38.048
880.114 39.150
880.415 41.525
880.715 37.361
881.016 32.079
881.317 29.706
881.618 28.801
881.919 28.621
882.219 30.823
882.520 32.820
882.821 39.152
883.122 44.038
883.423 47.813
883.723 51.786
884.024 45.260
884.325 36.580
884.626 30.779
884.927 25.537
885.227 23.167
885.528 29.125
885.829 32.736
886.130 37.621
886.431 47.038
886.731 48.879
887.032 46.203
887.333 47.674
887.634 50.237
887.935 47.172
888.236 45.336
888.536 55.250
888.837 61.198
889.138 63.364
889.439 61.926
889.740 65.887
890.040 57.604
890.341 50.936
890.642 42.440
890.943 44.447
891.244 46.153
891.544 50.874
891.845 54.331
892.146 58.854
892.447 58.159
892.748 52.364
893.048 45.113
893.349 45.904
893.650 46.858
893.951 49.990
894.252 55.113
894.552 58.623
894.853 57.193
895.154 58.899
895.455 54.013
895.756 48.782
896.056 49.237
896.357 48.927
896.658 49.374
896.959 50.511
897.260 54.976
897.561 61.673
897.861 67.266
898.162 68.978
898.463 69.228
898.764 67.459
899.065 62.365
899.365 57.425
899.666 52.474
899.967 51.267
900.268 50.635
900.569 52.203
900.869 58.129
901.170 64.955
901.471 69.872
901.772 72.160
902.073 68.318
902.373 60.277
902.674 56.810
902.975 56.158
903.276 55.288
903.577 53.838
903.877 56.958
904.178 57.815
904.479 55.618
904.780 50.212
905.081 51.611
905.381 52.431
905.682 49.970
905.983 51.747
906.284 58.671
906.585 66.198
906.885 74.624
907.186 74.932
907.487 69.245
907.788 64.714
908.089 58.469
908.390 46.935
908.690 47.217
908.991 51.538
909.292 59.140
909.593 63.894
909.894 61.438
910.194 57.814
910.495 55.555
910.796 45.154
911.097 35.261
911.398 39.253
911.698 42.852
911.999 40.742
912.300 43.545
912.607 51.733
912.915 54.571
913.222 51.283
913.529 51.736
913.837 53.611
914.144 53.487
914.451 56.542
914.759 60.780
915.066 64.209
915.374 61.455
915.681 52.934
915.988 43.455
916.296 32.101
916.603 20.729
916.910 9.104
917.218 4.511
917.525 4.382
917.832 11.685
918.140 22.232
918.447 40.498
918.754 52.514
919.062 51.520
919.369 49.732
919.677 48.366
919.984 37.011
920.291 26.646
920.599 22.788
920.906 19.156
921.213 19.202
921.521 32.991
921.828 43.125
922.135 50.765
922.443 59.201
922.750 59.025
923.057 47.133
923.365 40.765
923.672 38.334
923.980 30.536
924.287 26.239
924.594 27.081
924.902 31.101
925.209 32.608
925.516 35.338
925.824 32.871
926.131 30.200
926.438 26.039
926.746 23.569
927.053 20.881
927.360 24.244
927.668 29.723
927.975 28.926
928.283 24.548
928.590 22.898
928.897 16.607
929.205 4.231
929.512 2.987
929.819 3.427
930.127 8.281
930.434 16.974
930.741 29.461
931.049 31.434
931.356 31.669
931.663 27.700
931.971 21.567
932.278 15.459
932.586 12.076
932.893 4.979
933.200 -0.401
933.508 5.511
933.815 5.349
934.122 4.093
934.430 7.758
934.737 6.376
935.044 -4.392
935.352 -10.158
935.659 -8.301
935.966 -5.368
936.274 4.785
936.581 8.356
936.889 17.994
937.196 16.252
937.503 9.037
937.811 1.919
938.118 -1.174
938.425 -2.620
938.733 2.505
939.040 13.764
939.347 19.104
939.655 17.784
939.962 10.775
940.269 9.493
940.577 1.432
940.884 -11.474
941.191 -14.840
941.499 -6.044
941.806 1.139
942.114 0.597
942.421 7.838
942.728 20.194
943.036 14.150
943.343 3.785
943.650 11.408
943.958 13.703
944.265 12.183
944.572 8.889
944.880 6.621
945.187 3.562
945.494 4.062
945.802 6.546
946.109 16.858
946.417 18.619
946.724 11.866
947.031 14.111
947.339 12.060
947.646 4.788
947.953 5.751
948.261 15.910
948.568 20.746
948.875 17.772
949.183 8.289
949.490 -0.962
949.797 -12.637
950.105 -28.162
950.412 -29.845
950.720 -10.803
951.027 -3.549
951.334 -2.488
951.642 11.793
951.949 13.238
952.256 3.426
952.564 -1.952
952.871 -0.933
953.178 -14.525
953.486 -24.024
953.793 -29.798
954.100 -31.125
954.408 -31.294
954.715 -23.406
955.023 -19.818
955.330 -23.601
955.637 -19.873
955.945 -13.920
956.252 -16.194
956.559 -13.645
956.867 -6.115
957.174 -5.627
957.481 -12.351
957.789 -13.892
958.096 -10.072
958.403 -13.368
958.711 -13.793
959.018 -3.335
959.326 -0.441
959.633 -1.103
959.940 7.749
960.248 12.163
960.555 5.972
960.862 6.630
961.170 4.657
961.477 -4.777
961.784 -8.716
962.092 -6.744
962.399 -5.219
962.706 -4.534
963.014 -0.791
963.321 3.575
963.629 0.760
963.936 -5.738
964.243 -11.593
964.551 -12.440
964.858 -18.288
965.165 -15.265
965.473 -4.073
965.780 13.517
966.092 21.670
966.404 24.271
966.716 24.265
967.028 14.182
967.340 -0.508
967.652 -11.389
967.964 -9.894
968.276 -9.267
968.588 -4.349
968.900 -0.924
969.212 -0.038
969.524 -3.423
969.836 -14.440
970.148 -24.389
970.460 -25.872
970.772 -28.414
971.084 -26.714
971.396 -15.483
971.708 -10.814
972.020 -15.011
972.332 -10.754
972.644 -13.909
972.956 -27.170
973.268 -25.894
973.580 -21.456
973.892 -21.863
974.204 -19.117
974.516 -11.309
974.828 -12.583
975.140 -14.268
975.452 -9.637
975.764 -10.053
976.076 -11.347
976.388 -15.917
976.700 -16.315
977.012 -26.646
977.324 -26.855
977.636 -20.725
977.948 -11.509
978.260 -3.118
978.572 5.538
978.884 2.405
979.196 -1.376
979.508 -6.843
979.820 -15.273
980.132 -21.605
980.444 -21.217
980.756 -19.318
981.068 -8.096
981.380 -0.871
981.692 6.532
982.004 9.067
982.316 5.690
982.628 -5.762
982.940 -11.486
983.252 -17.214
983.564 -21.463
983.876 -21.481
984.188 -17.441
984.500 -15.945
984.812 -10.844
985.124 -4.880
985.436 -7.648
985.748 -13.393
986.060 -12.972
986.372 -17.217
986.684 -18.916
986.996 -10.817
987.308 -3.354
987.620 -3.983
987.932 -2.500
988.244 -5.679
988.556 -10.998
988.868 -15.046
989.180 -15.254
989.492 -11.407
989.804 -7.583
990.116 -9.488
990.428 -8.201
990.740 -12.029
991.052 -19.280
991.364 -21.631
991.676 -22.296
991.988 -25.479
992.300 -19.935
992.612 -13.953
992.924 -10.522
993.236 -2.823
993.548 2.715
993.860 4.634
994.172 0.181
994.484 -3.416
994.796 -4.260
995.108 -7.450
995.420 -13.008
995.732 -10.691
996.044 -2.803
996.356 0.002
996.668 4.071
996.980 7.729
997.292 6.021
997.604 0.467
997.916 -4.468
998.228 -10.261
998.540 -13.684
998.852 -9.600
999.164 -2.947
999.476 1.368
999.788 6.751
1000.100 5.220
1000.412 -1.871
1000.724 -11.339
1001.036 -23.815
1001.348 -33.503
1001.660 -29.177
1001.972 -20.775
1002.284 -9.309
1002.596 6.639
1002.908 11.149
1003.220 5.763
1003.532 1.239
1003.844 -9.116
1004.156 -18.189
1004.468 -18.621
1004.780 -15.590
1005.092 -15.792
1005.404 -15.154
1005.716 -9.317
1006.028 -1.092
1006.340 -2.167
1006.652 -6.046
1006.964 -6.031
1007.276 -11.852
1007.588 -16.155
1007.900 -13.772
1008.212 -9.004
1008.524 -4.693
1008.836 2.178
1009.148 -4.647
1009.460 -8.688
1009.772 -9.307
1010.084 -15.944
1010.396 -23.810
1010.708 -14.440
1011.020 -7.819
1011.332 -5.681
1011.644 2.404
1011.956 8.965
1012.268 6.227
1012.580 5.809
1012.892 6.449
1013.204 0.993
1013.516 -1.944
1013.828 -7.556
1014.140 -9.639
1014.452 -4.035
1014.764 1.180
1015.076 -3.137
1015.388 -5.946
1015.700 -12.708
1016.012 -25.688
1016.324 -35.340
1016.636 -36.162
1016.948 -21.577
1017.260 -6.182
1017.572 1.627
1017.884 8.390
1018.196 14.168
1018.508 8.034
1018.820 2.514
1019.132 3.131
1019.444 3.947
1019.756 5.776
1020.068 7.601
1020.380 7.602
1020.692 5.779
1021.004 0.712
1021.316 -5.775
1021.628 -11.444
1021.940 -10.029
1022.252 -9.413
1022.564 -10.822
1022.876 -12.824
1023.188 -14.430
1023.500 -22.891
1023.812 -29.375
1024.124 -24.296
1024.436 -19.442
1024.748 -21.258
1025.060 -20.034
1025.372 -15.340
1025.684 -17.946
1025.996 -16.114
1026.308 -8.812
1026.620 -9.028
1026.932 -8.834
1027.244 -3.789
1027.556 -6.406
1027.868 -6.399
1028.180 0.264
1028.492 4.504
1028.804 -2.141
1029.116 -5.329
1029.428 -9.517
1029.740 -16.726
1030.052 -18.528
1030.364 -11.082
1030.676 -8.254
1030.988 -4.450
1031.300 1.359
1031.612 5.783
1031.924 7.761
1032.236 10.363
1032.548 5.607
1032.860 5.016
1033.172 -0.792
1033.484 -8.760
1033.796 -14.352
1034.108 -12.980
1034.420 -14.170
1034.732 -15.363
1035.044 -11.355
1035.356 -5.347
1035.668 -0.939
1035.980 -1.931
1036.292 -0.923
1036.604 -3.915
1036.916 -8.507
1037.228 -11.299
1037.540 -19.691
1037.852 -25.083
1038.164 -25.475
1038.476 -22.067
1038.788 -20.258
1039.100 -10.250
1039.412 -4.242
1039.724 -2.034
1040.036 -4.226
1040.348 -6.617
1040.660 -4.409
1040.972 -5.401
1041.284 -10.193
1041.596 -9.784
1041.908 -6.176
1042.220 -8.568
1042.532 -10.559
1042.844 -6.551
1043.156 -6.142
1043.468 -9.334
1043.780 -11.525
1044.092 -13.517
1044.404 -9.908
1044.716 -4.900
1045.028 -3.891
1045.340 2.117
1045.652 4.726
1045.964 -0.665
1046.276 -3.457
1046.588 -1.048
1046.900 0.161
1047.212 3.369
1047.524 10.378
1047.836 16.387
1048.148 16.796
1048.460 11.805
1048.772 14.413
1049.084 14.022
1049.396 6.431
1049.708 1.440
1050.020 -0.551
1050.332 -5.742
1050.644 -10.933
1050.956 -13.124
1051.268 -11.515
1051.580 -10.706
1051.892 -7.497
1052.204 -0.088
1052.516 5.521
1052.828 4.930
1053.140 10.740
1053.452 14.149
1053.764 9.558
1054.076 9.567
1054.388 16.576
1054.700 10.986
1055.012 3.995
1055.324 -2.396
1055.636 -12.386
1055.948 -21.977
1056.260 -15.568
1056.572 -3.958
1056.884 7.251
1057.196 14.861
1057.508 18.070
1057.820 12.080
1058.132 4.089
1058.444 -2.701
1058.756 -6.891
1059.068 -6.482
1059.380 -3.872
1059.692 -5.262
1060.004 -5.053
1060.316 5.557
1060.628 6.567
1060.940 -3.823
1061.252 -10.414
1061.564 -15.204
1061.876 -19.394
1062.188 -17.784
1062.500 -6.974
1062.812 -4.564
1063.124 0.246
1063.436 0.056
1063.748 -2.734
1064.060 -8.324
1064.372 -4.914
1064.684 -4.304
1064.996 -9.894
1065.308 -10.684
1065.620 -4.274
1065.932 -1.864
1066.244 -3.053
1066.556 3.157
1066.868 4.567
1067.180 -2.022
1067.492 -6.612
1067.804 -4.602
1068.116 -7.991
1068.428 -11.581
1068.740 -13.371
1069.052 -8.560
1069.364 -10.150
1069.676 -16.739
1069.988 -17.329
1070.300 -16.118
1070.612 -19.107
1070.924 -15.697
1071.236 -8.686
1071.548 -6.675
1071.860 -0.465
1072.172 1.346
1072.484 -0.043
1072.796 -2.032
1073.108 -3.622
1073.420 -8.411
1073.732 -15.400
1074.044 -19.789
1074.356 -16.778
1074.668 -10.567
1074.980 -4.156
1075.292 5.455
1075.604 12.866
1075.916 14.877
1076.228 10.088
1076.540 1.699
1076.852 -3.690
1077.164 -7.478
1077.476 -12.867
1077.788 -10.856
1078.100 -3.045
1078.412 1.567
1078.724 2.578
1079.036 3.189
1079.348 -2.399
1079.660 -6.788
1079.972 -8.976
1080.284 -12.365
1080.596 -12.753
1080.908 -10.542
1081.220 -12.130
1081.532 -11.719
1081.844 -4.307
1082.156 -6.695
1082.468 -10.484
1082.780 -8.472
1083.092 -11.860
1083.404 -16.248
1083.716 -7.237
1084.028 4.975
1084.340 7.787
1084.652 7.799
1084.964 4.011
1085.276 -0.177
1085.588 -6.165
1085.900 -10.353
1086.212 -6.541
1086.524 -4.729
1086.836 -5.117
1087.148 -1.105
1087.460 5.307
1087.772 5.920
1088.084 3.332
1088.396 0.744
1088.708 -4.044
1089.020 -10.831
1089.332 -9.219
1089.644 -1.006
1089.956 7.606
1090.268 16.418
1090.580 18.031
1090.892 6.043
1091.204 -0.544
1091.516 -6.331
1091.828 -10.919
1092.140 -5.706
1092.464 8.307
1092.788 13.119
1093.112 16.932
1093.436 13.545
1093.760 4.958
1094.084 -4.430
1094.408 -14.017
1094.732 -19.004
1095.056 -14.191
1095.380 -10.578
1095.703 -4.365
1096.027 6.248
1096.351 11.261
1096.675 10.474
1096.999 15.487
1097.323 16.501
1097.647 13.114
1097.971 5.327
1098.295 0.940
1098.619 1.154
1098.943 -4.033
1099.267 -4.820
1099.591 0.794
1099.915 3.207
1100.239 -0.179
1100.563 -4.366
1100.887 -11.952
1101.211 -18.139
1101.535 -18.125
1101.859 -17.712
1102.182 -11.698
1102.506 -9.284
1102.830 -8.670
1103.154 -6.857
1103.478 -8.043
1103.802 -8.029
1104.126 -5.415
1104.450 -5.001
1104.774 -5.987
1105.098 -0.173
1105.422 -3.159
1105.746 -5.545
1106.070 -3.331
1106.394 -9.117
1106.718 -19.303
1107.042 -17.089
1107.366 -12.075
1107.690 -10.060
1108.014 -6.046
1108.338 -1.432
1108.662 1.583
1108.985 5.797
1109.309 14.212
1109.633 18.226
1109.957 23.240
1110.281 20.455
1110.605 10.870
1110.929 0.684
1111.253 -4.501
1111.577 -9.487
1111.901 -8.072
1112.225 -1.857
1112.549 4.758
1112.873 10.773
1113.197 10.787
1113.521 5.202
1113.845 1.617
1114.169 -1.568
1114.493 -2.753
1114.817 0.462
1115.141 13.477
1115.464 20.292
1115.788 18.107
1116.112 16.923
1116.436 13.938
1116.760 2.953
1117.084 -9.832
1117.408 -13.816
1117.732 -10.601
1118.056 -5.586
1118.380 0.230
1118.704 14.445
1119.028 22.861
1119.352 19.476
1119.676 8.092
1120.000 1.107
1120.324 -11.077
1120.648 -17.261
1120.972 -15.846
1121.296 -10.630
1121.620 -7.414
1121.944 0.802
1122.267 0.018
1122.591 -5.967
1122.915 -6.551
1123.239 -10.135
1123.563 -17.919
1123.887 -16.303
1124.211 -12.887
1124.535 -12.070
1124.859 -4.254
1125.183 10.762
1125.507 19.178
1125.831 16.394
1126.155 17.811
1126.479 14.627
1126.803 7.043
1127.127 1.660
1127.451 5.676
1127.775 0.493
1128.099 -0.691
1128.423 -0.874
1128.746 -3.658
1129.070 -5.441
1129.394 -6.425
1129.718 -6.608
1130.042 -8.591
1130.366 -7.374
1130.690 -9.158
1131.014 -4.541
1131.338 1.276
1131.662 6.693
1131.986 7.910
1132.310 11.327
1132.634 12.144
1132.958 3.361
1133.282 2.378
1133.606 6.795
1133.930 10.812
1134.254 14.029
1134.578 18.647
1134.902 16.464
1135.226 10.281
1135.549 2.899
1135.873 -2.884
1136.197 -6.267
1136.521 -8.449
1136.845 -3.832
1137.169 2.386
1137.493 1.803
1137.817 1.021
1138.141 -1.761
1138.465 -4.944
1138.789 -3.926
1139.113 -0.708
1139.437 -0.691
1139.761 12.127
1140.085 15.745
1140.409 11.363
1140.733 6.581
1141.057 9.199
1141.381 5.017
1141.705 -2.165
1142.028 -8.347
1142.352 -1.529
1142.676 5.889
1143.000 7.307
1143.324 16.725
1143.648 23.944
1143.972 22.162
1144.296 13.780
1144.620 8.798
1144.944 1.617
1145.268 -2.165
1145.592 -1.946
1145.916 -0.328
1146.240 -1.109
1146.564 5.709
1146.888 14.528
1147.212 18.946
1147.536 20.565
1147.860 19.584
1148.184 15.002
1148.507 4.421
1148.831 -4.760
1149.155 -3.941
1149.479 0.477
1149.803 -3.504
1150.127 -8.885
1150.451 -12.666
1150.775 -19.847
1151.099 -27.228
1151.423 -29.809
1151.747 -25.190
1152.071 -17.171
1152.395 -11.352
1152.719 -4.932
1153.043 -3.513
1153.367 -2.894
1153.691 -3.075
1154.015 -8.655
1154.339 -19.036
1154.663 -15.817
1154.987 -13.997
1155.310 -14.778
1155.634 -8.558
1155.958 -0.739
1156.282 -5.919
1156.606 -6.500
1156.930 -8.080
1157.254 -9.061
1157.578 -13.441
1157.902 -9.021
1158.226 -1.202
1158.550 6.418
1158.874 10.238
1159.198 15.857
1159.522 24.477
1159.846 24.697
1160.170 20.117
1160.494 17.937
1160.818 18.157
1161.142 20.177
1161.466 22.997
1161.790 25.417
1162.113 28.637
1162.437 32.657
1162.761 32.477
1163.085 30.497
1163.409 26.317
1163.733 20.137
1164.057 11.358
1164.381 -1.822
1164.705 -7.202
1165.029 -5.582
1165.353 -5.761
1165.677 -1.941
1166.001 3.679
1166.325 4.700
1166.649 5.520
1166.973 11.141
1167.297 12.561
1167.621 15.382
1167.945 17.402
1168.269 20.623
1168.592 23.443
1168.916 24.264
1169.240 14.484
1169.564 11.305
1169.888 9.926
1170.212 4.546
1170.536 -3.233
1170.860 2.988
1171.184 9.409
1171.508 8.029
1171.832 7.050
1172.156 12.271
1172.480 10.492
1172.804 -0.887
1173.128 -8.067
1173.452 -10.446
1173.776 -14.025
1174.100 -16.404
1174.424 -12.783
1174.748 -8.962
1175.072 -9.341
1175.395 -7.720
1175.719 -6.699
1176.043 -7.078
1176.367 -7.657
1176.691 -6.036
1177.015 -6.815
1177.339 -4.194
1177.663 0.427
1177.987 0.249
1178.311 -2.130
1178.635 1.491
1178.959 4.712
1179.283 3.933
1179.607 6.354
1179.931 8.976
1180.255 11.597
1180.579 12.018
1180.903 10.439
1181.227 9.661
1181.551 11.082
1181.874 10.703
1182.198 5.525
1182.522 5.946
1182.846 9.567
1183.170 8.988
1183.494 4.010
1183.818 8.431
1184.142 9.052
1184.466 3.074
1184.790 -3.505
1185.114 -8.883
1185.438 -19.862
1185.762 -22.841
1186.086 -9.819
1186.410 4.402
1186.734 16.024
1187.058 29.445
1187.382 44.066
1187.706 43.088
1188.030 36.109
1188.353 35.931
1188.677 36.552
1189.001 22.774
1189.325 9.195
1189.649 6.616
1189.973 1.238
1190.297 -5.141
1190.621 -8.719
1190.945 -3.498
1191.269 2.324
1191.593 5.345
1191.917 4.766
1192.241 8.188
1192.565 6.409
1192.889 0.631
1193.213 -3.148
1193.537 -1.526
1193.861 1.295
1194.185 2.516
1194.509 1.738
1194.833 2.159
1195.156 -3.620
1195.480 -10.598
1195.804 -12.577
1196.128 -8.155
1196.452 -0.134
1196.776 10.087
1197.100 20.309
1197.424 19.130
1197.748 14.951
1198.072 8.572
1198.396 3.394
1198.720 -12.785
1199.044 -14.764
1199.368 -7.342
1199.692 -7.721
1200.016 -5.700
1200.340 11.321
1200.664 19.542
1200.988 10.763
1201.312 9.185
1201.635 1.006
1201.959 -10.773
1202.283 -9.552
1202.607 -1.131
1202.931 3.490
1203.255 9.311
1203.579 14.532
1203.903 10.953
1204.227 10.574
1204.551 10.195
1204.875 9.216
1205.199 -0.563
1205.523 -5.742
1205.847 -7.722
1206.171 -9.301
1206.495 -11.080
1206.819 -3.059
1207.143 -2.839
1207.467 -7.418
1207.791 -11.597
1208.115 -11.377
1208.438 -7.956
1208.762 1.065
1209.086 7.085
1209.410 11.106
1209.734 13.126
1210.058 16.347
1210.382 7.967
1210.706 -1.613
1211.030 -5.792
1211.354 -9.172
1211.678 -11.752
1212.002 -2.732
1212.326 8.889
1212.650 16.109
1212.974 27.329
1213.298 33.349
1213.622 29.969
1213.946 24.989
1214.270 18.009
1214.594 12.029
1214.917 13.049
1215.241 19.468
1215.565 24.688
1215.889 34.908
1216.213 41.327
1216.537 34.347
1216.861 21.767
1217.185 10.986
1217.509 5.406
1217.833 -4.375
1218.157 -12.356
1218.481 -4.136
1218.805 4.483
1219.129 -0.498
1219.453 -7.879
1219.777 -7.060
1220.101 -8.041
1220.425 -13.222
1220.749 -11.203
1221.073 -0.984
1221.397 5.835
1221.720 5.254
1222.044 9.472
1222.368 11.491
1222.692 6.509
1223.016 0.928
1223.340 -8.854
1223.664 -20.635
1223.988 -22.017
1224.312 -20.799
1224.636 -13.981
1224.960 -0.363
1225.284 3.855
1225.608 3.873
1225.932 8.291
1226.256 9.509
1226.580 2.927
1226.904 2.345
1227.228 -2.038
1227.552 -2.620
1227.876 -10.203
1228.199 -10.986
1228.523 -7.968
1228.847 -7.551
1229.171 -9.934
1229.495 -13.517
1229.819 -14.500
1230.143 -15.283
1230.467 -11.066
1230.791 -4.449
1231.115 3.767
1231.439 6.784
1231.763 11.292
1232.087 14.801
