181.241 -29.071
181.495 -14.404
181.749 -0.738
182.003 7.595
182.257 26.929
182.511 47.262
182.765 59.595
183.019 31.929
183.273 6.595
183.528 -13.071
183.782 -21.405
184.036 -24.405
184.290 -18.405
184.544 1.928
184.798 31.928
185.052 33.262
185.306 20.262
185.560 0.262
185.814 -6.405
186.068 -0.405
186.322 11.595
186.576 14.928
186.830 20.595
187.084 9.261
187.339 14.595
187.593 14.928
187.847 25.595
188.101 24.928
188.355 11.928
188.609 8.261
188.863 -2.072
189.117 8.261
189.371 9.594
189.625 29.594
189.879 24.261
190.133 22.261
190.387 20.928
190.641 11.928
190.895 -3.739
191.150 -26.406
191.404 -27.739
191.658 6.594
191.912 24.594
192.166 33.261
192.420 0.261
192.674 0.594
192.928 0.594
193.182 11.260
193.436 -0.073
193.690 11.594
193.944 19.594
194.198 34.594
194.452 34.260
194.706 29.260
194.961 31.260
195.215 27.594
195.469 38.927
195.723 22.260
195.977 17.593
196.231 -1.073
196.485 -5.073
196.739 -3.073
196.993 12.593
197.247 30.927
197.501 40.593
197.755 10.926
198.009 -6.407
198.263 -32.740
198.517 -3.407
198.772 -1.074
199.026 15.926
199.280 20.593
199.534 27.260
199.788 30.593
200.042 15.259
200.296 -1.074
200.550 -4.074
200.804 -1.074
201.058 9.259
201.312 13.926
201.566 -2.407
201.820 -0.408
202.074 8.259
202.328 23.259
202.583 15.926
202.837 -5.074
203.091 12.926
203.345 7.259
203.599 15.592
203.853 -0.408
204.107 1.925
204.361 -12.075
204.615 -20.741
204.869 -12.741
205.123 -10.741
205.377 2.925
205.631 14.925
205.885 28.925
206.139 14.925
206.394 22.925
206.648 9.592
206.902 13.925
207.156 -1.742
207.410 8.925
207.664 21.925
207.918 8.592
208.172 -8.075
208.426 -13.742
208.680 -2.409
208.934 9.925
209.188 12.925
209.442 14.258
209.696 22.925
209.950 1.591
210.205 6.591
210.459 -11.409
210.713 -4.409
210.967 -14.076
211.221 1.924
211.475 2.258
211.729 8.591
211.983 -14.076
212.237 -15.409
212.491 -21.076
212.745 -7.076
212.999 -6.076
213.253 9.591
213.507 22.924
213.761 17.924
214.016 5.924
214.270 -9.743
214.524 2.924
214.778 16.924
215.032 41.257
215.286 40.590
215.540 22.924
215.794 19.590
216.048 11.924
216.302 0.257
216.556 -31.077
216.810 -25.743
217.064 -22.077
217.318 -7.410
217.572 4.257
217.827 22.590
218.081 30.257
218.335 21.257
218.589 -1.077
218.843 2.256
219.097 16.256
219.351 24.590
219.605 10.590
219.859 6.923
220.113 9.256
220.367 -9.744
220.621 -19.744
220.875 -16.744
221.129 17.589
221.383 11.589
221.638 22.256
221.892 21.589
222.146 24.923
222.400 36.256
222.654 34.922
222.908 36.256
223.162 7.922
223.416 -12.078
223.670 -20.411
223.924 -10.078
224.178 4.922
224.432 10.589
224.686 14.589
224.940 14.255
225.195 9.255
225.449 7.255
225.703 14.922
225.957 23.922
226.211 21.922
226.465 15.589
226.719 5.255
226.973 3.588
227.227 -4.412
227.481 0.588
227.735 -5.412
227.989 -3.745
228.243 6.588
228.497 8.588
228.751 16.255
229.006 13.588
229.260 14.921
229.514 14.255
229.768 21.921
230.022 18.921
230.276 14.255
230.530 -25.079
230.784 -44.412
231.038 -65.746
231.292 -45.412
231.546 -12.746
231.800 13.921
232.054 38.921
232.308 31.254
232.562 24.254
232.817 -7.746
233.071 -15.079
233.325 -22.413
233.579 -9.079
233.833 -15.413
234.087 9.254
234.341 13.587
234.595 35.254
234.849 30.920
235.103 29.587
235.357 28.587
235.611 9.587
235.865 2.920
236.119 -0.746
236.373 22.253
236.628 36.920
236.882 16.253
237.136 -5.747
237.390 -18.747
237.644 8.920
237.898 22.920
238.152 32.253
238.406 23.920
238.660 20.586
238.914 13.586
239.168 12.586
239.422 9.253
239.676 -1.414
239.930 -4.080
240.184 -17.081
240.439 -2.414
240.693 -7.414
240.947 13.919
241.201 7.253
241.455 16.586
241.709 9.919
241.963 14.253
242.217 13.252
242.471 10.919
242.725 19.919
242.979 9.586
243.233 6.252
243.487 -20.414
243.741 -18.081
243.995 -12.081
244.250 13.252
244.504 33.252
244.758 41.252
245.012 30.252
245.266 27.585
245.520 24.252
245.774 16.252
246.028 -1.082
246.282 -12.082
246.536 2.918
246.790 15.918
247.044 25.918
247.298 22.252
247.552 10.585
247.806 2.918
248.061 -5.082
248.315 -0.082
248.569 3.585
248.823 13.251
249.077 25.918
249.331 26.251
249.585 27.584
249.839 19.584
250.093 23.584
250.347 27.918
250.601 20.251
250.855 12.584
251.109 8.584
251.363 4.917
251.617 23.917
251.872 31.917
252.126 30.251
252.380 16.251
252.634 9.917
252.888 14.251
253.142 -0.416
253.396 -25.416
253.650 -28.416
253.904 -17.750
254.159 11.917
254.413 14.584
254.667 20.250
254.922 13.917
255.176 5.250
255.431 -23.417
255.685 -31.083
255.939 -29.750
256.194 -6.083
256.448 -5.417
256.702 9.250
256.957 22.583
257.211 36.250
257.465 26.916
257.720 12.916
257.974 -3.084
258.228 -4.750
258.483 -9.084
258.737 5.916
258.992 22.916
259.246 14.916
259.500 -3.084
259.755 -9.084
260.009 2.916
260.263 13.916
260.518 13.249
260.772 17.582
261.026 14.249
261.281 16.249
261.535 27.582
261.789 39.916
262.044 32.582
262.298 26.249
262.553 18.915
262.807 20.249
263.061 13.249
263.316 1.915
263.570 6.582
263.824 8.249
264.079 16.248
264.333 7.582
264.587 8.248
264.842 10.915
265.096 34.915
265.351 53.248
265.605 36.581
265.859 -8.752
266.114 -41.752
266.368 -31.419
266.622 -11.419
266.877 3.581
267.131 12.248
267.385 27.248
267.640 23.248
267.894 13.581
268.148 6.248
268.403 16.581
268.657 27.248
268.912 40.914
269.166 39.581
269.420 25.581
269.675 8.914
269.929 -21.086
270.183 -33.753
270.438 -49.419
270.692 -37.419
270.946 -17.086
271.201 -16.420
271.455 -4.420
271.709 -12.753
271.964 -9.420
272.218 0.247
272.473 10.914
272.727 17.913
272.981 -4.420
273.236 -4.087
273.490 -2.087
273.744 10.580
273.999 -1.087
274.253 -6.754
274.507 -15.754
274.762 -17.087
275.016 -8.087
275.271 4.580
275.525 28.913
275.779 44.913
276.034 41.913
276.288 32.246
276.542 18.913
276.797 18.913
277.051 11.246
277.305 23.913
277.560 30.579
277.814 35.579
278.068 1.246
278.323 -17.421
278.577 2.579
278.832 22.579
279.086 44.246
279.340 10.245
279.595 1.579
279.849 -31.755
280.103 -33.421
280.358 -33.755
280.612 -8.421
280.866 -11.421
281.121 -6.755
281.375 -11.755
281.629 14.578
281.884 3.578
282.138 -1.422
282.393 -7.422
282.647 -1.755
282.901 9.245
283.156 3.911
283.410 15.578
283.664 12.245
283.919 19.578
284.173 23.245
284.427 32.578
284.682 22.578
284.936 11.244
285.191 -4.089
285.445 10.911
285.699 11.578
285.954 4.244
286.208 -5.089
286.462 5.911
286.717 25.577
286.971 21.911
287.225 14.911
287.480 1.577
287.734 -9.423
287.988 -3.756
288.243 6.244
288.497 23.244
288.752 25.577
289.006 36.244
289.260 24.910
289.515 12.243
289.769 -1.090
290.023 9.910
290.278 -7.090
290.532 -22.757
290.786 -34.424
291.041 -10.090
291.295 6.576
291.549 7.243
291.804 7.243
292.058 -1.090
292.313 20.243
292.567 3.243
292.821 -8.091
293.076 -33.757
293.330 -5.424
293.584 11.909
293.839 35.576
294.093 14.576
294.347 30.576
294.602 23.909
294.856 42.242
295.111 13.242
295.365 4.576
295.619 -12.758
295.874 -13.091
296.128 -10.758
296.382 0.909
296.637 15.242
296.891 36.575
297.145 56.242
297.400 55.908
297.654 25.908
297.908 7.575
298.163 5.575
298.417 15.242
298.672 2.908
298.926 -1.425
299.180 -4.759
299.435 8.241
299.689 11.575
299.943 22.575
300.198 12.241
300.452 11.908
300.706 6.908
300.961 21.574
301.215 12.241
301.469 -5.759
301.724 -23.426
301.978 -15.759
302.233 5.907
302.487 -4.426
302.741 -0.093
302.996 -7.759
303.250 19.574
303.504 14.907
303.759 18.240
304.013 11.907
304.267 15.574
304.522 -1.426
304.776 -15.760
305.031 -26.760
305.285 -10.760
305.539 -12.427
305.794 -10.760
306.048 -13.093
306.302 4.573
306.557 32.240
306.811 58.906
307.065 49.906
307.320 27.573
307.574 9.906
307.828 -3.760
308.083 3.239
308.337 -3.094
308.592 22.573
308.846 26.573
309.100 28.239
309.355 32.906
309.609 48.239
309.863 52.906
310.118 42.906
310.372 14.906
310.626 7.906
310.881 -0.428
311.135 18.905
311.389 23.572
311.644 26.572
311.898 16.572
312.153 4.572
312.407 3.238
312.661 -9.428
312.916 -10.428
313.170 -7.095
313.429 -23.762
313.688 -20.762
313.947 -11.762
314.206 28.571
314.465 24.905
314.724 26.571
314.983 14.571
315.242 15.571
315.501 4.571
315.760 -0.429
316.019 13.238
316.278 29.238
316.536 30.238
316.795 27.238
317.054 6.237
317.313 16.904
317.572 -5.096
317.831 -8.763
318.090 -30.429
318.349 -4.429
318.608 7.237
318.867 22.904
319.126 17.570
319.385 11.904
319.644 14.570
319.903 3.237
320.162 -8.097
320.421 -14.763
320.680 -9.430
320.939 -2.763
321.198 0.237
321.457 15.570
321.716 29.570
321.975 37.903
322.234 21.903
322.493 12.903
322.752 20.570
323.010 32.903
323.269 42.236
323.528 33.236
323.787 38.903
324.046 37.236
324.305 29.236
324.564 18.569
324.823 14.236
325.082 15.902
325.341 10.569
325.600 5.569
325.859 3.569
326.118 10.569
326.377 24.902
326.636 30.569
326.895 20.902
327.154 12.902
327.413 12.902
327.672 8.235
327.931 18.902
328.190 17.902
328.449 28.902
328.708 23.901
328.967 17.901
329.226 21.235
329.485 24.235
329.743 23.901
330.002 19.901
330.261 9.901
330.520 11.901
330.779 6.568
331.038 17.568
331.297 14.234
331.556 15.234
331.815 -6.099
332.074 2.567
332.333 9.567
332.592 11.901
332.851 -8.099
333.110 -19.433
333.369 -8.766
333.628 19.900
333.887 31.234
334.146 32.900
334.405 20.233
334.664 21.567
334.923 10.900
335.182 -10.433
335.441 -23.100
335.700 -17.767
335.959 -7.434
336.217 4.900
336.476 3.566
336.735 8.900
336.994 -15.434
337.253 -7.767
337.512 -4.767
337.771 22.899
338.030 11.233
338.289 22.233
338.548 14.899
338.807 32.566
339.066 30.899
339.325 23.232
339.584 16.232
339.843 17.899
340.102 25.565
340.361 27.565
340.620 -10.768
340.879 -17.435
341.138 -27.768
341.397 4.232
341.656 14.565
341.915 33.898
342.174 29.565
342.433 27.232
342.691 23.565
342.950 33.898
343.209 42.565
343.468 41.565
343.727 36.565
343.986 32.898
344.245 20.898
344.504 10.898
344.763 9.898
345.022 -7.436
345.281 -10.102
345.540 -24.103
345.799 0.231
346.058 -8.103
346.317 -15.436
346.576 -17.769
346.835 -3.436
347.094 3.897
347.353 4.897
347.612 11.564
347.871 25.564
348.130 22.563
348.389 25.897
348.648 2.563
348.907 7.230
349.166 -2.437
349.424 6.563
349.683 -5.104
349.942 -8.437
350.201 -1.104
350.460 17.230
350.719 17.563
350.978 25.229
351.237 18.229
351.496 32.229
351.755 20.563
352.014 13.229
352.273 -3.104
352.532 1.562
352.791 4.229
353.050 -6.104
353.309 10.895
353.568 18.895
353.827 47.229
354.086 47.562
354.345 21.229
354.604 2.895
354.863 -13.772
355.122 -6.105
355.381 -6.438
355.640 -5.772
355.898 2.895
356.157 18.228
356.416 11.895
356.675 10.895
356.934 4.895
357.193 16.894
357.452 7.894
357.711 2.228
357.970 -11.439
358.229 -13.106
358.488 -2.106
358.747 3.227
359.006 16.561
359.265 0.894
359.524 13.894
359.783 9.560
360.042 6.894
360.301 -11.773
360.560 4.560
360.819 43.227
361.078 65.227
361.337 52.893
361.596 37.893
361.855 34.893
362.114 33.893
362.372 16.893
362.631 -6.440
362.890 -5.774
363.149 1.560
363.408 24.893
363.667 20.226
363.926 14.226
364.185 4.226
364.444 6.559
364.703 8.226
364.962 5.559
365.221 9.559
365.480 21.226
365.741 44.226
366.002 48.226
366.264 34.225
366.525 14.892
366.786 15.559
367.047 18.559
367.308 15.559
367.570 9.892
367.831 -1.108
368.092 -29.442
368.353 -31.442
368.614 -11.775
368.876 9.225
369.137 -5.109
369.398 -11.442
369.659 1.225
369.920 10.891
370.182 13.891
370.443 25.224
370.704 29.891
370.965 30.558
371.226 5.224
371.488 -10.443
371.749 -28.776
372.010 -20.109
372.271 -0.443
372.532 10.890
372.794 13.890
373.055 8.890
373.316 -1.443
373.577 -9.110
373.838 -11.110
374.100 3.557
374.361 18.557
374.622 30.557
374.883 19.556
375.144 17.890
375.406 14.556
375.667 29.890
375.928 16.223
376.189 19.889
376.450 18.223
376.712 38.556
376.973 30.223
377.234 33.223
377.495 43.222
377.756 44.556
378.018 33.889
378.279 19.556
378.540 15.889
378.801 15.889
379.062 5.889
379.324 7.222
379.585 8.222
379.846 2.888
380.107 5.555
380.368 -3.445
380.630 -11.112
380.891 -11.112
381.152 1.888
381.413 17.221
381.674 28.221
381.936 36.555
382.197 35.888
382.458 27.221
382.719 30.554
382.980 32.888
383.242 29.887
383.503 20.221
383.764 15.554
384.025 -3.113
384.286 -15.113
384.548 -14.113
384.809 10.887
385.070 18.887
385.331 7.220
385.592 -13.113
385.854 -0.447
386.115 15.220
386.376 37.553
386.637 33.220
386.898 39.220
387.160 35.886
387.421 20.220
387.682 8.220
387.943 -3.781
388.204 -1.781
388.466 -4.781
388.727 4.886
388.988 17.886
389.249 25.552
389.510 29.886
389.772 33.552
390.033 34.886
390.294 35.219
390.555 39.885
390.816 45.885
391.078 29.885
391.339 12.885
391.600 0.552
391.861 26.218
392.122 35.552
392.384 42.885
392.645 26.551
392.906 12.551
393.167 7.218
393.428 14.218
393.690 30.551
393.951 44.884
394.212 45.218
394.473 44.218
394.734 30.218
394.996 17.551
395.257 5.884
395.518 2.551
395.779 -4.116
396.040 0.550
396.302 6.550
396.563 18.550
396.824 23.884
397.085 19.884
397.346 28.217
397.608 14.550
397.869 22.883
398.130 -0.783
398.391 7.550
398.652 -14.117
398.914 0.550
399.175 -17.784
399.436 1.883
399.697 -8.451
399.958 12.549
400.220 7.216
400.481 23.882
400.742 4.882
401.003 9.882
401.264 9.549
401.526 28.216
401.787 29.882
402.048 39.215
402.309 44.882
402.570 34.549
402.832 26.215
403.093 11.215
403.354 29.215
403.615 30.215
403.876 39.548
404.138 50.881
404.399 54.881
404.660 50.215
404.931 38.881
405.202 36.881
405.473 35.548
405.745 17.548
406.016 -0.453
406.287 4.214
406.558 17.881
406.829 40.881
407.100 64.547
407.371 60.214
407.642 43.547
407.914 19.214
408.185 12.547
408.456 14.880
408.727 30.547
408.998 41.880
409.269 36.880
409.540 30.213
409.811 27.546
410.083 37.546
410.354 21.546
410.625 14.546
410.896 14.879
411.167 18.213
411.438 17.213
411.709 27.212
411.981 38.879
412.252 47.879
412.523 31.546
412.794 23.212
413.065 18.545
413.336 32.879
413.607 30.545
413.878 34.212
414.150 21.878
414.421 26.878
414.692 27.878
414.963 34.878
415.234 47.545
415.505 34.878
415.776 42.211
416.047 19.878
416.319 8.544
416.590 -23.789
416.861 -12.789
417.132 10.211
417.403 42.211
417.674 51.877
417.945 54.544
418.217 35.544
418.488 26.877
418.759 21.544
419.030 37.210
419.301 23.210
419.572 21.877
419.843 5.877
420.114 10.543
420.386 17.876
420.657 34.210
420.928 47.876
421.199 45.876
421.470 38.209
421.741 26.209
422.012 21.209
422.283 10.876
422.555 26.876
422.826 36.876
423.097 47.542
423.368 41.542
423.639 37.875
423.910 33.875
424.181 33.875
424.453 34.542
424.724 19.208
424.995 4.542
425.266 -8.458
425.537 25.875
425.808 46.875
426.079 67.541
426.350 58.208
426.622 49.541
426.893 51.874
427.164 57.874
427.435 59.541
427.706 49.208
427.977 39.541
428.248 33.541
428.519 31.541
428.791 19.874
429.062 20.207
429.333 18.207
429.604 32.207
429.875 36.540
430.146 40.873
430.417 32.207
430.689 42.873
430.960 48.540
431.231 54.206
431.502 47.206
431.773 29.873
432.044 18.873
432.315 5.206
432.586 11.539
432.858 23.873
433.129 30.872
433.400 35.539
433.671 57.206
433.942 74.539
434.213 105.539
434.484 101.205
434.755 115.539
435.027 103.538
435.298 111.538
435.569 106.538
435.840 104.538
436.114 86.871
436.388 70.205
436.663 57.538
436.937 52.538
437.211 57.538
437.485 66.871
437.759 54.204
438.034 26.537
438.308 19.204
438.582 31.871
438.856 42.871
439.130 35.204
439.405 23.537
439.679 25.870
439.953 41.537
440.227 61.870
440.501 63.537
440.776 39.203
441.050 9.536
441.324 17.536
441.598 18.536
441.872 30.536
442.147 29.203
442.421 26.536
442.695 16.536
442.969 14.869
443.244 30.202
443.518 36.869
443.792 36.869
444.066 30.535
444.340 49.535
444.615 53.869
444.889 83.535
445.163 65.202
445.437 50.202
445.711 2.535
445.986 16.201
446.260 5.868
446.534 31.201
446.808 28.868
447.082 44.868
447.357 27.868
447.631 31.534
447.905 27.867
448.179 34.201
448.453 27.534
448.728 27.534
449.002 33.867
449.276 36.200
449.550 46.200
449.824 59.534
450.099 67.732
450.373 73.870
450.647 73.629
450.921 60.017
451.195 57.989
451.470 50.023
451.744 56.240
452.018 62.754
452.292 63.009
452.566 64.605
452.841 56.973
453.115 55.935
453.389 68.643
453.663 63.658
453.937 68.502
454.212 47.223
454.486 39.690
454.760 35.427
455.034 53.684
455.308 66.404
455.583 67.995
455.857 50.040
456.131 29.815
456.405 29.508
456.680 21.696
456.954 22.673
457.228 18.453
457.502 35.071
457.776 50.045
458.051 64.692
458.325 64.057
458.599 55.619
458.873 39.001
459.147 25.311
459.422 19.434
459.696 26.010
459.970 44.328
460.244 60.709
460.518 51.919
460.793 50.649
461.067 52.656
461.341 62.509
461.615 61.253
461.889 56.693
462.164 51.820
462.438 43.633
462.712 43.369
462.986 42.112
463.260 54.026
463.535 57.054
463.809 64.057
464.083 64.147
464.357 71.482
464.631 47.622
464.906 25.068
465.180 11.176
465.454 20.147
465.728 38.480
466.002 30.173
466.277 50.555
466.551 68.032
466.825 82.795
467.099 68.514
467.373 36.054
467.648 25.687
467.922 23.339
468.196 49.529
468.470 71.716
468.744 91.196
469.019 68.727
469.293 52.613
469.567 24.762
469.841 32.169
470.116 17.370
470.390 23.774
470.664 32.888
470.938 53.447
471.212 63.578
471.487 64.514
471.761 74.594
472.035 70.836
472.309 39.243
472.583 12.639
472.858 2.548
473.132 31.475
473.406 38.527
473.680 48.907
473.954 50.925
474.229 46.885
474.503 41.164
474.777 27.981
475.051 27.283
475.325 44.658
475.600 47.653
475.874 53.967
476.148 29.545
476.422 29.158
476.696 30.463
476.971 49.338
477.245 52.946
477.519 47.579
477.793 30.996
478.067 18.701
478.342 19.965
478.616 37.645
478.890 50.776
479.164 63.213
479.438 50.736
479.713 25.788
479.987 8.389
480.261 20.450
480.535 23.406
480.809 26.974
481.084 29.791
481.358 47.689
481.632 58.701
481.906 71.597
482.180 64.418
482.455 56.909
482.729 38.388
483.003 41.609
483.277 43.525
483.551 53.528
483.826 57.408
484.100 70.314
484.374 64.771
484.648 69.549
484.923 74.041
485.197 73.695
485.471 77.881
485.745 58.175
486.019 55.273
486.294 51.104
486.568 53.694
486.842 11.806
487.116 12.451
487.390 30.762
487.665 73.274
487.939 87.136
488.213 83.682
488.487 89.505
488.761 74.048
489.036 65.336
489.310 46.663
489.584 46.713
489.858 50.657
490.132 62.983
490.407 68.485
490.681 63.002
490.955 52.970
491.229 45.572
491.503 63.424
491.778 80.637
492.052 85.870
492.326 63.539
492.600 47.334
492.874 48.005
493.149 58.762
493.423 68.886
493.697 63.709
493.971 54.642
494.245 56.014
494.520 72.386
494.794 68.505
495.068 69.860
495.342 57.462
495.616 71.895
495.891 51.926
496.165 52.928
496.439 41.472
496.713 63.484
496.987 65.540
497.262 74.751
497.536 71.795
497.810 66.207
498.084 75.402
498.359 79.014
498.633 79.343
498.907 59.652
499.181 69.578
499.455 64.660
499.730 77.836
500.004 59.061
500.278 63.650
500.552 45.223
500.826 34.383
501.101 38.041
501.375 53.177
501.649 62.078
501.923 47.922
502.197 39.067
502.472 45.348
502.746 58.536
503.020 64.822
503.294 62.822
503.568 60.185
503.843 48.303
504.117 45.044
504.391 31.861
504.665 12.719
504.939 1.821
505.214 8.091
505.488 32.814
505.762 32.813
506.036 34.439
506.310 24.223
506.585 18.944
506.859 16.629
507.133 10.705
507.407 16.949
507.681 33.349
507.956 74.363
508.230 86.815
508.504 66.435
508.778 37.194
509.052 36.480
509.327 32.544
509.601 41.291
509.875 49.956
510.149 62.630
510.423 56.381
510.698 35.848
510.972 36.393
511.246 28.919
511.520 26.303
511.795 27.209
512.069 42.234
512.343 48.950
512.617 43.087
512.891 42.669
513.166 43.876
513.440 54.322
513.714 55.494
513.988 63.678
514.262 57.867
514.537 50.511
514.811 40.930
515.085 38.667
515.359 30.107
515.633 26.937
515.908 33.202
516.182 41.668
516.456 47.622
516.730 45.718
517.004 43.845
517.279 38.206
517.553 34.449
517.827 31.636
518.101 18.106
518.375 18.118
518.650 21.257
518.924 35.750
519.198 35.144
519.472 31.400
519.746 28.569
520.021 39.967
520.295 56.737
520.569 55.179
520.843 37.827
521.117 22.687
521.392 20.795
521.666 38.285
521.940 37.351
522.214 49.470
522.488 33.933
522.763 35.577
523.037 14.843
523.311 19.040
523.585 21.956
523.859 25.148
524.134 31.627
524.408 17.524
524.682 30.068
524.956 31.414
525.231 38.836
525.505 51.496
525.779 28.927
526.053 47.369
526.327 31.865
526.602 58.448
526.876 54.286
527.150 55.284
527.424 43.311
527.698 30.387
527.973 48.660
528.247 51.615
528.521 59.110
528.795 49.678
529.069 52.989
529.344 48.816
529.618 49.849
529.892 46.304
530.166 28.306
530.440 16.543
530.715 16.902
530.989 26.405
531.263 33.301
531.537 22.151
531.811 23.148
532.086 35.035
532.360 36.361
532.634 49.194
532.908 38.679
533.182 49.571
533.457 41.702
533.731 46.372
534.005 49.998
534.279 49.998
534.553 53.939
534.828 53.670
535.102 49.389
535.376 34.225
535.650 14.715
535.924 24.305
536.199 39.516
536.473 42.164
536.747 31.247
537.021 23.658
537.295 50.801
537.570 51.135
537.844 76.582
538.118 81.878
538.392 108.994
538.666 87.169
538.941 73.905
539.215 58.678
539.489 54.033
539.763 52.338
540.038 64.863
540.312 86.997
540.586 102.508
540.860 109.769
541.134 121.613
541.409 137.124
541.683 139.359
541.957 126.781
542.231 106.586
542.505 103.258
542.780 116.677
543.054 114.041
543.328 108.390
543.602 98.478
543.876 113.827
544.151 127.291
544.425 119.667
544.699 116.054
544.973 130.448
545.247 142.870
545.522 151.639
545.796 142.031
546.070 152.084
546.351 149.743
546.632 148.478
546.912 139.409
547.193 138.335
547.474 125.814
547.755 112.902
548.036 102.735
548.317 96.140
548.597 100.384
548.878 99.731
549.159 99.078
549.440 78.151
549.721 61.156
550.001 58.521
550.282 61.798
550.563 71.583
550.844 65.059
551.125 70.905
551.406 71.529
551.686 78.681
551.967 49.029
552.248 33.376
552.529 22.284
552.810 42.470
553.090 33.352
553.371 30.432
553.652 28.166
553.933 37.610
554.214 45.738
554.495 68.256
554.775 69.276
555.056 59.853
555.337 41.932
555.618 35.402
555.899 32.799
556.179 39.305
556.460 46.160
556.741 78.770
557.022 69.637
557.303 76.472
557.584 54.962
557.864 41.269
558.145 30.211
558.426 27.643
558.707 46.719
558.988 59.263
559.268 55.367
559.549 49.121
559.830 56.712
560.111 77.433
560.392 51.474
560.673 40.884
560.953 23.790
561.234 44.817
561.515 36.639
561.796 35.021
562.077 36.028
562.357 27.162
562.638 16.957
562.919 22.621
563.200 37.216
563.481 51.510
563.762 54.895
564.042 57.255
564.323 58.915
564.604 63.919
564.885 59.603
565.166 44.327
565.446 33.664
565.727 29.005
566.008 27.678
566.289 24.361
566.570 30.662
566.851 39.286
567.131 38.653
567.412 41.740
567.693 44.837
567.974 56.946
568.255 55.059
568.535 47.052
568.816 24.294
569.097 26.326
569.378 29.344
569.659 42.063
569.940 39.620
570.220 38.908
570.501 50.883
570.782 45.859
571.063 49.207
571.344 42.218
571.624 40.238
571.905 30.224
572.186 12.520
572.467 7.543
572.748 15.977
573.029 37.610
573.309 40.026
573.590 48.207
573.871 37.082
574.152 47.244
574.433 41.147
574.713 50.263
574.994 61.012
575.275 53.873
575.556 45.358
575.837 27.411
576.118 35.137
576.398 40.861
576.679 30.100
576.960 11.239
577.245 6.585
577.531 24.542
577.816 37.417
578.102 53.803
578.387 57.962
578.672 68.548
578.958 65.538
579.243 73.329
579.529 81.015
579.814 78.084
580.099 74.408
580.385 66.410
580.670 69.121
580.956 61.445
581.241 65.936
581.526 55.170
581.812 57.448
582.097 49.143
582.382 52.837
582.668 50.559
582.953 51.235
583.239 58.464
583.524 68.628
583.809 80.010
584.095 82.031
584.380 71.868
584.666 74.172
584.951 72.586
585.236 74.356
585.522 85.823
585.807 88.333
586.093 92.212
586.378 60.573
586.663 61.626
586.949 76.537
587.234 107.929
587.520 110.428
587.805 106.474
588.090 102.456
588.376 102.747
588.661 95.585
588.947 116.539
589.232 122.633
589.517 130.979
589.803 110.992
590.088 112.243
590.374 119.328
590.659 127.303
590.944 123.404
591.230 134.944
591.515 153.987
591.800 163.361
592.086 162.343
592.371 177.897
592.657 206.418
592.942 220.883
593.227 217.101
593.513 217.994
593.798 220.817
594.084 227.090
594.369 226.769
594.654 247.732
594.940 267.943
595.225 287.853
595.511 313.775
595.796 336.672
596.081 370.466
596.367 368.314
596.652 381.537
596.938 405.110
597.223 439.725
597.508 472.259
597.794 507.162
598.079 548.508
598.365 563.586
598.650 587.281
598.935 618.155
599.221 671.183
599.506 713.692
599.792 736.580
600.077 766.708
600.362 798.118
600.648 845.562
600.933 895.867
601.218 938.810
601.504 986.649
601.789 1014.561
602.075 1086.487
602.360 1159.392
602.645 1209.119
602.931 1224.533
603.216 1253.328
603.502 1329.309
603.787 1420.510
604.072 1511.241
604.358 1605.003
604.643 1659.929
604.929 1707.548
605.214 1767.072
605.499 1863.046
605.785 1949.920
606.070 2012.380
606.356 2092.708
606.641 2181.450
606.926 2283.235
607.212 2357.591
607.497 2465.430
607.783 2545.477
608.068 2659.599
608.353 2722.760
608.639 2850.389
608.924 2949.537
609.210 3091.698
609.495 3196.079
609.780 3327.032
610.066 3427.756
610.351 3541.020
610.636 3682.875
610.922 3845.637
611.207 4044.556
611.493 4208.863
611.778 4365.555
612.063 4486.289
612.349 4617.262
612.634 4797.185
612.920 4986.884
613.205 5167.334
613.490 5299.690
613.776 5435.707
614.061 5647.723
614.347 5887.831
614.632 6152.650
614.917 6324.072
615.203 6509.166
615.488 6700.089
615.774 6926.343
616.059 7200.995
616.344 7425.371
616.630 7667.441
616.915 7847.536
617.201 8036.277
617.486 8258.083
617.771 8495.246
618.057 8783.568
618.342 9044.145
618.627 9335.989
618.913 9571.867
619.198 9813.158
619.484 10087.788
619.769 10398.294
620.054 10726.656
620.340 11002.783
620.625 11316.660
620.911 11602.585
621.196 11902.043
621.481 12197.523
621.767 12473.981
622.052 12744.856
622.338 13010.021
622.623 13354.219
622.908 13660.054
623.194 13981.178
623.479 14226.393
623.765 14569.752
624.050 14814.136
624.335 15058.659
624.621 15229.513
624.906 15376.654
625.192 15499.483
625.477 15617.820
625.762 15721.364
626.048 15846.380
626.333 15821.876
626.619 15782.282
626.904 15684.004
627.189 15589.906
627.475 15491.085
627.760 15324.474
628.045 15136.734
628.331 14805.236
628.616 14402.345
628.902 13925.743
629.187 13488.548
629.472 13015.759
629.758 12551.448
630.043 12086.960
630.329 11609.530
630.614 11135.116
630.899 10671.344
631.185 10162.953
631.470 9632.589
631.756 9084.292
632.041 8619.743
632.326 8170.779
632.612 7721.405
632.897 7241.031
633.183 6776.976
633.468 6376.990
633.753 6021.526
634.039 5702.360
634.324 5346.712
634.610 5012.993
634.895 4690.580
635.180 4391.884
635.466 4125.080
635.751 3866.418
636.037 3634.356
636.322 3445.676
636.607 3281.189
636.893 3095.502
637.178 2900.914
637.463 2709.405
637.749 2576.582
638.034 2424.481
638.320 2296.528
638.605 2145.547
638.890 2045.038
639.176 1946.093
639.461 1867.665
639.747 1759.688
640.032 1652.705
640.317 1562.821
640.603 1481.951
640.888 1402.735
641.174 1296.634
641.459 1217.404
641.744 1162.745
642.030 1114.352
642.315 1053.628
642.601 994.335
642.886 944.860
643.171 880.535
643.457 819.168
643.742 785.755
644.028 760.352
644.313 715.006
644.598 660.159
644.884 616.018
645.169 578.815
645.455 537.211
645.740 517.938
646.025 488.627
646.311 455.519
646.596 409.246
646.881 383.209
647.167 374.884
647.452 383.309
647.738 361.352
648.023 351.404
648.308 325.606
648.594 314.833
648.879 300.042
649.165 275.916
649.450 266.928
649.735 242.992
650.021 244.172
650.306 233.868
650.592 229.139
650.877 214.219
651.162 218.947
651.448 205.708
651.733 185.565
652.019 158.518
652.304 169.438
652.589 174.427
652.875 171.408
653.160 176.403
653.446 171.556
653.731 179.345
654.016 155.171
654.302 154.321
654.587 133.516
654.873 109.476
655.158 72.394
655.443 67.090
655.729 83.812
656.014 103.775
656.299 120.566
656.585 112.691
656.870 103.794
657.156 93.306
657.441 95.620
657.726 93.119
658.012 88.408
658.297 84.046
658.583 82.501
658.868 77.405
659.153 72.627
659.439 80.536
659.724 78.009
660.010 79.083
660.295 75.509
660.580 65.461
660.866 45.610
661.151 45.443
661.437 71.961
661.722 92.241
662.007 85.725
662.293 74.013
662.578 60.337
662.864 58.137
663.149 42.114
663.434 50.336
663.720 57.922
664.005 68.835
664.290 61.321
664.576 40.606
664.861 17.216
665.147 26.836
665.432 28.169
665.717 49.682
666.003 26.887
666.288 30.876
666.574 30.233
666.859 38.202
667.144 31.582
667.430 15.353
667.715 24.648
668.001 22.327
668.286 18.674
668.571 -2.919
668.857 -0.916
669.142 25.083
669.428 39.746
669.713 53.412
669.998 33.084
670.284 34.107
670.569 30.467
670.855 34.155
671.140 28.148
671.425 21.141
671.711 25.821
671.996 40.907
672.282 44.941
672.567 39.616
672.852 40.642
673.138 65.168
673.423 71.569
673.708 45.408
673.994 8.817
674.279 15.537
674.565 29.318
674.850 36.729
675.135 33.405
675.421 36.781
675.706 47.212
675.992 47.904
676.277 40.502
676.562 34.799
676.848 37.855
677.133 37.860
677.419 33.467
677.704 30.807
677.989 33.530
678.275 46.415
678.560 47.767
678.846 66.041
679.131 51.822
679.416 26.800
679.702 7.518
679.987 9.228
680.273 23.122
680.558 37.710
680.843 44.166
681.129 54.019
681.414 57.749
681.700 57.070
681.985 51.978
682.270 21.109
682.556 -2.336
682.841 -15.573
683.126 -2.330
683.412 6.857
683.697 33.701
683.983 38.465
684.268 54.079
684.553 40.148
684.839 45.280
685.124 44.968
685.410 22.542
685.695 15.359
685.980 6.166
686.266 19.078
686.551 10.254
686.837 8.899
687.122 23.849
687.407 32.684
687.693 46.258
687.978 29.605
688.264 32.636
688.549 14.984
688.834 15.324
689.120 22.085
689.405 23.781
689.691 45.768
689.976 35.585
690.261 42.682
690.547 20.009
690.832 12.235
691.118 -1.957
691.403 13.573
691.688 5.463
691.974 29.069
692.259 25.999
692.544 35.448
692.830 27.686
693.115 21.274
693.401 27.677
693.686 26.658
693.971 32.675
694.257 31.300
694.542 35.000
694.828 21.573
695.113 31.990
695.398 32.999
695.684 44.734
695.969 35.641
696.255 21.181
696.540 4.087
696.834 -9.655
697.127 -10.656
697.421 0.394
697.715 16.446
698.008 25.475
698.302 30.811
698.596 24.459
698.889 34.806
699.183 31.111
699.477 24.091
699.771 6.058
700.064 -3.949
700.358 2.048
700.652 20.696
700.945 21.362
701.239 21.361
701.533 0.385
701.826 7.699
702.120 0.712
702.414 7.361
702.707 10.011
703.001 6.033
703.295 17.981
703.588 14.319
703.882 44.784
704.176 47.055
704.469 39.439
704.763 17.589
705.057 3.021
705.351 -1.925
705.644 -6.548
705.938 -0.936
706.232 14.576
706.525 27.445
706.819 31.726
707.113 41.957
707.406 31.724
707.700 9.630
707.994 -9.840
708.287 1.677
708.581 29.326
708.875 46.783
709.168 38.560
709.462 25.064
709.756 20.429
710.049 15.490
710.343 13.846
710.637 -8.179
710.931 -5.551
711.224 -16.712
711.518 4.972
711.812 7.267
712.105 19.406
712.399 22.690
712.693 21.705
712.986 38.129
713.280 26.303
713.574 33.511
713.867 33.162
714.161 37.434
714.455 43.989
714.748 24.631
715.042 36.435
715.336 42.684
715.629 57.449
715.923 46.638
716.217 34.519
716.511 9.257
716.804 3.668
717.098 -5.537
717.392 24.358
717.685 38.510
717.979 37.524
718.273 19.448
718.566 10.571
718.860 16.513
719.154 16.847
719.447 16.216
719.741 -3.282
720.035 -0.953
720.328 -4.264
720.622 20.184
720.916 34.082
721.209 35.087
721.503 29.499
721.797 13.616
722.091 9.308
722.384 23.948
722.678 29.279
722.972 29.614
723.265 22.289
723.559 17.964
723.853 28.276
724.146 -2.654
724.440 -3.649
724.734 -15.960
725.027 4.355
725.321 -2.306
725.615 -0.306
725.908 3.360
726.202 17.346
726.496 15.014
726.789 11.680
727.083 -2.977
727.377 7.355
727.671 16.355
727.964 31.354
728.258 29.354
728.552 25.695
728.845 12.690
729.139 -5.009
729.433 -12.683
729.726 -10.345
730.020 10.059
730.314 17.095
730.607 35.501
730.901 24.456
731.195 8.367
731.488 -8.365
731.782 -5.350
732.076 5.043
732.369 -5.687
732.663 -2.334
732.957 -11.051
733.251 -5.686
733.544 -2.652
733.838 7.076
734.132 1.355
734.425 -11.409
734.719 -8.713
735.013 25.250
735.306 38.013
735.600 57.186
735.894 56.537
736.187 60.593
736.481 35.028
736.775 23.592
737.068 21.592
737.362 31.712
737.656 26.678
737.949 32.783
738.243 27.401
738.537 15.559
738.831 24.373
739.124 33.519
739.418 47.766
739.712 16.274
740.005 1.028
740.299 -17.642
740.593 -2.698
740.886 14.626
741.180 15.644
741.474 1.712
741.767 -13.579
742.061 -1.341
742.355 1.374
742.648 10.887
742.942 19.735
743.236 35.054
743.529 23.833
743.823 13.962
744.117 7.158
744.411 10.227
744.704 16.702
744.998 -2.385
745.292 -11.612
745.585 -23.885
745.879 -8.205
746.173 5.117
746.466 16.043
746.760 21.510
747.054 28.358
747.347 3.101
747.641 -5.780
747.935 -11.592
748.228 -3.773
748.522 -17.479
748.816 -19.527
749.109 -9.260
749.403 12.322
749.697 14.033
749.991 29.467
750.284 13.053
750.578 8.604
750.872 2.398
751.165 17.784
751.459 28.722
751.753 19.494
752.046 21.891
752.340 7.528
752.634 13.687
752.927 -6.196
753.221 -8.927
753.515 -11.661
753.808 3.082
754.102 1.696
754.396 -5.499
754.689 -17.490
754.983 6.136
755.277 13.325
755.571 27.028
755.864 11.285
756.158 7.178
756.452 -10.979
756.745 -18.515
757.039 -20.568
757.333 0.663
757.626 17.118
757.920 24.989
758.214 18.142
758.507 9.906
758.801 0.668
759.095 10.572
759.388 18.752
759.682 11.582
759.976 0.311
760.269 -18.787
760.563 3.741
760.857 13.635
761.151 21.133
761.444 6.464
761.738 8.510
762.032 11.916
762.325 14.982
762.619 2.701
762.913 3.035
763.206 3.034
763.500 1.338
763.798 4.383
764.097 5.400
764.395 9.811
764.693 5.737
764.992 9.786
765.290 13.504
765.588 18.241
765.887 34.783
766.185 41.201
766.483 41.193
766.782 20.592
767.080 14.157
767.378 16.158
767.677 23.906
767.975 21.874
768.273 10.756
768.571 -6.418
768.870 -2.386
769.168 10.732
769.466 31.573
769.765 39.582
770.063 35.518
770.361 11.703
770.660 -8.728
770.958 -8.408
771.256 21.654
771.555 35.691
771.853 43.336
772.151 13.650
772.450 15.298
772.748 3.961
773.046 9.636
773.345 -7.685
773.643 0.639
773.941 19.934
774.240 34.238
774.538 26.579
774.836 15.596
775.135 -2.026
775.433 10.246
775.731 -6.026
776.030 7.263
776.328 -2.033
776.626 10.251
776.925 9.252
777.223 19.178
777.521 41.687
777.819 57.589
778.118 53.969
778.416 41.721
778.714 35.425
779.013 25.124
779.311 21.827
779.609 -0.032
779.908 -6.988
780.206 -11.632
780.504 -5.674
780.803 15.498
781.101 37.316
781.399 30.022
781.698 27.434
781.996 16.905
782.294 32.814
782.593 14.229
782.891 -12.650
783.189 -24.598
783.488 -24.267
783.786 -0.387
784.084 16.203
784.383 22.501
784.681 43.157
784.979 38.537
785.278 44.200
785.576 8.595
785.874 10.928
786.173 13.611
786.471 33.928
786.769 40.274
787.068 45.639
787.366 52.701
787.664 38.350
787.962 28.001
788.261 14.660
788.559 14.323
788.857 -3.110
789.156 -21.526
789.454 -14.143
789.752 7.015
790.051 23.460
790.349 14.391
790.647 -0.405
790.946 8.693
791.244 27.240
791.542 44.472
791.841 27.974
792.139 14.485
792.437 8.055
792.736 1.273
793.034 3.990
793.332 6.027
793.631 -6.879
793.929 1.273
794.227 4.024
794.526 16.909
794.824 19.997
795.122 14.564
795.421 43.180
795.719 42.872
796.017 60.323
796.316 38.168
796.614 23.174
796.912 20.137
797.211 19.107
797.509 2.631
797.807 -10.017
798.105 -1.429
798.404 14.362
798.702 -11.133
799.000 -11.095
799.299 -2.778
799.597 26.889
799.895 19.981
800.194 9.588
800.492 2.691
800.790 0.260
801.089 10.340
801.387 22.551
801.685 16.617
801.984 22.562
802.282 21.564
802.580 44.973
802.879 37.322
803.177 11.432
803.475 5.175
803.774 13.999
804.072 26.977
804.370 29.825
804.669 24.935
804.967 16.461
805.265 14.014
805.564 7.686
805.862 22.223
806.160 19.093
806.459 10.924
806.757 7.390
807.055 1.702
807.353 20.993
807.652 24.918
807.950 37.838
808.248 26.768
808.547 28.632
808.845 17.881
809.143 5.624
809.442 12.531
809.740 18.325
810.038 31.698
810.337 29.614
810.635 36.586
810.933 27.508
811.232 18.100
811.530 21.501
811.831 32.488
812.132 25.176
812.432 20.157
812.733 37.176
813.034 37.166
813.335 47.267
813.636 40.367
813.936 49.308
814.237 19.576
814.538 2.483
814.839 15.952
815.140 26.432
815.440 20.051
815.741 9.671
816.042 17.574
816.343 43.918
816.644 40.913
816.945 28.893
817.245 24.083
817.546 25.234
817.847 18.813
818.148 18.778
818.449 32.055
818.749 39.982
819.050 30.520
819.351 35.290
819.652 43.205
819.953 28.509
820.253 1.389
820.554 2.830
820.855 7.735
821.156 25.397
821.457 25.383
821.757 28.394
822.058 9.609
822.359 -2.003
822.660 2.086
822.961 3.580
823.261 8.039
823.562 -10.167
823.863 -14.613
824.164 6.482
824.465 23.192
824.765 17.322
825.066 -1.253
825.367 -6.765
825.668 7.205
825.969 3.137
826.269 8.624
826.570 11.878
826.871 7.870
827.172 11.480
827.473 6.008
827.774 6.013
828.074 15.735
828.375 32.268
828.676 33.348
828.977 19.986
829.278 1.648
829.578 9.117
829.879 6.620
830.180 -2.590
830.481 3.724
830.782 9.735
831.082 20.707
831.383 11.842
831.684 0.939
831.985 1.970
832.286 9.947
832.586 -3.240
832.887 -15.397
833.188 -28.993
833.489 -2.267
833.790 11.920
834.090 27.014
834.391 31.411
834.692 38.886
834.993 28.230
835.294 10.790
835.594 8.359
835.895 7.657
836.196 26.598
836.497 21.112
836.798 37.195
837.099 31.730
837.399 34.014
837.700 13.882
838.001 1.883
838.302 -0.494
838.603 12.662
838.903 22.202
839.204 36.620
839.505 36.303
839.806 32.049
840.107 5.402
840.407 -7.443
840.708 -2.392
841.009 3.195
841.310 10.979
841.611 17.207
841.911 32.905
842.212 25.436
842.513 3.089
842.814 -5.716
843.115 21.699
843.415 37.476
843.716 28.652
844.017 -10.255
844.318 -4.382
844.619 -5.936
844.919 23.778
845.220 21.434
845.521 33.153
845.822 33.018
846.123 36.123
846.423 58.653
846.724 49.900
847.025 50.015
847.326 25.343
847.627 31.071
847.928 23.991
848.228 26.288
848.529 15.728
848.830 8.525
849.131 -5.547
849.432 -2.856
849.732 -0.573
850.033 17.721
850.334 8.945
850.635 21.880
850.936 19.576
851.236 40.840
851.537 28.657
851.838 26.736
852.139 28.538
852.440 28.527
852.740 15.319
853.041 -16.743
853.342 -11.488
853.643 8.020
853.944 20.790
854.244 14.770
854.545 18.372
854.846 21.301
855.147 24.608
855.448 8.279
855.748 7.144
856.049 15.836
856.350 27.111
856.651 27.792
856.952 12.879
857.253 1.617
857.553 9.754
857.854 1.950
858.155 -9.025
858.456 -18.330
858.757 -23.125
859.057 -14.939
859.358 -13.925
859.659 30.655
859.960 44.861
860.261 47.208
860.561 36.540
860.862 23.446
861.163 8.432
861.464 -11.412
861.765 -4.990
862.065 7.865
862.366 19.872
862.667 11.844
862.968 7.809
863.269 8.390
863.569 20.928
863.870 24.193
864.171 -1.765
864.472 -28.209
864.773 -34.392
865.073 -16.161
865.374 0.758
865.675 8.802
865.976 14.831
866.277 26.959
866.577 32.310
866.878 26.204
867.179 8.713
867.480 4.841
867.781 -20.314
868.082 -15.243
868.382 -6.256
868.683 20.390
868.984 24.138
869.285 14.434
869.586 19.998
869.886 26.174
870.187 18.109
870.488 8.156
870.789 -2.362
871.090 -3.579
871.390 7.760
871.691 14.205
871.992 29.540
872.293 14.204
872.594 7.148
872.894 4.668
873.195 8.647
873.496 47.388
873.797 44.317
874.098 44.924
874.398 4.979
874.699 3.747
875.000 12.879
875.301 29.926
875.602 29.602
875.902 33.490
876.203 13.731
876.504 0.987
876.805 3.746
877.106 30.430
877.407 42.558
877.707 24.646
878.008 12.195
878.309 -2.030
878.610 -5.364
878.911 -9.315
879.211 -0.240
879.512 7.623
879.813 3.095
880.114 6.422
880.415 7.639
880.715 -5.078
881.016 -7.199
881.317 -9.320
881.618 -2.642
881.919 -1.130
882.219 -11.721
882.520 5.830
882.821 8.548
883.122 19.433
883.423 10.938
883.723 10.322
884.024 2.772
884.325 1.565
884.626 11.850
884.927 26.025
885.227 23.308
885.528 -1.153
885.829 0.052
886.130 15.723
886.431 22.362
886.731 23.277
887.032 17.581
887.333 21.803
887.634 15.478
887.935 10.634
888.236 -6.579
888.536 -15.339
888.837 -20.473
889.138 -5.978
889.439 3.983
889.740 21.506
890.040 28.132
890.341 25.120
890.642 12.124
890.943 8.819
891.244 -2.676
891.544 -4.790
891.845 3.071
892.146 9.120
892.447 1.864
892.748 -4.481
893.048 -7.214
893.349 0.040
893.650 0.047
893.951 3.382
894.252 7.948
894.552 23.745
894.853 33.180
895.154 41.123
895.455 23.809
895.756 12.841
896.056 -3.330
896.357 -3.017
896.658 -3.638
896.959 5.258
897.260 -1.491
897.561 13.557
897.861 26.205
898.162 48.670
898.463 47.173
898.764 46.898
899.065 13.567
899.365 8.045
899.666 -10.474
899.967 12.730
900.268 16.189
900.569 17.127
900.869 24.033
901.170 17.803
901.471 25.300
901.772 12.207
902.073 10.644
902.373 16.046
902.674 0.995
902.975 0.684
903.276 -20.721
903.577 -5.351
903.877 2.250
904.178 27.229
904.479 17.088
904.780 3.142
905.081 -19.048
905.381 -17.498
905.682 -7.968
905.983 0.303
906.284 19.753
906.585 31.915
906.885 42.819
907.186 34.555
907.487 16.008
907.788 22.506
908.089 10.918
908.390 15.419
908.690 -6.444
908.991 4.195
909.292 -0.329
909.593 15.187
909.894 15.847
910.194 19.087
910.495 18.223
910.796 19.219
911.097 25.437
911.398 10.771
911.698 4.236
911.999 -5.259
912.300 15.733
912.607 35.470
912.915 34.134
913.222 18.081
913.529 13.195
913.837 16.163
914.144 -3.734
914.451 -37.183
914.759 -29.890
915.066 -8.637
915.374 24.222
915.681 16.253
915.988 11.269
916.296 14.383
916.603 25.112
916.910 22.090
917.218 16.424
917.525 10.723
917.832 16.118
918.140 6.711
918.447 -3.415
918.754 0.991
919.062 7.095
919.369 20.984
919.677 8.099
919.984 1.315
920.291 -2.743
920.599 8.128
920.906 19.715
921.213 40.331
921.521 66.681
921.828 59.887
922.135 35.168
922.443 12.640
922.750 20.531
923.057 26.704
923.365 16.400
923.672 -1.116
923.980 -1.775
924.287 -0.744
924.594 2.013
924.902 -8.685
925.209 -9.731
925.516 2.751
925.824 14.858
926.131 16.594
926.438 -8.045
926.746 -3.504
927.053 -2.109
927.360 14.897
927.668 11.089
927.975 8.996
928.283 26.865
928.590 14.267
928.897 14.616
929.205 2.755
929.512 15.028
929.819 24.861
930.127 20.650
930.434 8.362
930.741 -5.008
931.049 -1.116
931.356 24.761
931.663 34.343
931.971 20.508
932.278 16.702
932.586 6.352
932.893 30.694
933.200 20.004
933.508 25.749
933.815 4.566
934.122 7.193
934.430 3.190
934.737 -12.989
935.044 -25.077
935.352 -25.495
935.659 -20.240
935.966 -7.531
936.274 5.673
936.581 21.808
936.889 29.228
937.196 15.139
937.503 24.558
937.811 4.956
938.118 21.821
938.425 -0.570
938.733 4.958
939.040 -11.260
939.347 -4.195
939.655 8.459
939.962 29.241
940.269 32.481
940.577 27.353
940.884 10.202
941.191 4.361
941.499 -0.981
941.806 8.692
942.114 28.859
942.421 30.183
942.728 23.910
943.036 21.864
943.343 19.736
943.650 8.341
943.958 -10.712
944.265 -28.512
944.572 -27.714
944.880 -41.252
945.187 -30.614
945.494 -9.164
945.802 26.671
946.109 35.473
946.417 5.758
946.724 -22.324
947.031 -27.351
947.339 -24.816
947.646 -25.489
947.953 -22.195
948.261 -7.640
948.568 13.776
948.875 17.421
949.183 23.501
949.490 18.134
949.797 1.098
950.105 10.225
950.412 28.570
950.720 42.262
951.027 44.529
951.334 20.965
951.642 20.118
951.949 11.598
952.256 9.645
952.564 20.542
952.871 24.301
953.178 36.388
953.486 31.640
953.793 23.424
954.100 25.668
954.408 18.674
954.715 41.956
955.023 35.760
955.330 44.454
955.637 6.258
955.945 15.321
956.252 5.457
956.559 17.941
956.867 14.423
957.174 16.293
957.481 9.168
957.789 -3.922
958.096 5.684
958.403 15.707
958.711 23.494
959.018 11.996
959.326 -11.662
959.633 -30.462
959.940 -43.344
960.248 -19.384
960.555 -11.232
960.862 -14.844
961.170 -16.348
961.477 -21.126
961.784 -20.694
962.092 -18.885
962.399 -3.901
962.706 18.322
963.014 25.091
963.321 46.377
963.629 44.909
963.936 23.270
964.243 -4.887
964.551 -8.521
964.858 -10.296
965.165 -9.941
965.473 -11.751
965.780 0.808
966.092 15.033
966.404 23.944
966.716 10.380
967.028 6.493
967.340 1.148
967.652 18.955
967.964 13.975
968.276 -9.058
968.588 -30.981
968.900 -29.917
969.212 -14.703
969.524 9.619
969.836 -6.984
970.148 1.149
970.460 -0.625
970.772 10.299
971.084 13.824
971.396 -7.996
971.708 10.285
972.020 0.412
972.332 17.991
972.644 -12.218
972.956 -19.247
973.268 -17.152
973.580 1.438
973.892 20.755
974.204 34.045
974.516 34.414
974.828 13.047
975.140 4.349
975.452 -0.917
975.764 17.637
976.076 13.741
976.388 27.847
976.700 26.051
977.012 6.777
977.324 -5.927
977.636 -17.136
977.948 0.719
978.260 8.757
978.572 32.166
978.884 28.661
979.196 22.363
979.508 29.489
979.820 33.008
980.132 25.249
980.444 -3.538
980.756 -4.574
981.068 -0.675
981.380 8.850
981.692 19.109
982.004 35.397
982.316 61.653
982.628 57.024
982.940 53.467
983.252 13.412
983.564 -1.408
983.876 -15.570
984.188 3.914
984.500 21.211
984.812 20.869
985.124 32.239
985.436 24.148
985.748 23.063
986.060 12.767
986.372 19.195
986.684 12.825
986.996 9.983
987.308 7.816
987.620 17.021
987.932 12.399
988.244 24.867
988.556 25.577
988.868 13.156
989.180 -0.009
989.492 9.218
989.804 27.698
990.116 27.357
990.428 14.225
990.740 8.171
991.052 -8.194
991.364 7.799
991.676 2.463
991.988 20.607
992.300 15.248
992.612 19.514
992.924 13.074
993.236 22.085
993.548 28.104
993.860 33.424
994.172 41.760
994.484 19.445
994.796 23.658
995.108 -0.788
995.420 19.411
995.732 14.919
996.044 17.059
996.356 8.168
996.668 -7.946
996.980 -17.597
997.292 4.860
997.604 10.947
997.916 20.587
998.228 0.625
998.540 4.920
998.852 13.139
999.164 22.110
999.476 27.467
999.788 26.089
1000.100 28.585
1000.412 23.954
1000.724 11.380
1001.036 -11.617
1001.348 -18.085
1001.660 -18.096
1001.972 -4.765
1002.284 7.828
1002.596 15.739
1002.908 25.093
1003.220 22.591
1003.532 29.053
1003.844 20.404
1004.156 -1.162
1004.468 -21.706
1004.780 -48.464
1005.092 -37.722
1005.404 -29.760
1005.716 -4.797
1006.028 -1.565
1006.340 -10.912
1006.652 -17.750
1006.964 -29.607
1007.276 -20.988
1007.588 -10.906
1007.900 11.764
1008.212 25.041
1008.524 16.072
1008.836 -7.278
1009.148 -18.038
1009.460 -7.719
1009.772 5.883
1010.084 0.569
1010.396 0.230
1010.708 4.473
1011.020 -3.235
1011.332 7.962
1011.644 23.051
1011.956 38.529
1012.268 14.601
1012.580 1.541
1012.892 -18.090
1013.204 -9.686
1013.516 -16.670
1013.828 -0.192
1014.140 -14.428
1014.452 -10.256
1014.764 -2.644
1015.076 30.221
1015.388 40.814
1015.700 53.113
1016.012 36.503
1016.324 18.661
1016.636 0.140
1016.948 1.864
1017.260 17.567
1017.572 29.153
1017.884 33.215
1018.196 26.069
1018.508 6.949
1018.820 11.301
1019.132 9.895
1019.444 36.470
1019.756 37.073
1020.068 38.074
1020.380 21.719
1020.692 18.688
1021.004 16.312
1021.316 23.430
1021.628 18.357
1021.940 19.374
1022.252 22.353
1022.564 22.331
1022.876 5.760
1023.188 0.041
1023.500 8.832
1023.812 30.071
1024.124 28.738
1024.436 12.526
1024.748 20.049
1025.060 18.014
1025.372 22.040
1025.684 17.165
1025.996 5.735
1026.308 -1.315
1026.620 11.903
1026.932 29.377
1027.244 31.382
1027.556 17.551
1027.868 9.467
1028.180 12.500
1028.492 6.752
1028.804 11.760
1029.116 16.790
1029.428 29.818
1029.740 24.121
1030.052 20.413
1030.364 -1.970
1030.676 -7.314
1030.988 -22.958
1031.300 -18.631
1031.612 -13.959
1031.924 3.022
1032.236 -6.928
1032.548 -8.926
1032.860 0.966
1033.172 44.614
1033.484 46.941
1033.796 41.366
1034.108 1.993
1034.420 13.323
1034.732 10.321
1035.044 1.318
1035.356 -5.351
1035.668 9.646
1035.980 39.310
1036.292 50.641
1036.604 27.638
1036.916 1.302
1037.228 -9.367
1037.540 -9.370
1037.852 -5.039
1038.164 11.958
1038.476 40.289
1038.788 50.286
1039.100 27.283
1039.412 17.947
1039.724 21.278
1040.036 43.942
1040.348 39.939
1040.660 33.603
1040.972 12.934
1041.284 -5.402
1041.596 11.928
1041.908 2.925
1042.220 5.923
1042.532 -7.414
1042.844 7.250
1043.156 24.914
1043.468 20.578
1043.780 9.575
1044.092 0.572
1044.404 9.569
1044.716 22.900
1045.028 25.564
1045.340 34.894
1045.652 29.558
1045.964 34.222
1046.276 19.886
1046.588 15.216
1046.900 8.546
1047.212 18.210
1047.524 26.541
1047.836 24.871
1048.148 25.868
1048.460 31.865
1048.772 36.862
1049.084 28.859
1049.396 12.856
1049.708 10.853
1050.020 16.184
1050.332 23.514
1050.644 29.511
1050.956 24.508
1051.268 24.172
1051.580 9.835
1051.892 14.499
1052.204 15.163
1052.516 23.493
1052.828 23.823
1053.140 23.153
1053.452 25.817
1053.764 19.814
1054.076 19.144
1054.388 9.141
1054.700 8.805
1055.012 7.802
1055.324 22.132
1055.636 15.795
1055.948 38.126
1056.260 18.456
1056.572 20.453
1056.884 11.783
1057.196 19.780
1057.508 37.777
1057.820 35.773
1058.132 36.437
1058.444 45.434
1058.756 53.430
1059.068 60.427
1059.380 38.424
1059.692 31.421
1060.004 32.418
1060.316 47.081
1060.628 47.078
1060.940 49.741
1061.252 44.405
1061.564 38.068
1061.876 37.731
1062.188 17.728
1062.500 10.391
1062.812 6.055
1063.124 14.718
1063.436 31.048
1063.748 21.711
1064.060 34.041
1064.372 27.371
1064.684 34.368
1064.996 21.365
1065.308 18.361
1065.620 13.358
1065.932 30.688
1066.244 41.351
1066.556 60.681
1066.868 58.344
1067.180 36.007
1067.492 28.671
1067.804 19.667
1068.116 32.997
1068.428 38.327
1068.740 56.324
1069.052 62.320
1069.364 70.650
1069.676 47.646
1069.988 33.643
1070.300 25.973
1070.612 27.302
1070.924 43.299
1071.236 45.629
1071.548 56.292
1071.860 62.955
1072.172 64.285
1072.484 77.948
1072.796 88.277
1073.108 93.274
1073.420 85.604
1073.732 87.933
1074.044 90.930
1074.356 106.259
1074.668 102.589
1074.980 118.252
1075.292 131.582
1075.604 146.245
1075.916 153.908
1076.228 149.571
1076.540 160.567
1076.852 147.563
1077.164 151.226
1077.476 128.222
1077.788 147.219
1078.100 158.548
1078.412 182.544
1078.724 169.541
1079.036 152.870
1079.348 126.866
1079.660 133.196
1079.972 130.192
1080.284 142.855
1080.596 127.851
1080.908 128.847
1081.220 145.510
1081.532 155.506
1081.844 163.502
1082.156 158.832
1082.468 160.161
1082.780 144.157
1083.092 137.487
1083.404 130.816
1083.716 126.812
1084.028 121.142
1084.340 131.804
1084.652 138.800
1084.964 119.463
1085.276 87.792
1085.588 84.788
1085.900 103.118
1086.212 130.114
1086.524 129.776
1086.836 105.439
1087.148 81.768
1087.460 68.764
1087.772 83.760
1088.084 89.423
1088.396 109.419
1088.708 101.415
1089.020 108.744
1089.332 103.073
1089.644 88.402
1089.956 61.398
1090.268 63.061
1090.580 75.056
1090.892 84.719
1091.204 71.715
1091.516 76.044
1091.828 67.040
1092.140 50.369
1092.464 33.698
1092.788 41.027
1093.112 48.023
1093.436 60.685
1093.760 60.681
1094.084 54.677
1094.408 40.672
1094.732 53.335
1095.056 49.664
1095.380 60.326
1095.703 22.655
1096.027 21.651
1096.351 13.646
1096.675 33.642
1096.999 41.971
1097.323 51.633
1097.647 52.295
1097.971 64.958
1098.295 47.620
1098.619 42.949
1098.943 36.278
1099.267 30.607
1099.591 47.269
1099.915 45.264
1100.239 62.593
1100.563 47.255
1100.887 35.917
1101.211 6.246
1101.535 -11.758
1101.859 -17.429
1102.182 3.566
1102.506 2.561
1102.830 11.223
1103.154 6.552
1103.478 20.548
1103.802 27.876
1104.126 25.872
1104.450 28.867
1104.774 15.196
1105.098 9.858
1105.422 -3.480
1105.746 -13.485
1106.070 -13.823
1106.394 10.506
1106.718 10.501
1107.042 9.496
1107.366 -6.842
1107.690 17.153
1108.014 30.815
1108.338 22.811
1108.662 4.472
1108.985 -1.532
1109.309 5.129
1109.633 8.125
1109.957 11.453
1110.281 -0.885
1110.605 -0.223
1110.929 -9.228
1111.253 -4.566
1111.577 -10.571
1111.901 -12.243
1112.225 -10.248
1112.549 -3.919
1112.873 14.409
1113.197 4.738
1113.521 8.399
1113.845 -0.606
1114.169 16.723
1114.493 18.384
1114.817 12.046
1115.141 12.708
1115.464 14.703
1115.788 15.031
1116.112 12.359
1116.436 9.021
1116.760 22.349
1117.084 25.011
1117.408 7.672
1117.732 -2.333
1118.056 -5.338
1118.380 13.990
1118.704 37.652
1119.028 42.313
1119.352 23.308
1119.676 -7.031
1120.000 -23.369
1120.324 -30.708
1120.648 -39.380
1120.972 -21.718
1121.296 10.610
1121.620 31.605
1121.944 30.933
1122.267 28.594
1122.591 32.589
1122.915 27.250
1123.239 15.578
1123.563 1.906
1123.887 -4.099
1124.211 0.229
1124.535 9.224
1124.859 25.885
1125.183 17.879
1125.507 3.874
1125.831 -0.798
1126.155 11.863
1126.479 6.858
1126.803 -8.481
1127.127 9.180
1127.451 27.175
1127.775 38.836
1128.099 11.164
1128.423 -2.175
1128.746 -14.847
1129.070 -17.186
1129.394 -20.858
1129.718 -22.197
1130.042 -19.536
1130.366 -17.209
1130.690 -12.881
1131.014 7.780
1131.338 22.108
1131.662 30.769
1131.986 2.430
1132.310 -19.909
1132.634 -15.248
1132.958 -8.587
1133.282 11.074
1133.606 8.402
1133.930 5.396
1134.254 -9.610
1134.578 -21.616
1134.902 -11.288
1135.226 7.373
1135.549 31.367
1135.873 40.361
1136.197 23.022
1136.521 -1.317
1136.845 0.344
1137.169 6.671
1137.493 13.666
1137.817 3.326
1138.141 -0.680
1138.465 -16.352
1138.789 -10.691
1139.113 -4.697
1139.437 -3.703
1139.761 -29.376
1140.085 -36.048
1140.409 -11.721
1140.733 6.940
1141.057 21.267
1141.381 17.261
1141.705 6.922
1142.028 4.249
1142.352 6.910
1142.676 19.237
1143.000 28.231
1143.324 20.225
1143.648 10.885
1143.972 3.546
1144.296 6.540
1144.620 25.534
1144.944 22.194
1145.268 24.522
1145.592 3.182
1145.916 -3.491
1146.240 -9.497
1146.564 -12.170
1146.888 -15.176
1147.212 -24.515
1147.536 -19.855
1147.860 -20.528
1148.184 -10.867
1148.507 -11.540
1148.831 -14.880
1149.155 -28.886
1149.479 -35.559
1149.803 -50.232
1150.127 -36.238
1150.451 -15.578
1150.775 14.749
1151.099 -7.924
1151.423 -15.930
1151.747 -22.937
1152.071 -5.276
1152.395 -14.283
1152.719 -19.289
1153.043 -0.962
1153.367 19.698
1153.691 32.025
1154.015 15.685
1154.339 -4.655
1154.663 -14.994
1154.987 -23.668
1155.310 -3.341
1155.634 22.653
1155.958 32.313
1156.282 28.640
1156.606 -0.367
1156.930 -4.373
1157.254 -9.046
1157.578 10.280
1157.902 34.607
1158.226 38.267
1158.550 35.927
1158.874 27.921
1159.198 9.581
1159.522 2.241
1159.846 -14.432
1160.170 -16.772
1160.494 -8.112
1160.818 3.548
1161.142 15.541
1161.466 -13.799
1161.790 -19.806
1162.113 -15.812
1162.437 -6.486
1162.761 -18.492
1163.085 -27.499
1163.409 -8.839
1163.733 8.154
1164.057 29.481
1164.381 22.474
1164.705 21.801
1165.029 2.461
1165.353 -4.546
1165.677 -12.886
1166.001 -12.226
1166.325 4.100
1166.649 24.760
1166.973 31.086
1167.297 10.746
1167.621 -6.261
1167.945 -12.601
1168.269 -1.608
1168.592 -11.614
1168.916 -3.288
1169.240 -5.961
1169.564 3.365
1169.888 3.358
1170.212 7.018
1170.536 4.344
1170.860 -15.996
1171.184 -20.670
1171.508 -27.676
1171.832 -9.017
1172.156 -15.357
1172.480 1.969
1172.804 19.962
1173.128 24.956
1173.452 18.615
1173.776 16.608
1174.100 25.935
1174.424 20.594
1174.748 -2.413
1175.072 -2.753
1175.395 1.907
1175.719 3.566
1176.043 -12.107
1176.367 -16.114
1176.691 -35.121
1177.015 -32.795
1177.339 -26.802
1177.663 -11.809
1177.987 -1.816
1178.311 -4.157
1178.635 21.503
1178.959 29.496
1179.283 42.489
1179.607 21.815
1179.931 14.475
1180.255 -4.532
1180.579 -9.206
1180.903 -13.213
1181.227 -11.887
1181.551 -2.561
1181.874 3.432
1182.198 13.758
1182.522 5.085
1182.846 1.078
1183.170 -9.929
1183.494 -22.603
1183.818 -17.610
1184.142 -4.284
1184.466 23.375
1184.790 38.035
1185.114 38.694
1185.438 34.354
1185.762 14.347
1186.086 8.340
1186.410 -5.001
1186.734 -5.008
1187.058 -17.348
1187.382 -8.689
1187.706 -14.363
1188.030 -2.036
1188.353 3.956
1188.677 17.616
1189.001 -2.391
1189.325 6.935
1189.649 5.261
1189.973 39.587
1190.297 31.914
1190.621 27.573
1190.945 26.899
1191.269 31.559
1191.593 33.552
1191.917 15.545
1192.241 -10.463
1192.565 -20.470
1192.889 -20.144
1193.213 -1.484
1193.537 -8.491
1193.861 -12.832
1194.185 -11.505
1194.509 -4.513
1194.833 4.814
1195.156 -3.860
1195.480 16.133
1195.804 3.459
1196.128 -15.548
1196.452 -35.222
1196.776 -6.896
1197.100 18.097
1197.424 19.423
1197.748 -4.584
1198.072 -15.257
1198.396 -13.598
1198.720 -11.605
1199.044 3.055
1199.368 -7.953
1199.692 -2.960
1200.016 -2.967
1200.340 21.693
1200.664 15.686
1200.988 8.679
1201.312 -4.328
1201.635 8.331
1201.959 13.324
1202.283 13.984
1202.607 15.644
1202.931 24.637
1203.255 24.296
1203.579 40.289
1203.903 22.282
1204.227 16.275
1204.551 -11.065
1204.875 3.261
1205.199 15.921
1205.523 21.914
1205.847 15.241
1206.171 0.234
1206.495 -8.773
1206.819 -17.447
1207.143 -4.121
1207.467 11.539
1207.791 17.199
1208.115 20.526
1208.438 26.185
1208.762 41.178
1209.086 39.505
1209.410 8.165
1209.734 -4.175
1210.058 -9.849
1210.382 10.478
1210.706 -1.196
1211.030 -0.869
1211.354 0.124
1211.678 5.117
1212.002 -4.223
1212.326 -15.896
1212.650 -20.903
1212.974 2.090
1213.298 17.750
1213.622 33.410
1213.946 37.404
1214.270 35.064
1214.594 15.390
1214.917 -17.616
1215.241 -30.289
1215.565 -1.629
1215.889 23.697
1216.213 42.691
1216.537 33.351
1216.861 26.011
1217.185 10.005
1217.509 7.665
1217.833 5.658
1218.157 17.652
1218.481 18.312
1218.805 8.639
1219.129 -10.034
1219.453 -23.040
1219.777 -6.380
1220.101 4.614
1220.425 22.941
1220.749 15.601
1221.073 7.928
1221.397 -0.412
1221.720 -2.418
1222.044 -12.757
1222.368 -25.764
1222.692 -18.770
1223.016 9.224
1223.340 34.218
1223.664 47.545
1223.988 46.539
1224.312 35.200
1224.636 25.860
1224.960 23.854
1225.284 14.515
1225.608 -8.824
1225.932 -21.830
1226.256 -10.170
1226.580 8.158
1226.904 26.152
1227.228 24.479
1227.552 9.807
1227.876 0.134
1228.199 2.128
1228.523 12.456
1228.847 0.450
1229.171 -7.555
1229.495 9.439
1229.819 11.100
1230.143 2.761
1230.467 -14.578
1230.791 5.083
1231.115 18.744
1231.439 24.072
1231.763 13.400
1232.087 13.897
