181.241 10.244
181.495 30.077
181.749 35.077
182.003 42.410
182.257 29.077
182.511 40.077
182.765 48.410
183.019 58.410
183.273 67.076
183.528 56.410
183.782 53.076
184.036 43.743
184.290 58.409
184.544 49.409
184.798 36.409
185.052 26.409
185.306 29.409
185.560 39.742
185.814 33.075
186.068 14.742
186.322 7.741
186.576 8.741
186.830 36.408
187.084 41.408
187.339 54.074
187.593 58.741
187.847 53.407
188.101 48.074
188.355 30.074
188.609 40.407
188.863 26.073
189.117 33.073
189.371 25.740
189.625 53.073
189.879 52.406
190.133 60.739
190.387 39.739
190.641 32.739
190.895 28.072
191.150 32.072
191.404 43.739
191.658 35.739
191.912 39.738
192.166 35.405
192.420 47.738
192.674 43.738
192.928 39.405
193.182 34.404
193.436 36.738
193.690 45.071
193.944 47.737
194.198 27.070
194.452 22.737
194.706 14.070
194.961 41.737
195.215 36.070
195.469 49.736
195.723 41.736
195.977 53.070
196.231 43.736
196.485 39.736
196.739 24.069
196.993 19.069
197.247 33.402
197.501 35.069
197.755 39.402
198.009 30.735
198.263 27.402
198.517 19.735
198.772 11.401
199.026 22.068
199.280 47.068
199.534 68.734
199.788 74.734
200.042 59.401
200.296 52.400
200.550 53.734
200.804 52.067
201.058 31.067
201.312 17.067
201.566 16.066
201.820 22.400
202.074 24.399
202.328 12.399
202.583 9.399
202.837 9.732
203.091 36.066
203.345 48.065
203.599 52.732
203.853 30.732
204.107 31.065
204.361 40.398
204.615 60.398
204.869 60.065
205.123 53.398
205.377 35.398
205.631 31.397
205.885 26.731
206.139 29.731
206.394 28.730
206.648 33.730
206.902 44.730
207.156 34.730
207.410 31.396
207.664 33.063
207.918 55.396
208.172 60.396
208.426 58.396
208.680 48.396
208.934 38.396
209.188 27.729
209.442 26.062
209.696 25.728
209.950 15.395
210.205 17.728
210.459 24.061
210.713 39.061
210.967 56.728
211.221 72.061
211.475 71.727
211.729 46.727
211.983 35.061
212.237 21.060
212.491 28.394
212.745 41.060
212.999 67.727
213.253 81.393
213.507 68.393
213.761 38.393
214.016 41.059
214.270 49.393
214.524 73.392
214.778 62.726
215.032 67.059
215.286 66.725
215.540 67.058
215.794 46.725
216.048 43.058
216.302 43.058
216.556 32.058
216.810 16.058
217.064 12.391
217.318 19.057
217.572 22.057
217.827 24.390
218.081 29.724
218.335 36.057
218.589 35.723
218.843 53.390
219.097 67.723
219.351 60.723
219.605 39.389
219.859 15.723
220.113 18.056
220.367 10.389
220.621 32.055
220.875 40.055
221.129 62.055
221.383 68.388
221.638 66.055
221.892 55.055
222.146 38.388
222.400 30.721
222.654 29.388
222.908 36.387
223.162 42.054
223.416 39.387
223.670 35.387
223.924 37.387
224.178 36.387
224.432 41.053
224.686 51.386
224.940 57.386
225.195 50.053
225.449 34.719
225.703 49.719
225.957 55.719
226.211 52.719
226.465 41.385
226.719 34.718
226.973 34.052
227.227 36.385
227.481 49.718
227.735 64.385
227.989 48.051
228.243 28.051
228.497 2.717
228.751 2.384
229.006 6.717
229.260 17.384
229.514 33.050
229.768 39.383
230.022 30.383
230.276 18.716
230.530 12.049
230.784 15.383
231.038 14.716
231.292 18.716
231.546 30.049
231.800 33.049
232.054 28.715
232.308 17.382
232.562 4.715
232.817 6.381
233.071 18.381
233.325 33.714
233.579 26.714
233.833 10.714
234.087 0.714
234.341 -9.953
234.595 -11.953
234.849 3.380
235.103 15.380
235.357 26.713
235.611 16.713
235.865 8.046
236.119 10.046
236.373 28.046
236.628 44.046
236.882 56.046
237.136 46.045
237.390 43.379
237.644 31.378
237.898 34.378
238.152 57.045
238.406 68.045
238.660 68.711
238.914 53.044
239.168 35.044
239.422 20.044
239.676 -0.290
239.930 2.710
240.184 24.377
240.439 41.043
240.693 39.376
240.947 34.710
241.201 43.043
241.455 65.709
241.709 72.376
241.963 65.376
242.217 47.709
242.471 29.042
242.725 24.042
242.979 20.375
243.233 13.708
243.487 21.708
243.741 41.708
243.995 58.708
244.250 51.374
244.504 29.707
244.758 26.041
245.012 42.707
245.266 37.374
245.520 51.040
245.774 29.040
246.028 29.706
246.282 15.706
246.536 26.706
246.790 40.706
247.044 42.372
247.298 44.372
247.552 46.705
247.806 54.039
248.061 43.705
248.315 31.038
248.569 32.371
248.823 39.705
249.077 59.038
249.331 42.038
249.585 36.371
249.839 22.371
250.093 36.704
250.347 37.370
250.601 16.370
250.855 -7.297
251.109 0.036
251.363 16.703
251.617 36.369
251.872 30.703
252.126 34.702
252.380 31.702
252.634 28.369
252.888 38.035
253.142 22.702
253.396 22.035
253.650 12.368
253.904 46.035
254.159 48.034
254.413 40.368
254.667 19.367
254.922 28.367
255.176 52.034
255.431 52.367
255.685 42.700
255.939 23.700
256.194 25.033
256.448 47.033
256.702 49.366
256.957 47.033
257.211 31.366
257.465 39.032
257.720 51.365
257.974 54.699
258.228 52.365
258.483 34.698
258.737 51.031
258.992 52.365
259.246 51.364
259.500 29.364
259.755 25.031
260.009 36.697
260.263 42.030
260.518 26.697
260.772 21.363
261.026 37.030
261.281 34.696
261.535 33.363
261.789 18.363
262.044 42.029
262.298 40.362
262.553 31.362
262.807 14.362
263.061 13.028
263.316 7.695
263.570 35.695
263.824 47.695
264.079 41.028
264.333 16.694
264.587 14.361
264.842 34.361
265.096 47.027
265.351 40.027
265.605 33.027
265.859 21.693
266.114 32.026
266.368 36.026
266.622 45.693
266.877 37.359
267.131 36.359
267.385 36.692
267.640 54.025
267.894 70.692
268.148 60.692
268.403 41.358
268.657 21.358
268.912 14.358
269.166 21.024
269.420 48.024
269.675 51.357
269.929 54.357
270.183 28.357
270.438 28.690
270.692 24.023
270.946 28.690
271.201 54.690
271.455 54.689
271.709 61.356
271.964 67.022
272.218 81.022
272.473 70.022
272.727 44.688
272.981 23.022
273.236 31.355
273.490 37.021
273.744 51.688
273.999 50.688
274.253 58.687
274.507 45.354
274.762 43.687
275.016 38.687
275.271 50.687
275.525 35.353
275.779 23.686
276.034 18.019
276.288 40.019
276.542 52.686
276.797 51.352
277.051 36.352
277.305 31.352
277.560 15.018
277.814 11.685
278.068 10.018
278.323 26.018
278.577 28.018
278.832 36.351
279.086 45.351
279.340 52.017
279.595 43.684
279.849 30.017
280.103 24.017
280.358 23.016
280.612 32.683
280.866 39.349
281.121 30.349
281.375 27.682
281.629 27.682
281.884 66.682
282.138 81.015
282.393 86.348
282.647 49.015
282.901 30.348
283.156 16.348
283.410 34.347
283.664 43.014
283.919 58.014
284.173 55.680
284.427 54.680
284.682 47.347
284.936 43.013
285.191 36.346
285.445 43.013
285.699 49.012
285.954 46.679
286.208 45.679
286.462 45.679
286.717 49.012
286.971 51.012
287.225 30.345
287.480 34.344
287.734 36.678
287.988 27.677
288.243 19.344
288.497 12.010
288.752 54.344
289.006 74.010
289.260 86.010
289.515 64.010
289.769 45.009
290.023 34.676
290.278 43.009
290.532 30.342
290.786 35.009
291.041 38.342
291.295 77.675
291.549 65.008
291.804 65.008
292.058 47.008
292.313 70.008
292.567 65.341
292.821 51.341
293.076 29.340
293.330 28.007
293.584 36.007
293.839 44.006
294.093 38.340
294.347 39.339
294.602 32.339
294.856 29.672
295.111 30.005
295.365 43.672
295.619 48.672
295.874 43.672
296.128 27.005
296.382 25.671
296.637 43.671
296.891 60.671
297.145 52.337
297.400 39.004
297.654 19.337
297.908 43.003
298.163 61.003
298.417 76.003
298.672 80.336
298.926 69.003
299.180 64.336
299.435 50.335
299.689 39.335
299.943 48.335
300.198 40.002
300.452 55.001
300.706 63.001
300.961 86.001
301.215 62.001
301.469 31.667
301.724 7.667
301.978 21.334
302.233 35.000
302.487 33.666
302.741 32.333
302.996 28.666
303.250 52.666
303.504 63.666
303.759 94.665
304.013 80.999
304.267 71.998
304.522 47.332
304.776 42.331
305.031 39.331
305.285 43.664
305.539 50.997
305.794 54.997
306.048 41.997
306.302 36.997
306.557 32.330
306.811 31.663
307.065 28.330
307.320 26.996
307.574 30.662
307.828 36.329
308.083 38.329
308.337 40.662
308.592 45.995
308.846 47.661
309.100 54.995
309.355 39.994
309.609 50.661
309.863 39.994
310.118 54.327
310.372 50.994
310.626 58.660
310.881 71.660
311.135 71.660
311.389 54.993
311.644 33.326
311.898 18.659
312.153 36.992
312.407 57.325
312.661 79.325
312.916 81.658
313.170 48.991
313.429 42.991
313.688 41.658
313.947 42.657
314.206 27.657
314.465 20.324
314.724 45.990
314.983 63.323
315.242 59.323
315.501 45.656
315.760 46.656
316.019 43.322
316.278 37.989
316.536 25.322
316.795 29.322
317.054 41.655
317.313 52.655
317.572 60.654
317.831 66.321
318.090 58.987
318.349 71.987
318.608 71.654
318.867 83.653
319.126 80.320
319.385 71.986
319.644 60.986
319.903 44.653
320.162 20.652
320.421 13.319
320.680 25.319
320.939 49.985
321.198 55.985
321.457 41.318
321.716 45.651
321.975 45.651
322.234 65.984
322.493 54.650
322.752 32.984
323.010 18.317
323.269 24.983
323.528 46.316
323.787 50.649
324.046 49.983
324.305 54.982
324.564 39.982
324.823 23.982
325.082 25.315
325.341 44.981
325.600 58.315
325.859 55.314
326.118 41.981
326.377 30.981
326.636 11.314
326.895 30.980
327.154 48.647
327.413 79.646
327.672 52.980
327.931 45.646
328.190 47.979
328.449 67.979
328.708 86.645
328.967 77.978
329.226 77.312
329.485 62.311
329.743 56.978
330.002 46.978
330.261 43.311
330.520 24.310
330.779 24.977
331.038 30.977
331.297 43.976
331.556 38.976
331.815 36.309
332.074 38.309
332.333 30.642
332.592 32.642
332.851 30.642
333.110 43.975
333.369 31.308
333.628 40.641
333.887 47.641
334.146 68.974
334.405 72.640
334.664 64.307
334.923 47.640
335.182 37.640
335.441 45.640
335.700 53.639
335.959 49.306
336.217 43.972
336.476 39.639
336.735 47.972
336.994 53.305
337.253 61.638
337.512 74.638
337.771 65.971
338.030 64.637
338.289 57.304
338.548 65.970
338.807 68.303
339.066 58.303
339.325 52.636
339.584 39.636
339.843 39.302
340.102 20.636
340.361 15.302
340.620 26.968
340.879 57.968
341.138 78.968
341.397 76.634
341.656 53.301
341.915 41.967
342.174 30.967
342.433 47.634
342.691 39.633
342.950 39.966
343.209 19.300
343.468 20.966
343.727 12.632
343.986 32.299
344.245 30.632
344.504 53.965
344.763 50.298
345.022 45.298
345.281 26.298
345.540 15.631
345.799 19.964
346.058 33.630
346.317 47.630
346.576 63.297
346.835 54.630
347.094 56.963
347.353 55.962
347.612 58.962
347.871 29.629
348.130 15.295
348.389 22.295
348.648 51.628
348.907 63.294
349.166 73.294
349.424 74.627
349.683 65.627
349.942 43.293
350.201 44.627
350.460 51.626
350.719 61.293
350.978 46.959
351.237 58.626
351.496 50.292
351.755 37.625
352.014 8.625
352.273 -3.709
352.532 5.291
352.791 21.291
353.050 41.624
353.309 49.290
353.568 57.624
353.827 57.290
354.086 46.956
354.345 48.956
354.604 47.956
354.863 60.956
355.122 52.955
355.381 54.622
355.640 40.955
355.898 52.955
356.157 68.954
356.416 83.621
356.675 74.621
356.934 70.620
357.193 68.620
357.452 62.287
357.711 51.286
357.970 43.619
358.229 49.619
358.488 41.952
358.747 61.952
359.006 74.952
359.265 77.285
359.524 59.951
359.783 38.284
360.042 47.284
360.301 45.617
360.560 56.284
360.819 42.617
361.078 42.283
361.337 36.283
361.596 70.283
361.855 81.282
362.114 70.616
362.372 45.282
362.631 43.615
362.890 46.948
363.149 44.281
363.408 53.948
363.667 74.614
363.926 82.281
364.185 71.280
364.444 70.280
364.703 69.613
364.962 61.946
365.221 63.946
365.480 61.612
365.741 69.945
366.002 51.945
366.264 49.612
366.525 50.945
366.786 66.611
367.047 68.611
367.308 69.944
367.570 52.944
367.831 47.277
368.092 45.277
368.353 54.610
368.614 50.609
368.876 38.609
369.137 31.942
369.398 46.609
369.659 62.942
369.920 69.275
370.182 61.941
370.443 62.274
370.704 48.274
370.965 56.607
371.226 53.940
371.488 72.273
371.749 76.273
372.010 78.273
372.271 60.606
372.532 33.606
372.794 24.272
373.055 26.938
373.316 44.272
373.577 35.938
373.838 51.938
374.100 51.271
374.361 59.271
374.622 55.937
374.883 55.603
375.144 56.936
375.406 47.936
375.667 58.269
375.928 59.269
376.189 69.269
376.450 40.935
376.712 41.602
376.973 31.935
377.234 39.601
377.495 43.267
377.756 46.267
378.018 53.600
378.279 52.933
378.540 54.266
378.801 59.266
379.062 53.599
379.324 50.599
379.585 52.932
379.846 46.598
380.107 50.931
380.368 36.598
380.630 45.264
380.891 49.597
381.152 64.930
381.413 71.264
381.674 80.597
381.936 95.596
382.197 96.929
382.458 83.262
382.719 66.262
382.980 74.929
383.242 68.262
383.503 40.595
383.764 26.261
384.025 21.594
384.286 36.927
384.548 40.594
384.809 37.593
385.070 44.593
385.331 47.593
385.592 58.259
385.854 49.259
386.115 30.592
386.376 39.925
386.637 50.258
386.898 72.258
387.160 63.258
387.421 80.591
387.682 87.257
387.943 88.924
388.204 70.590
388.466 55.590
388.727 61.256
388.988 52.589
389.249 40.256
389.510 28.922
389.772 29.922
390.033 40.921
390.294 59.921
390.555 72.254
390.816 60.587
391.078 32.254
391.339 29.920
391.600 38.920
391.861 50.586
392.122 42.253
392.384 63.252
392.645 60.919
392.906 55.918
393.167 40.585
393.428 39.251
393.690 57.584
393.951 50.251
394.212 64.584
394.473 56.583
394.734 67.583
394.996 65.583
395.257 71.916
395.518 65.916
395.779 51.915
396.040 41.248
396.302 52.915
396.563 70.248
396.824 74.248
397.085 70.581
397.346 75.914
397.608 84.247
397.869 74.580
398.130 55.913
398.391 42.913
398.652 43.579
398.914 50.912
399.175 56.912
399.436 64.578
399.697 71.911
399.958 63.578
400.220 62.911
400.481 46.577
400.742 56.243
401.003 55.576
401.264 62.909
401.526 61.576
401.787 55.242
402.048 57.242
402.309 57.575
402.570 81.908
402.832 93.908
403.093 96.907
403.354 75.241
403.615 81.574
403.876 82.573
404.138 108.906
404.399 101.239
404.660 100.572
404.931 76.239
405.202 80.239
405.473 96.572
405.745 105.905
406.016 107.571
406.287 94.904
406.558 105.237
406.829 93.903
407.100 102.570
407.371 99.570
407.642 123.236
407.914 124.569
408.185 123.235
408.456 114.235
408.727 122.235
408.998 119.568
409.269 109.901
409.540 104.901
409.811 110.900
410.083 130.900
410.354 152.233
410.625 163.233
410.896 157.232
411.167 148.565
411.438 161.232
411.709 165.565
411.981 163.231
412.252 161.564
412.523 175.231
412.794 198.564
413.065 198.230
413.336 204.896
413.607 190.896
413.878 210.229
414.150 203.562
414.421 210.562
414.692 209.228
414.963 207.895
415.234 226.894
415.505 245.894
415.776 296.227
416.047 307.893
416.319 313.227
416.590 320.560
416.861 343.893
417.132 364.559
417.403 366.225
417.674 372.558
417.945 365.891
418.217 396.224
418.488 432.891
418.759 481.557
419.030 493.557
419.301 487.223
419.572 495.223
419.843 515.889
420.114 561.556
420.386 589.222
420.657 636.222
420.928 667.888
421.199 704.554
421.470 723.221
421.741 739.887
422.012 781.553
422.283 829.220
422.555 877.220
422.826 907.219
423.097 928.552
423.368 962.219
423.639 1018.552
423.910 1063.218
424.181 1095.551
424.453 1100.551
424.724 1149.884
424.995 1235.550
425.266 1326.550
425.537 1396.883
425.808 1433.549
426.079 1489.882
426.350 1520.882
426.622 1569.215
426.893 1644.215
427.164 1717.214
427.435 1816.547
427.706 1889.880
427.977 1992.547
428.248 2083.880
428.519 2149.213
428.791 2219.212
429.062 2282.879
429.333 2338.545
429.604 2454.878
429.875 2563.878
430.146 2697.211
430.417 2792.211
430.689 2915.544
430.960 3027.543
431.231 3153.210
431.502 3222.543
431.773 3336.209
432.044 3440.209
432.315 3594.542
432.586 3754.208
432.858 3922.208
433.129 4098.874
433.400 4260.207
433.671 4455.873
433.942 4618.206
434.213 4804.873
434.484 4971.206
434.755 5188.872
435.027 5426.538
435.298 5687.538
435.569 5934.871
435.840 6141.537
436.114 6350.871
436.388 6551.537
436.663 6742.870
436.937 6978.536
437.211 7225.536
437.485 7516.202
437.759 7747.869
438.034 8026.868
438.308 8216.535
438.582 8437.868
438.856 8667.534
439.130 9026.200
439.405 9315.533
439.679 9567.533
439.953 9771.533
440.227 10027.866
440.501 10188.199
440.776 10410.865
441.050 10644.531
441.324 10923.864
441.598 11094.531
441.872 11225.197
442.147 11326.197
442.421 11437.196
442.695 11556.529
442.969 11713.529
443.244 11838.862
443.518 11943.528
443.792 11963.861
444.066 11949.194
444.340 11929.527
444.615 11935.860
444.889 11851.860
445.163 11700.193
445.437 11590.526
445.711 11560.859
445.986 11510.525
446.260 11338.192
446.534 11148.858
446.808 10932.524
447.082 10743.524
447.357 10527.524
447.631 10330.523
447.905 10113.523
448.179 9896.856
448.453 9637.856
448.728 9442.522
449.002 9191.522
449.276 8906.188
449.550 8561.521
449.824 8324.854
450.099 8096.823
450.373 7877.216
450.647 7577.042
450.921 7343.628
451.195 7109.566
451.470 6852.869
451.744 6611.805
452.018 6429.606
452.292 6318.920
452.566 6121.979
452.841 5900.830
453.115 5715.979
453.389 5592.818
453.663 5485.379
453.937 5346.994
454.212 5183.452
454.486 5010.674
454.760 4848.832
455.034 4748.709
455.308 4682.499
455.583 4592.510
455.857 4477.487
456.131 4354.901
456.405 4244.588
456.680 4164.510
456.954 4064.667
457.228 4020.349
457.502 3940.547
457.776 3855.585
458.051 3746.433
458.325 3693.219
458.599 3597.622
458.873 3507.039
459.147 3418.739
459.422 3354.749
459.696 3266.568
459.970 3167.778
460.244 3125.457
460.518 3092.803
460.793 3008.980
461.067 2938.194
461.341 2844.042
461.615 2801.843
461.889 2702.178
462.164 2609.790
462.438 2510.301
462.712 2447.412
462.986 2394.511
463.260 2317.175
463.535 2249.736
463.809 2157.929
464.083 2075.301
464.357 1968.979
464.631 1937.129
464.906 1934.771
465.180 1918.705
465.454 1872.157
465.728 1774.466
466.002 1692.702
466.277 1624.698
466.551 1595.476
466.825 1557.969
467.099 1507.657
467.373 1419.745
467.648 1404.300
467.922 1388.203
468.196 1374.990
468.470 1293.824
468.744 1220.777
469.019 1171.565
469.293 1133.625
469.567 1101.843
469.841 1060.765
470.116 1036.904
470.390 1005.222
470.664 986.688
470.938 971.850
471.212 962.736
471.487 932.876
471.761 917.059
472.035 894.564
472.309 884.764
472.583 852.161
472.858 810.115
473.132 806.078
473.406 778.917
473.680 786.531
473.954 735.068
474.229 736.830
474.503 689.449
474.777 696.800
475.051 657.676
475.325 649.770
475.600 637.515
475.874 624.544
476.148 616.857
476.422 602.680
476.696 586.978
476.971 575.913
477.245 566.681
477.519 560.803
477.793 552.644
478.067 526.928
478.342 509.421
478.616 502.930
478.890 491.416
479.164 486.348
479.438 470.117
479.713 465.092
479.987 430.406
480.261 400.530
480.535 364.858
480.809 369.604
481.084 385.566
481.358 394.330
481.632 397.090
481.906 370.082
482.180 371.538
482.455 365.981
482.729 378.375
483.003 364.227
483.277 363.988
483.551 348.667
483.826 344.464
484.100 332.071
484.374 309.908
484.648 312.709
484.923 306.149
485.197 313.474
485.471 289.641
485.745 291.052
486.019 283.959
486.294 289.201
486.568 260.289
486.842 240.232
487.116 243.777
487.390 242.344
487.665 254.904
487.939 236.206
488.213 234.163
488.487 229.086
488.761 225.611
489.036 218.511
489.310 205.162
489.584 212.174
489.858 218.836
490.132 224.147
490.407 201.169
490.681 197.675
490.955 213.308
491.229 223.539
491.503 226.199
491.778 199.993
492.052 193.622
492.326 197.082
492.600 193.948
492.874 184.893
493.149 176.828
493.423 188.670
493.697 196.927
493.971 180.471
494.245 148.322
494.520 147.788
494.794 153.829
495.068 167.654
495.342 163.460
495.616 169.087
495.891 175.364
496.165 153.153
496.439 131.560
496.713 122.149
496.987 138.391
497.262 135.803
497.536 134.489
497.810 123.312
498.084 127.580
498.359 128.565
498.633 123.963
498.907 119.730
499.181 112.913
499.455 110.643
499.730 108.706
500.004 106.364
500.278 114.221
500.552 123.435
500.826 111.955
501.101 103.470
501.375 88.333
501.649 88.689
501.923 91.357
502.197 103.945
502.472 109.906
502.746 117.489
503.020 111.260
503.294 113.532
503.568 91.441
503.843 76.589
504.117 64.448
504.391 72.388
504.665 83.279
504.939 98.092
505.214 111.623
505.488 122.758
505.762 121.768
506.036 130.909
506.310 115.729
506.585 97.557
506.859 82.700
507.133 74.822
507.407 98.471
507.681 98.401
507.956 99.633
508.230 93.971
508.504 95.831
508.778 98.687
509.052 91.709
509.327 82.783
509.601 92.779
509.875 98.782
510.149 96.394
510.423 106.269
510.698 123.195
510.972 136.906
511.246 118.342
511.520 90.392
511.795 79.941
512.069 73.999
512.343 76.170
512.617 59.034
512.891 55.112
513.166 46.671
513.440 52.337
513.714 57.976
513.988 51.226
514.262 61.244
514.537 69.385
514.811 99.591
515.085 97.595
515.359 95.592
515.633 73.794
515.908 68.399
516.182 61.723
516.456 75.822
516.730 88.054
517.004 92.791
517.279 64.841
517.553 60.155
517.827 58.943
518.101 68.056
518.375 65.564
518.650 54.838
518.924 62.451
519.198 55.561
519.472 58.140
519.746 49.323
520.021 50.938
520.295 66.133
520.569 70.940
520.843 65.943
521.117 44.157
521.392 44.847
521.666 71.886
521.940 102.756
522.214 110.779
522.488 103.286
522.763 95.490
523.037 82.800
523.311 61.801
523.585 50.356
523.859 55.873
524.134 81.963
524.408 99.779
524.682 99.497
524.956 67.375
525.231 67.773
525.505 72.074
525.779 80.810
526.053 57.931
526.327 47.937
526.602 58.701
526.876 61.001
527.150 64.617
527.424 59.797
527.698 50.114
527.973 53.426
528.247 58.352
528.521 85.379
528.795 96.815
529.069 105.057
529.344 114.067
529.618 116.126
529.892 105.753
530.166 80.257
530.440 54.432
530.715 49.889
530.989 54.520
531.263 67.324
531.537 69.643
531.811 78.600
532.086 81.955
532.360 80.026
532.634 72.128
532.908 65.895
533.182 67.914
533.457 62.379
533.731 61.114
534.005 60.125
534.279 56.494
534.553 84.528
534.828 107.742
535.102 116.703
535.376 94.637
535.650 82.765
535.924 93.016
536.199 96.653
536.473 94.667
536.747 91.327
537.021 94.995
537.295 101.615
537.570 115.536
537.844 120.795
538.118 106.230
538.392 89.364
538.666 86.718
538.941 108.851
539.215 115.098
539.489 135.216
539.763 146.016
540.038 152.251
540.312 155.554
540.586 182.286
540.860 198.787
541.134 219.522
541.409 205.660
541.683 213.121
541.957 209.746
542.231 216.855
542.505 207.905
542.780 212.035
543.054 213.352
543.328 228.346
543.602 213.804
543.876 185.659
544.151 190.584
544.425 203.253
544.699 235.436
544.973 227.158
545.247 216.593
545.522 209.549
545.796 212.688
546.070 202.090
546.351 202.016
546.632 193.236
546.912 222.188
547.193 204.394
547.474 190.532
547.755 162.449
548.036 157.495
548.317 158.379
548.597 154.787
548.878 168.172
549.159 166.865
549.440 159.593
549.721 152.679
550.001 164.373
550.282 165.396
550.563 160.829
550.844 150.391
551.125 150.997
551.406 143.775
551.686 153.501
551.967 161.321
552.248 159.647
552.529 143.312
552.810 135.446
553.090 140.930
553.371 146.185
553.652 171.320
553.933 170.392
554.214 195.735
554.495 192.870
554.775 209.013
555.056 183.064
555.337 174.317
555.618 164.848
555.899 173.383
556.179 176.584
556.460 185.072
556.741 191.866
557.022 196.758
557.303 211.697
557.584 209.800
557.864 187.758
558.145 168.038
558.426 176.404
558.707 210.165
558.988 237.087
559.268 249.772
559.549 248.456
559.830 236.696
560.111 236.119
560.392 225.203
560.673 250.243
560.953 245.969
561.234 247.679
561.515 224.865
561.796 240.169
562.077 257.435
562.357 263.269
562.638 254.871
562.919 254.887
563.200 272.861
563.481 297.268
563.762 319.528
564.042 327.698
564.323 323.713
564.604 318.837
564.885 327.468
565.166 324.710
565.446 328.813
565.727 314.765
566.008 325.709
566.289 318.412
566.570 342.624
566.851 364.845
567.131 396.087
567.412 408.394
567.693 408.140
567.974 416.637
568.255 402.059
568.535 407.160
568.816 396.377
569.097 413.959
569.378 432.738
569.659 453.894
569.940 478.225
570.220 466.085
570.501 477.641
570.782 469.465
571.063 488.983
571.344 486.474
571.624 498.495
571.905 508.888
572.186 521.621
572.467 541.832
572.748 546.094
573.029 568.785
573.309 550.502
573.590 571.745
573.871 562.848
574.152 597.739
574.433 606.546
574.713 642.037
574.994 663.355
575.275 675.770
575.556 671.951
575.837 655.550
576.118 661.490
576.398 670.244
576.679 686.073
576.960 699.159
577.245 739.909
577.531 779.458
577.816 808.462
578.102 835.001
578.387 845.961
578.672 866.561
578.958 858.643
579.243 884.521
579.529 880.031
579.814 863.565
580.099 858.127
580.385 863.031
580.670 897.512
580.956 908.588
581.241 927.528
581.526 971.087
581.812 1005.887
582.097 1029.434
582.382 1020.183
582.668 1027.173
582.953 1042.099
583.239 1061.280
583.524 1091.924
583.809 1116.762
584.095 1143.011
584.380 1144.654
584.666 1149.370
584.951 1177.001
585.236 1226.337
585.522 1267.090
585.807 1283.978
586.093 1291.091
586.378 1312.941
586.663 1357.600
586.949 1386.184
587.234 1407.219
587.520 1409.070
587.805 1411.711
588.090 1406.374
588.376 1411.398
588.661 1417.897
588.947 1455.292
589.232 1485.774
589.517 1520.415
589.803 1567.481
590.088 1592.429
590.374 1604.667
590.659 1610.377
590.944 1630.772
591.230 1646.351
591.515 1658.796
591.800 1672.860
592.086 1734.374
592.371 1770.969
592.657 1812.620
592.942 1816.476
593.227 1823.801
593.513 1836.698
593.798 1846.710
594.084 1881.799
594.369 1891.111
594.654 1934.136
594.940 1956.272
595.225 2013.433
595.511 2060.645
595.796 2112.662
596.081 2119.664
596.367 2111.252
596.652 2137.123
596.938 2152.141
597.223 2196.371
597.508 2192.591
597.794 2207.319
598.079 2246.742
598.365 2288.127
598.650 2347.365
598.935 2378.632
599.221 2392.629
599.506 2408.770
599.792 2393.974
600.077 2425.064
600.362 2436.922
600.648 2494.531
600.933 2534.141
601.218 2587.540
601.504 2608.852
601.789 2645.425
602.075 2641.123
602.360 2636.831
602.645 2599.936
602.931 2620.166
603.216 2671.939
603.502 2716.994
603.787 2760.346
604.072 2779.113
604.358 2826.319
604.643 2862.826
604.929 2862.182
605.214 2872.478
605.499 2880.529
605.785 2927.817
606.070 2976.747
606.356 3007.026
606.641 3053.475
606.926 3100.333
607.212 3142.971
607.497 3165.029
607.783 3170.061
608.068 3168.250
608.353 3172.639
608.639 3202.208
608.924 3257.049
609.210 3300.058
609.495 3335.130
609.780 3335.190
610.066 3386.180
610.351 3417.387
610.636 3478.897
610.922 3491.274
611.207 3532.397
611.493 3559.508
611.778 3584.870
612.063 3590.048
612.349 3621.307
612.634 3624.641
612.920 3686.071
613.205 3697.317
613.490 3706.247
613.776 3657.578
614.061 3620.783
614.347 3639.725
614.632 3666.897
614.917 3755.932
615.203 3766.825
615.488 3771.102
615.774 3741.497
616.059 3788.218
616.344 3783.007
616.630 3837.464
616.915 3875.091
617.201 3938.621
617.486 3942.881
617.771 3942.869
618.057 3992.314
618.342 3997.587
618.627 3998.551
618.913 3954.664
619.198 3986.250
619.484 3988.586
619.769 3982.215
620.054 4006.244
620.340 4052.886
620.625 4121.930
620.911 4093.951
621.196 4057.956
621.481 4082.854
621.767 4131.343
622.052 4174.902
622.338 4157.550
622.623 4120.483
622.908 4167.142
623.194 4206.520
623.479 4281.086
623.765 4296.058
624.050 4305.996
624.335 4298.118
624.621 4263.245
624.906 4276.141
625.192 4285.757
625.477 4313.777
625.762 4322.778
626.048 4353.035
626.333 4366.851
626.619 4358.194
626.904 4316.315
627.189 4333.264
627.475 4320.503
627.760 4365.618
628.045 4383.876
628.331 4393.824
628.616 4411.235
628.902 4430.928
629.187 4486.596
629.472 4511.425
629.758 4493.242
630.043 4462.414
630.329 4405.908
630.614 4396.929
630.899 4403.894
631.185 4441.530
631.470 4464.792
631.756 4496.787
632.041 4506.671
632.326 4491.843
632.612 4479.590
632.897 4475.855
633.183 4461.433
633.468 4465.208
633.753 4437.088
634.039 4476.462
634.324 4477.577
634.610 4483.920
634.895 4462.459
635.180 4493.605
635.466 4523.876
635.751 4553.968
636.037 4569.589
636.322 4592.265
636.607 4584.047
636.893 4569.678
637.178 4572.806
637.463 4581.101
637.749 4548.343
638.034 4537.313
638.320 4517.331
638.605 4526.853
638.890 4502.587
639.176 4494.753
639.461 4499.400
639.747 4535.065
640.032 4547.576
640.317 4564.353
640.603 4518.052
640.888 4498.362
641.174 4446.362
641.459 4453.711
641.744 4493.857
642.030 4497.463
642.315 4463.721
642.601 4410.239
642.886 4406.087
643.171 4463.186
643.457 4490.027
643.742 4488.607
644.028 4450.779
644.313 4434.557
644.598 4440.719
644.884 4459.185
645.169 4466.694
645.455 4424.282
645.740 4362.082
646.025 4343.994
646.311 4368.794
646.596 4387.558
646.881 4345.175
647.167 4299.005
647.452 4281.467
647.738 4286.840
648.023 4306.413
648.308 4277.074
648.594 4246.773
648.879 4244.686
649.165 4242.155
649.450 4240.546
649.735 4172.711
650.021 4135.832
650.306 4114.236
650.592 4111.558
650.877 4176.495
651.162 4165.108
651.448 4178.731
651.733 4097.411
652.019 4131.600
652.304 4139.655
652.589 4122.682
652.875 4067.269
653.160 4005.176
653.446 4032.736
653.731 4032.469
654.016 4074.982
654.302 4034.714
654.587 4013.114
654.873 3946.647
655.158 3920.779
655.443 3922.983
655.729 3949.097
656.014 3919.377
656.299 3886.949
656.585 3824.311
656.870 3816.715
657.156 3778.635
657.441 3754.052
657.726 3720.622
658.012 3687.054
658.297 3681.759
658.583 3701.805
658.868 3700.186
659.153 3677.204
659.439 3655.319
659.724 3672.859
660.010 3673.366
660.295 3640.877
660.580 3591.863
660.866 3514.848
661.151 3491.444
661.437 3473.887
661.722 3528.537
662.007 3535.240
662.293 3525.099
662.578 3472.703
662.864 3413.061
663.149 3368.432
663.434 3358.059
663.720 3420.689
664.005 3427.740
664.290 3382.996
664.576 3302.325
664.861 3283.864
665.147 3290.720
665.432 3269.741
665.717 3255.717
666.003 3222.464
666.288 3219.295
666.574 3174.654
666.859 3173.165
667.144 3147.407
667.430 3136.876
667.715 3104.671
668.001 3086.128
668.286 3070.565
668.571 3057.982
668.857 3050.365
669.142 3062.074
669.428 3025.417
669.713 2986.083
669.998 2967.096
670.284 3001.113
670.569 3002.405
670.855 2967.326
671.140 2962.319
671.425 2927.193
671.711 2897.101
671.996 2810.676
672.282 2806.543
672.567 2768.159
672.852 2799.262
673.138 2781.350
673.423 2785.537
673.708 2729.425
673.994 2706.832
674.279 2687.006
674.565 2653.824
674.850 2638.353
675.135 2648.914
675.421 2672.340
675.706 2651.917
675.992 2594.860
676.277 2596.763
676.562 2587.715
676.848 2581.487
677.133 2531.774
677.419 2540.009
677.704 2531.236
677.989 2510.089
678.275 2476.706
678.560 2481.100
678.846 2465.194
679.131 2422.770
679.416 2377.595
679.702 2363.161
679.987 2358.442
680.273 2327.161
680.558 2326.262
680.843 2317.214
681.129 2294.227
681.414 2246.752
681.700 2196.853
681.985 2185.990
682.270 2181.711
682.556 2203.595
682.841 2186.327
683.126 2171.325
683.412 2151.815
683.697 2156.231
683.983 2166.814
684.268 2139.997
684.553 2101.260
684.839 2030.560
685.124 1996.952
685.410 1992.873
685.695 2026.172
685.980 2005.128
686.266 1990.856
686.551 1947.044
686.837 1954.496
687.122 1954.155
687.407 1952.116
687.693 1914.112
687.978 1889.002
688.264 1878.198
688.549 1876.839
688.834 1859.187
689.120 1848.043
689.405 1844.027
689.691 1829.296
689.976 1797.947
690.261 1750.117
690.547 1723.382
690.832 1700.629
691.118 1725.051
691.403 1734.359
691.688 1718.687
691.974 1706.380
692.259 1691.046
692.544 1690.267
692.830 1651.304
693.115 1621.437
693.401 1597.169
693.686 1579.475
693.971 1573.488
694.257 1544.006
694.542 1519.114
694.828 1484.702
695.113 1491.758
695.398 1492.093
695.684 1504.171
695.969 1472.640
696.255 1458.077
696.540 1423.587
696.834 1408.916
697.127 1411.973
697.421 1414.124
697.715 1428.709
698.008 1415.521
698.302 1420.917
698.596 1418.576
698.889 1396.063
699.183 1317.686
699.477 1265.110
699.771 1243.464
700.064 1265.967
700.358 1281.033
700.652 1278.035
700.945 1290.355
701.239 1277.367
701.533 1255.656
701.826 1239.161
702.120 1220.975
702.414 1213.930
702.707 1195.249
703.001 1196.839
703.295 1214.377
703.588 1181.102
703.882 1153.489
704.176 1121.817
704.469 1126.373
704.763 1117.733
705.057 1102.808
705.351 1075.333
705.644 1077.542
705.938 1070.244
706.232 1090.375
706.525 1081.828
706.819 1086.096
707.113 1055.402
707.406 1011.229
707.700 974.615
707.994 978.561
708.287 982.838
708.581 984.164
708.875 971.975
709.168 985.137
709.462 999.609
709.756 993.701
710.049 964.443
710.343 919.735
710.637 888.833
710.931 891.159
711.224 896.814
711.518 914.589
711.812 917.567
712.105 909.035
712.399 908.378
712.693 906.736
712.986 891.915
713.280 862.082
713.574 835.558
713.867 849.065
714.161 835.545
714.455 823.089
714.748 808.382
715.042 826.493
715.336 823.803
715.629 806.684
715.923 778.642
716.217 774.563
716.511 748.643
716.804 724.645
717.098 710.180
717.392 717.539
717.685 739.154
717.979 739.642
718.273 744.725
718.566 742.668
718.860 714.445
719.154 710.966
719.447 709.976
719.741 715.040
720.035 697.440
720.328 670.763
720.622 681.868
720.916 682.638
721.209 666.735
721.503 656.737
721.797 638.276
722.091 641.920
722.384 626.310
722.678 641.561
722.972 639.074
723.265 629.899
723.559 621.581
723.853 594.634
724.146 586.578
724.440 573.135
724.734 599.497
725.027 599.355
725.321 581.372
725.615 567.371
725.908 546.703
726.202 543.372
726.496 519.201
726.789 512.534
727.083 510.043
727.377 502.545
727.671 518.210
727.964 508.542
728.258 511.541
728.552 508.718
728.845 511.052
729.139 514.891
729.433 491.176
729.726 471.802
730.020 467.285
730.314 464.915
730.607 468.893
730.901 456.174
731.195 474.770
731.488 474.252
731.782 484.616
732.076 480.758
732.369 486.610
732.663 477.219
732.957 449.217
733.251 433.455
733.544 423.008
733.838 407.370
734.132 412.023
734.425 410.536
734.719 427.602
735.013 437.503
735.306 429.579
735.600 407.378
735.894 375.884
736.187 354.266
736.481 368.189
736.775 363.258
737.068 397.557
737.362 402.547
737.656 415.757
737.949 374.469
738.243 360.459
738.537 356.324
738.831 354.398
739.124 356.768
739.418 354.314
739.712 369.900
740.005 359.514
740.299 335.413
740.593 310.727
740.886 306.883
741.180 317.065
741.474 340.169
741.767 345.944
742.061 332.770
742.355 333.228
742.648 325.751
742.942 326.670
743.236 312.487
743.529 294.170
743.823 290.181
744.117 281.082
744.411 287.804
744.704 286.780
744.998 285.075
745.292 287.768
745.585 295.712
745.879 293.416
746.173 291.843
746.466 257.453
746.760 260.617
747.054 229.366
747.347 253.177
747.641 243.356
747.935 266.261
748.228 264.492
748.522 259.179
748.816 245.582
749.109 254.820
749.403 255.504
749.697 263.032
749.991 241.632
750.284 245.830
750.578 230.086
750.872 212.407
751.165 207.863
751.459 237.192
751.753 260.955
752.046 266.434
752.340 246.423
752.634 240.516
752.927 223.454
753.221 197.309
753.515 193.277
753.808 206.911
754.102 224.904
754.396 209.144
754.689 193.041
754.983 186.051
755.277 211.313
755.571 216.108
755.864 221.925
756.158 205.154
756.452 209.949
756.745 200.083
757.039 212.060
757.333 215.748
757.626 220.608
757.920 205.207
758.214 184.897
758.507 180.315
758.801 184.350
759.095 207.915
759.388 204.319
759.682 191.611
759.976 186.563
760.269 206.273
760.563 215.085
760.857 203.671
761.151 184.641
761.444 181.847
761.738 177.069
762.032 181.719
762.325 164.925
762.619 152.838
762.913 141.159
763.206 131.598
763.500 136.932
763.798 136.830
764.097 159.875
764.395 163.211
764.693 163.448
764.992 162.534
765.290 143.130
765.588 128.577
765.887 124.127
766.185 122.737
766.483 125.404
766.782 110.543
767.080 130.039
767.378 142.056
767.677 166.919
767.975 158.390
768.273 139.116
768.571 109.724
768.870 107.995
769.168 106.984
769.466 118.373
769.765 110.825
770.063 120.420
770.361 121.912
770.660 118.192
770.958 124.799
771.256 131.999
771.555 138.278
771.853 130.139
772.151 125.084
772.450 124.338
772.748 123.300
773.046 98.584
773.345 99.504
773.643 95.507
773.941 111.473
774.240 118.458
774.538 116.791
774.836 110.103
775.135 93.439
775.433 97.329
775.731 84.014
776.030 85.643
776.328 93.610
776.626 95.226
776.925 93.203
777.223 90.466
777.521 115.269
777.819 128.824
778.118 129.566
778.416 129.896
778.714 122.604
779.013 107.586
779.311 97.063
779.609 89.082
779.908 75.190
780.206 64.243
780.504 68.544
780.803 83.070
781.101 91.922
781.399 96.591
781.698 101.674
781.996 89.191
782.294 75.959
782.593 82.853
782.891 89.464
783.189 92.473
783.488 84.851
783.786 78.216
784.084 85.485
784.383 94.137
784.681 99.522
784.979 99.688
785.278 81.840
785.576 85.225
785.874 85.557
786.173 85.931
786.471 77.908
786.769 70.265
787.068 81.998
787.366 96.091
787.664 114.240
787.962 114.272
788.261 112.670
788.559 90.625
788.857 89.080
789.156 82.078
789.454 85.120
789.752 69.358
790.051 57.022
790.349 64.136
790.647 72.248
790.946 83.036
791.244 72.336
791.542 53.169
791.841 41.103
792.139 41.506
792.437 55.718
792.736 50.333
793.034 54.107
793.332 52.092
793.631 74.503
793.929 86.747
794.227 100.422
794.526 100.484
794.824 95.458
795.122 71.662
795.421 50.933
795.719 45.886
796.017 61.976
796.316 67.118
796.614 63.467
796.912 55.292
797.211 58.783
797.509 49.588
797.807 66.505
798.105 73.759
798.404 85.485
798.702 71.417
799.000 71.551
799.299 67.241
799.597 88.002
799.895 101.209
800.194 110.529
800.492 95.749
800.790 71.929
801.089 68.615
801.387 64.211
801.685 55.193
801.984 47.929
802.282 54.977
802.580 67.938
802.879 60.658
803.177 51.978
803.475 57.328
803.774 60.917
804.072 75.423
804.370 73.034
804.669 72.383
804.967 68.984
805.265 57.378
805.564 65.623
805.862 54.760
806.160 56.976
806.459 53.497
806.757 65.351
807.055 78.983
807.353 75.164
807.652 54.819
807.950 48.116
808.248 30.950
808.547 41.090
808.845 35.050
809.143 45.887
809.442 36.582
809.740 55.064
810.038 69.564
810.337 90.317
810.635 70.879
810.933 52.478
811.232 34.028
811.530 32.648
811.831 68.674
812.132 77.602
812.432 95.411
812.733 70.550
813.034 58.111
813.335 34.518
813.636 20.522
813.936 34.741
814.237 57.201
814.538 84.169
814.839 85.341
815.140 72.311
815.440 47.267
815.741 35.408
816.042 48.218
816.343 62.929
816.644 75.762
816.945 73.304
817.245 79.107
817.546 94.658
817.847 88.934
818.148 74.131
818.449 46.571
818.749 50.721
819.050 78.217
819.351 73.240
819.652 67.554
819.953 42.271
820.253 61.510
820.554 48.279
820.855 39.224
821.156 30.108
821.457 41.710
821.757 75.308
822.058 69.983
822.359 87.018
822.660 59.284
822.961 61.438
823.261 42.779
823.562 48.736
823.863 33.849
824.164 27.869
824.465 26.273
824.765 43.577
825.066 64.083
825.367 62.875
825.668 50.313
825.969 38.046
826.269 43.390
826.570 37.170
826.871 13.496
827.172 4.698
827.473 5.423
827.774 20.604
828.074 15.876
828.375 34.931
828.676 35.208
828.977 44.805
829.278 34.309
829.578 39.237
829.879 45.835
830.180 40.808
830.481 43.189
830.782 37.105
831.082 42.721
831.383 39.818
831.684 33.005
831.985 33.962
832.286 18.154
832.586 29.920
832.887 22.917
833.188 34.718
833.489 45.233
833.790 48.995
834.090 58.827
834.391 44.547
834.692 47.220
834.993 40.622
835.294 33.700
835.594 29.577
835.895 25.091
836.196 23.639
836.497 35.702
836.798 43.007
837.099 47.948
837.399 31.769
837.700 31.909
838.001 24.122
838.302 34.974
838.603 30.227
838.903 30.179
839.204 26.191
839.505 34.097
839.806 31.502
840.107 35.877
840.407 32.124
840.708 37.544
841.009 36.401
841.310 45.143
841.611 54.479
841.911 59.468
842.212 36.770
842.513 20.133
842.814 20.144
843.115 43.026
843.415 44.478
843.716 49.049
844.017 36.972
844.318 47.123
844.619 31.569
844.919 21.937
845.220 17.053
845.521 14.174
845.822 40.473
846.123 31.661
846.423 45.913
846.724 33.947
847.025 58.720
847.326 59.565
847.627 68.370
847.928 62.911
848.228 49.393
848.529 49.917
848.830 45.420
849.131 48.879
849.432 44.033
849.732 46.369
850.033 60.453
850.334 44.395
850.635 45.114
850.936 12.374
851.236 27.925
851.537 23.689
851.838 35.466
852.139 13.449
852.440 4.319
852.740 11.082
853.041 39.646
853.342 35.119
853.643 51.936
853.944 39.106
854.244 48.051
854.545 46.346
854.846 49.455
855.147 58.571
855.448 50.290
855.748 57.476
856.049 45.234
856.350 49.768
856.651 33.542
856.952 44.989
857.253 42.230
857.553 46.018
857.854 56.840
858.155 58.756
858.456 54.027
858.757 46.995
859.057 16.671
859.358 22.863
859.659 21.210
859.960 49.351
860.261 49.834
860.561 58.127
860.862 63.345
861.163 69.275
861.464 38.509
861.765 25.140
862.065 19.220
862.366 41.259
862.667 55.092
862.968 47.585
863.269 27.589
863.569 5.348
863.870 2.976
864.171 20.290
864.472 31.677
864.773 35.190
865.073 37.901
865.374 42.289
865.675 43.500
865.976 35.005
866.277 17.009
866.577 23.591
866.878 35.243
867.179 67.207
867.480 79.986
867.781 59.666
868.082 48.721
868.382 52.195
868.683 51.558
868.984 43.389
869.285 26.151
869.586 28.628
869.886 24.214
870.187 27.201
870.488 39.490
870.789 37.595
871.090 31.355
871.390 28.519
871.691 46.932
871.992 43.546
872.293 47.852
872.594 28.814
872.894 36.434
873.195 34.475
873.496 50.317
873.797 60.359
874.098 67.648
874.398 54.521
874.699 32.533
875.000 18.832
875.301 24.918
875.602 44.026
875.902 52.467
876.203 36.956
876.504 25.103
876.805 33.633
877.106 50.006
877.407 59.993
877.707 44.791
878.008 42.949
878.309 27.481
878.610 25.054
878.911 25.012
879.211 35.251
879.512 34.613
879.813 25.567
880.114 18.962
880.415 18.369
880.715 29.568
881.016 37.994
881.317 42.820
881.618 44.895
881.919 39.783
882.219 30.114
882.520 33.499
882.821 37.716
883.122 43.738
883.423 37.629
883.723 40.595
884.024 35.470
884.325 25.808
884.626 -1.642
884.927 -2.859
885.227 -1.664
885.528 29.418
885.829 44.786
886.130 56.839
886.431 37.225
886.731 38.444
887.032 34.265
887.333 46.389
887.634 31.008
887.935 15.582
888.236 5.874
888.536 8.580
888.837 11.902
889.138 12.190
889.439 14.306
889.740 37.874
890.040 40.876
890.341 37.561
890.642 21.541
890.943 28.872
891.244 25.844
891.544 28.579
891.845 29.453
892.146 43.062
892.447 53.316
892.748 43.352
893.048 41.571
893.349 30.706
893.650 31.637
893.951 7.663
894.252 7.398
894.552 25.011
894.853 54.508
895.154 57.884
895.455 47.013
895.756 39.747
896.056 26.629
896.357 18.117
896.658 12.944
896.959 32.600
897.260 35.657
897.561 53.792
897.861 60.003
898.162 51.729
898.463 32.699
898.764 21.323
899.065 24.728
899.365 12.664
899.666 0.938
899.967 -0.295
900.268 24.924
900.569 48.995
900.869 60.555
901.170 44.032
901.471 20.911
901.772 20.966
902.073 43.211
902.373 50.774
902.674 46.410
902.975 38.025
903.276 30.168
903.577 27.382
903.877 34.119
904.178 32.859
904.479 43.378
904.780 42.806
905.081 51.416
905.381 37.482
905.682 16.847
905.983 24.424
906.284 33.038
906.585 51.899
906.885 41.794
907.186 43.503
907.487 43.579
907.788 59.684
908.089 64.541
908.390 45.295
908.690 11.179
908.991 9.960
909.292 39.089
909.593 62.343
909.894 63.063
910.194 34.918
910.495 22.633
910.796 1.525
911.097 32.610
911.398 29.343
911.698 43.766
911.999 34.675
912.300 53.359
912.607 59.316
912.915 44.937
913.222 49.318
913.529 36.175
913.837 39.829
914.144 46.254
914.451 56.556
914.759 50.954
915.066 36.355
915.374 17.440
915.681 15.143
915.988 12.852
916.296 33.596
916.603 40.347
916.910 38.733
917.218 44.832
917.525 31.399
917.832 29.761
918.140 20.760
918.447 14.667
918.754 33.640
919.062 42.853
919.369 79.141
919.677 76.134
919.984 63.959
920.291 34.423
920.599 21.540
920.906 46.100
921.213 43.692
921.521 36.558
921.828 6.595
922.135 29.268
922.443 38.200
922.750 48.491
923.057 45.359
923.365 60.198
923.672 46.493
923.980 45.559
924.287 32.828
924.594 38.684
924.902 40.060
925.209 36.693
925.516 47.172
925.824 40.321
926.131 30.236
926.438 31.946
926.746 51.808
927.053 70.981
927.360 65.493
927.668 38.359
927.975 15.683
928.283 12.961
928.590 27.009
928.897 57.250
929.205 55.907
929.512 53.080
929.819 46.346
930.127 43.201
930.434 35.155
930.741 21.846
931.049 24.679
931.356 19.412
931.663 23.365
931.971 18.823
932.278 35.993
932.586 26.393
932.893 32.160
933.200 25.807
933.508 36.646
933.815 22.644
934.122 28.638
934.430 26.585
934.737 45.289
935.044 63.532
935.352 68.913
935.659 55.023
935.966 35.438
936.274 22.075
936.581 34.324
936.889 41.111
937.196 74.363
937.503 68.097
937.811 55.730
938.118 17.425
938.425 10.443
938.733 11.049
939.040 19.425
939.347 35.674
939.655 39.138
939.962 34.723
940.269 38.778
940.577 45.247
940.884 65.181
941.191 55.002
941.499 61.068
941.806 65.528
942.114 63.964
942.421 66.427
942.728 33.992
943.036 34.889
943.343 32.272
943.650 37.792
943.958 33.964
944.265 4.801
944.572 12.832
944.880 25.516
945.187 44.838
945.494 41.414
945.802 37.473
946.109 37.004
946.417 36.569
946.724 21.861
947.031 15.090
947.339 34.661
947.646 52.803
947.953 60.110
948.261 66.827
948.568 74.872
948.875 75.122
949.183 61.369
949.490 43.198
949.797 38.535
950.105 34.715
950.412 32.977
950.720 35.679
951.027 63.105
951.334 73.334
951.642 73.082
951.949 50.535
952.256 53.546
952.564 49.861
952.871 32.942
953.178 16.335
953.486 20.509
953.793 44.842
954.100 63.656
954.408 45.065
954.715 44.843
955.023 40.424
955.330 68.512
955.637 61.847
955.945 45.800
956.252 36.258
956.559 45.556
956.867 53.003
957.174 36.371
957.481 36.075
957.789 50.534
958.096 68.331
958.403 79.334
958.711 83.567
959.018 84.981
959.326 76.323
959.633 65.538
959.940 65.817
960.248 49.150
960.555 51.193
960.862 49.272
961.170 44.087
961.477 22.882
961.784 21.342
962.092 45.393
962.399 55.194
962.706 47.140
963.014 44.283
963.321 51.088
963.629 61.584
963.936 47.495
964.243 38.070
964.551 39.451
964.858 38.325
965.165 54.885
965.473 67.581
965.780 72.190
966.092 62.972
966.404 51.420
966.716 54.195
967.028 46.045
967.340 39.995
967.652 38.880
967.964 45.612
968.276 42.652
968.588 34.719
968.900 34.713
969.212 29.399
969.524 39.281
969.836 49.071
970.148 68.853
970.460 62.131
970.772 50.531
971.084 38.845
971.396 48.655
971.708 42.938
972.020 66.701
972.332 79.353
972.644 91.640
972.956 56.198
973.268 20.327
973.580 17.085
973.892 25.157
974.204 43.358
974.516 45.517
974.828 52.792
975.140 50.067
975.452 51.150
975.764 63.884
976.076 63.126
976.388 62.470
976.700 50.383
977.012 49.996
977.324 40.794
977.636 36.374
977.948 25.864
978.260 41.558
978.572 60.261
978.884 68.295
979.196 77.732
979.508 63.899
979.820 71.671
980.132 62.517
980.444 56.235
980.756 66.895
981.068 67.847
981.380 75.318
981.692 71.841
982.004 57.415
982.316 46.126
982.628 22.426
982.940 25.947
983.252 31.583
983.564 40.437
983.876 41.877
984.188 64.597
984.500 80.777
984.812 95.153
985.124 69.627
985.436 36.083
985.748 23.485
986.060 37.322
986.372 42.279
986.684 43.299
986.996 41.518
987.308 54.646
987.620 44.035
987.932 45.776
988.244 40.816
988.556 49.642
988.868 28.363
989.180 38.673
989.492 36.925
989.804 48.667
990.116 63.315
990.428 65.776
990.740 77.478
991.052 68.456
991.364 58.542
991.676 39.382
991.988 46.607
992.300 54.380
992.612 69.972
992.924 52.055
993.236 48.250
993.548 50.674
993.860 56.354
994.172 76.423
994.484 64.682
994.796 59.313
995.108 56.531
995.420 55.166
995.732 58.555
996.044 46.974
996.356 70.896
996.668 88.790
996.980 85.175
997.292 62.351
997.604 40.489
997.916 63.232
998.228 64.720
998.540 71.192
998.852 44.504
999.164 59.959
999.476 60.983
999.788 83.328
1000.100 73.967
1000.412 67.252
1000.724 50.298
1001.036 54.734
1001.348 55.026
1001.660 56.486
1001.972 49.271
1002.284 76.726
1002.596 87.580
1002.908 106.630
1003.220 87.234
1003.532 89.686
1003.844 78.819
1004.156 82.564
1004.468 87.738
1004.780 89.026
1005.092 68.599
1005.404 51.846
1005.716 36.938
1006.028 59.888
1006.340 66.024
1006.652 88.280
1006.964 84.710
1007.276 87.576
1007.588 87.324
1007.900 99.689
1008.212 85.300
1008.524 72.365
1008.836 64.559
1009.148 80.426
1009.460 83.595
1009.772 69.185
1010.084 64.128
1010.396 57.066
1010.708 51.655
1011.020 51.502
1011.332 63.582
1011.644 74.414
1011.956 78.166
1012.268 79.395
1012.580 82.379
1012.892 73.608
1013.204 60.919
1013.516 60.260
1013.828 72.394
1014.140 72.935
1014.452 85.993
1014.764 84.293
1015.076 80.400
1015.388 73.771
1015.700 77.332
1016.012 76.176
1016.324 52.122
1016.636 42.739
1016.948 50.323
1017.260 78.617
1017.572 100.740
1017.884 106.055
1018.196 97.961
1018.508 83.078
1018.820 78.145
1019.132 73.832
1019.444 67.859
1019.756 78.202
1020.068 98.096
1020.380 101.552
1020.692 103.268
1021.004 100.138
1021.316 104.666
1021.628 86.402
1021.940 85.793
1022.252 78.217
1022.564 77.145
1022.876 74.057
1023.188 76.432
1023.500 78.482
1023.812 71.855
1024.124 70.237
1024.436 72.909
1024.748 88.055
1025.060 99.842
1025.372 90.642
1025.684 70.710
1025.996 65.748
1026.308 89.296
1026.620 113.714
1026.932 95.987
1027.244 90.048
1027.556 77.197
1027.868 102.103
1028.180 92.608
1028.492 78.692
1028.804 71.086
1029.116 82.431
1029.428 83.384
1029.740 96.539
1030.052 95.343
1030.364 110.567
1030.676 106.350
1030.988 114.901
1031.300 101.549
1031.612 98.975
1031.924 88.794
1032.236 82.746
1032.548 75.160
1032.860 101.353
1033.172 123.410
1033.484 129.461
1033.796 102.832
1034.108 98.841
1034.420 104.165
1034.732 92.488
1035.044 82.812
1035.356 47.469
1035.668 55.127
1035.980 59.117
1036.292 73.108
1036.604 74.431
1036.916 82.755
1037.228 95.412
1037.540 94.069
1037.852 95.059
1038.164 78.716
1038.476 89.373
1038.788 99.363
1039.100 122.354
1039.412 122.677
1039.724 110.001
1040.036 97.657
1040.348 89.314
1040.660 85.638
1040.972 88.294
1041.284 84.951
1041.596 87.274
1041.908 86.598
1042.220 108.254
1042.532 116.578
1042.844 119.901
1043.156 95.224
1043.468 67.547
1043.780 59.204
1044.092 68.194
1044.404 66.517
1044.716 71.840
1045.028 88.163
1045.340 100.152
1045.652 102.809
1045.964 96.465
1046.276 109.455
1046.588 109.778
1046.900 119.434
1047.212 116.423
1047.524 105.080
1047.836 75.736
1048.148 65.058
1048.460 81.381
1048.772 92.371
1049.084 99.027
1049.396 84.016
1049.708 83.672
1050.020 76.995
1050.332 86.651
1050.644 91.640
1050.956 101.296
1051.268 101.285
1051.580 88.941
1051.892 79.596
1052.204 76.585
1052.516 67.575
1052.828 48.230
1053.140 44.553
1053.452 54.875
1053.764 78.864
1054.076 90.853
1054.388 110.508
1054.700 130.497
1055.012 127.153
1055.324 107.808
1055.636 98.797
1055.948 97.452
1056.260 91.108
1056.572 77.430
1056.884 62.085
1057.196 64.074
1057.508 57.729
1057.820 58.717
1058.132 61.373
1058.444 68.361
1058.756 70.016
1059.068 64.005
1059.380 62.660
1059.692 78.315
1060.004 87.970
1060.316 95.625
1060.628 87.613
1060.940 91.602
1061.252 85.590
1061.564 77.911
1061.876 84.566
1062.188 82.888
1062.500 80.542
1062.812 66.530
1063.124 62.519
1063.436 73.840
1063.748 91.828
1064.060 91.816
1064.372 90.470
1064.684 65.792
1064.996 65.113
1065.308 60.767
1065.620 64.755
1065.932 83.743
1066.244 107.064
1066.556 127.385
1066.868 115.373
1067.180 101.694
1067.492 84.681
1067.804 67.002
1068.116 48.990
1068.428 70.311
1068.740 94.631
1069.052 109.285
1069.364 90.273
1069.676 93.927
1069.988 100.581
1070.300 117.235
1070.612 105.222
1070.924 82.543
1071.236 56.197
1071.548 39.517
1071.860 63.838
1072.172 85.158
1072.484 100.479
1072.796 92.132
1073.108 80.119
1073.420 75.773
1073.732 67.093
1074.044 63.080
1074.356 61.067
1074.668 86.721
1074.980 85.374
1075.292 93.361
1075.604 81.681
1075.916 99.001
1076.228 113.988
1076.540 109.974
1076.852 93.294
1077.164 68.947
1077.476 57.934
1077.788 45.920
1078.100 67.240
1078.412 64.227
1078.724 68.546
1079.036 60.199
1079.348 75.186
1079.660 83.505
1079.972 81.825
1080.284 61.478
1080.596 65.464
1080.908 59.450
1081.220 74.436
1081.532 57.422
1081.844 63.742
1082.156 60.395
1082.468 94.714
1082.780 89.700
1083.092 93.019
1083.404 59.005
1083.716 42.991
1084.028 39.310
1084.340 33.296
1084.652 57.948
1084.964 51.600
1085.276 69.586
1085.588 49.572
1085.900 47.890
1086.212 45.876
1086.524 48.862
1086.836 62.847
1087.148 62.166
1087.460 74.818
1087.772 78.470
1088.084 84.788
1088.396 84.107
1088.708 77.759
1089.020 74.078
1089.332 45.063
1089.644 29.714
1089.956 27.366
1090.268 41.351
1090.580 68.003
1090.892 79.988
1091.204 102.973
1091.516 93.291
1091.828 92.943
1092.140 90.594
1092.464 81.246
1092.788 49.230
1093.112 31.548
1093.436 40.200
1093.760 73.184
1094.084 92.836
1094.408 88.487
1094.732 75.805
1095.056 75.122
1095.380 71.774
1095.703 59.758
1096.027 48.076
1096.351 49.060
1096.675 69.044
1096.999 76.695
1097.323 82.013
1097.647 83.663
1097.971 64.981
1098.295 64.298
1098.619 48.949
1098.943 49.266
1099.267 47.917
1099.591 72.234
1099.915 71.551
1100.239 52.535
1100.563 40.519
1100.887 42.169
1101.211 51.153
1101.535 46.137
1101.859 49.121
1102.182 34.771
1102.506 30.088
1102.830 24.071
1103.154 36.388
1103.478 39.038
1103.802 32.688
1104.126 18.338
1104.450 34.988
1104.774 52.971
1105.098 78.621
1105.422 42.605
1105.746 22.921
1106.070 24.571
1106.394 39.554
1106.718 59.204
1107.042 51.186
1107.366 59.836
1107.690 40.819
1108.014 40.135
1108.338 42.785
1108.662 69.101
1108.985 72.417
1109.309 72.733
1109.633 61.049
1109.957 74.031
1110.281 62.014
1110.605 62.330
1110.929 44.312
1111.253 35.295
1111.577 33.944
1111.901 40.260
1112.225 40.909
1112.549 41.224
1112.873 34.540
1113.197 42.189
1113.521 43.837
1113.845 48.486
1114.169 53.135
1114.493 43.450
1114.817 35.099
1115.141 26.747
1115.464 25.729
1115.788 24.711
1116.112 28.026
1116.436 29.341
1116.760 28.323
1117.084 10.638
1117.408 7.953
1117.732 7.601
1118.056 40.249
1118.380 67.231
1118.704 83.212
1119.028 78.194
1119.352 63.509
1119.676 49.490
1120.000 31.471
1120.324 4.119
1120.648 6.767
1120.972 12.415
1121.296 16.729
1121.620 16.044
1121.944 13.691
1122.267 26.006
1122.591 21.320
1122.915 27.634
1123.239 9.282
1123.563 6.929
1123.887 -2.423
1124.211 12.224
1124.535 10.871
1124.859 20.852
1125.183 22.832
1125.507 47.146
1125.831 41.127
1126.155 58.774
1126.479 50.421
1126.803 62.401
1127.127 40.048
1127.451 28.029
1127.775 11.009
1128.099 16.323
1128.423 12.969
1128.746 25.949
1129.070 21.263
1129.394 28.243
1129.718 13.223
1130.042 20.203
1130.366 27.516
1130.690 37.496
1131.014 27.142
1131.338 21.455
1131.662 24.435
1131.986 32.081
1132.310 32.061
1132.634 26.041
1132.958 25.687
1133.282 20.000
1133.606 29.979
1133.930 31.625
1134.254 30.605
1134.578 19.584
1134.902 18.230
1135.226 8.876
1135.549 9.188
1135.873 17.501
1136.197 37.147
1136.521 31.459
1136.845 28.438
1137.169 24.084
1137.493 42.396
1137.817 35.042
1138.141 34.354
1138.465 42.666
1138.789 65.645
1139.113 62.623
1139.437 39.935
1139.761 30.247
1140.085 39.559
1140.409 38.538
1140.733 4.850
1141.057 -17.172
1141.381 -0.193
1141.705 24.118
1142.028 31.763
1142.352 10.408
1142.676 14.053
1143.000 8.365
1143.324 16.343
1143.648 20.321
1143.972 28.299
1144.296 37.944
1144.620 31.589
1144.944 48.900
1145.268 48.544
1145.592 47.189
1145.916 40.834
1146.240 40.811
1146.564 43.789
1146.888 53.434
1147.212 50.411
1147.536 62.722
1147.860 45.700
1148.184 26.011
1148.507 9.655
1148.831 3.299
1149.155 18.276
1149.479 23.920
1149.803 29.564
1150.127 40.208
1150.451 37.519
1150.775 32.163
1151.099 25.474
1151.423 23.784
1151.747 31.094
1152.071 32.738
1152.395 38.382
1152.719 41.359
1153.043 25.003
1153.367 5.646
1153.691 4.290
1154.015 4.267
1154.339 10.243
1154.663 12.220
1154.987 31.197
1155.310 28.840
1155.634 26.484
1155.958 28.793
1156.282 42.437
1156.606 40.413
1156.930 40.056
1157.254 37.366
1157.578 34.676
1157.902 20.319
1158.226 10.295
1158.550 20.272
1158.874 16.581
1159.198 3.224
1159.522 -8.466
1159.846 -11.490
1160.170 16.486
1160.494 24.796
1160.818 30.438
1161.142 33.415
1161.466 38.724
1161.790 49.033
1162.113 43.676
1162.437 47.652
1162.761 39.961
1163.085 35.603
1163.409 17.579
1163.733 18.555
1164.057 23.197
1164.381 8.840
1164.705 10.482
1165.029 16.791
1165.353 25.767
1165.677 23.076
1166.001 18.718
1166.325 23.694
1166.649 14.669
1166.973 -5.356
1167.297 -6.047
1167.621 17.262
1167.945 38.904
1168.269 36.213
1168.592 30.188
1168.916 26.163
1169.240 33.139
1169.564 36.447
1169.888 32.422
1170.212 36.398
1170.536 32.373
1170.860 27.348
1171.184 8.323
1171.508 -8.702
1171.832 -4.727
1172.156 9.915
1172.480 35.223
1172.804 47.532
1173.128 58.840
1173.452 49.481
1173.776 26.790
1174.100 8.098
1174.424 2.406
1174.748 13.381
1175.072 21.356
1175.395 45.331
1175.719 47.639
1176.043 52.614
1176.367 28.922
1176.691 38.896
1177.015 33.538
1177.339 30.512
1177.663 24.487
1177.987 31.462
1178.311 54.436
1178.635 61.744
1178.959 60.719
1179.283 55.027
1179.607 67.335
1179.931 72.309
1180.255 57.617
1180.579 29.258
1180.903 16.566
1181.227 26.541
1181.551 34.848
1181.874 46.156
1182.198 27.131
1182.522 16.438
1182.846 11.079
1183.170 23.721
1183.494 33.362
1183.818 19.336
1184.142 15.644
1184.466 -11.382
1184.790 -10.741
1185.114 -13.767
1185.438 17.874
1185.762 20.849
1186.086 27.823
1186.410 26.464
1186.734 48.105
1187.058 50.746
1187.382 30.720
1187.706 19.361
1188.030 23.669
1188.353 38.310
1188.677 43.617
1189.001 31.925
1189.325 39.233
1189.649 36.540
1189.973 44.181
1190.297 52.489
1190.621 41.797
1190.945 28.437
1191.269 8.745
1191.593 13.719
1191.917 32.360
1192.241 52.335
1192.565 54.642
1192.889 45.617
1193.213 35.257
1193.537 27.898
1193.861 27.539
1194.185 29.847
1194.509 53.155
1194.833 43.129
1195.156 36.103
1195.480 21.078
1195.804 40.052
1196.128 34.027
1196.452 37.668
1196.776 40.309
1197.100 57.950
1197.424 62.257
1197.748 65.899
1198.072 55.206
1198.396 41.847
1198.720 28.489
1199.044 29.796
1199.368 30.771
1199.692 19.746
1200.016 16.720
1200.340 24.361
1200.664 28.336
1200.988 38.310
1201.312 29.618
1201.635 35.260
1201.959 28.568
1202.283 27.542
1202.607 18.517
1202.931 11.492
1203.255 13.133
1203.579 20.108
1203.903 21.083
1204.227 35.725
1204.551 46.366
1204.875 46.674
1205.199 23.983
1205.523 13.291
1205.847 7.933
1206.171 32.908
1206.495 54.549
1206.819 67.858
1207.143 50.833
1207.467 33.808
1207.791 49.450
1208.115 65.425
1208.438 61.400
1208.762 38.042
1209.086 23.684
1209.410 25.326
1209.734 19.969
1210.058 16.277
1210.382 25.586
1210.706 44.895
1211.030 63.204
1211.354 58.513
1211.678 41.155
1212.002 29.131
1212.326 35.107
1212.650 38.749
1212.974 34.725
1213.298 17.035
1213.622 8.011
1213.946 6.987
1214.270 1.296
1214.594 9.272
1214.917 30.915
1215.241 54.225
1215.565 53.534
1215.889 22.844
1216.213 12.487
1216.537 22.464
1216.861 42.107
1217.185 31.083
1217.509 23.727
1217.833 24.703
1218.157 39.013
1218.481 24.990
1218.805 11.634
1219.129 6.944
1219.453 12.255
1219.777 7.898
1220.101 9.875
1220.425 20.186
1220.749 28.163
1221.073 15.141
1221.397 14.452
1221.720 4.762
1222.044 13.073
1222.368 12.718
1222.692 43.695
1223.016 57.340
1223.340 43.318
1223.664 32.629
1223.988 42.274
1224.312 69.919
1224.636 55.897
1224.960 29.542
1225.284 26.520
1225.608 49.832
1225.932 47.477
1226.256 32.456
1226.580 18.101
1226.904 37.413
1227.228 40.392
1227.552 35.704
1227.876 32.350
1228.199 35.329
1228.523 42.308
1228.847 40.954
1229.171 43.934
1229.495 37.580
1229.819 46.560
1230.143 55.873
1230.467 54.852
1230.791 49.499
1231.115 34.812
1231.439 23.792
1231.763 15.106
1232.087 10.429
