181.241 7.163
181.495 -2.671
181.749 -2.371
182.003 0.029
182.257 -2.171
182.511 2.429
182.765 10.429
183.019 13.229
183.273 11.629
183.528 12.629
183.782 10.029
184.036 5.428
184.290 1.828
184.544 -3.572
184.798 -7.772
185.052 -2.372
185.306 4.628
185.560 5.628
185.814 5.828
186.068 5.428
186.322 3.628
186.576 1.828
186.830 6.227
187.084 7.227
187.339 10.227
187.593 12.827
187.847 15.627
188.101 17.427
188.355 21.827
188.609 16.827
188.863 12.227
189.117 9.827
189.371 8.827
189.625 8.026
189.879 13.226
190.133 18.226
190.387 20.626
190.641 17.426
190.895 14.626
191.150 7.826
191.404 3.826
191.658 6.226
191.912 7.026
192.166 10.026
192.420 24.825
192.674 32.225
192.928 28.425
193.182 32.225
193.436 32.025
193.690 16.225
193.944 6.825
194.198 7.625
194.452 2.625
194.706 -2.575
194.961 -0.776
195.215 2.224
195.469 2.424
195.723 -0.176
195.977 2.624
196.231 4.224
196.485 1.424
196.739 -0.176
196.993 0.624
197.247 1.824
197.501 9.224
197.755 9.423
198.009 9.423
198.263 14.623
198.517 22.223
198.772 23.623
199.026 30.623
199.280 32.423
199.534 33.423
199.788 29.423
200.042 27.223
200.296 23.823
200.550 21.622
200.804 22.222
201.058 25.822
201.312 30.622
201.566 34.422
201.820 36.222
202.074 34.022
202.328 31.622
202.583 25.422
202.837 24.422
203.091 26.021
203.345 21.021
203.599 18.821
203.853 20.421
204.107 19.021
204.361 17.221
204.615 21.621
204.869 27.821
205.123 30.021
205.377 24.421
205.631 16.421
205.885 8.820
206.139 1.220
206.394 -1.380
206.648 8.020
206.902 17.620
207.156 22.220
207.410 23.020
207.664 17.420
207.918 5.220
208.172 -1.380
208.426 -2.781
208.680 -3.181
208.934 -2.381
209.188 3.019
209.442 8.019
209.696 15.819
209.950 13.419
210.205 8.619
210.459 6.219
210.713 -0.581
210.967 -10.381
211.221 -8.182
211.475 -4.182
211.729 -4.182
211.983 0.818
212.237 7.218
212.491 9.418
212.745 13.418
212.999 15.018
213.253 14.818
213.507 12.018
213.761 10.817
214.016 12.217
214.270 17.617
214.524 23.217
214.778 28.017
215.032 31.817
215.286 29.817
215.540 28.217
215.794 27.217
216.048 23.017
216.302 18.216
216.556 25.616
216.810 25.216
217.064 25.016
217.318 28.416
217.572 25.016
217.827 14.816
218.081 12.216
218.335 4.216
218.589 -2.984
218.843 3.615
219.097 7.015
219.351 7.815
219.605 11.815
219.859 19.015
220.113 18.015
220.367 18.015
220.621 22.415
220.875 22.415
221.129 21.815
221.383 20.814
221.638 17.414
221.892 13.014
222.146 20.214
222.400 20.214
222.654 24.214
222.908 30.214
223.162 32.614
223.416 23.614
223.670 15.814
223.924 6.613
224.178 2.213
224.432 1.813
224.686 0.813
224.940 4.213
225.195 6.013
225.449 -0.387
225.703 -4.187
225.957 1.013
226.211 10.013
226.465 16.012
226.719 25.212
226.973 33.812
227.227 35.612
227.481 31.412
227.735 28.812
227.989 23.012
228.243 13.012
228.497 7.212
228.751 9.611
229.006 15.611
229.260 22.411
229.514 29.811
229.768 35.011
230.022 34.211
230.276 31.411
230.530 29.011
230.784 24.611
231.038 23.011
231.292 23.410
231.546 23.210
231.800 27.810
232.054 35.610
232.308 38.610
232.562 34.410
232.817 30.610
233.071 23.410
233.325 11.810
233.579 4.810
233.833 3.009
234.087 6.009
234.341 8.809
234.595 12.009
234.849 15.009
235.103 11.009
235.357 4.009
235.611 -0.191
235.865 -2.391
236.119 -6.592
236.373 -3.792
236.628 4.408
236.882 10.208
237.136 14.608
237.390 17.408
237.644 19.608
237.898 14.808
238.152 14.608
238.406 15.008
238.660 14.207
238.914 18.007
239.168 22.407
239.422 23.607
239.676 26.207
239.930 26.407
240.184 25.407
240.439 23.207
240.693 15.207
240.947 2.606
241.201 -0.194
241.455 -1.194
241.709 -0.794
241.963 1.606
242.217 10.006
242.471 13.806
242.725 11.206
242.979 6.606
243.233 6.205
243.487 3.005
243.741 6.205
243.995 6.405
244.250 6.605
244.504 10.005
244.758 11.405
245.012 6.405
245.266 5.805
245.520 12.604
245.774 13.804
246.028 12.404
246.282 13.804
246.536 13.404
246.790 8.604
247.044 10.604
247.298 10.204
247.552 7.804
247.806 7.004
248.061 5.203
248.315 1.603
248.569 6.403
248.823 9.203
249.077 16.403
249.331 23.003
249.585 20.003
249.839 15.203
250.093 11.203
250.347 6.202
250.601 3.802
250.855 8.202
251.109 6.402
251.363 5.402
251.617 3.602
251.872 5.602
252.126 7.202
252.380 11.402
252.634 14.601
252.888 12.801
253.142 7.601
253.396 9.801
253.650 13.601
253.904 11.801
254.159 15.401
254.413 14.601
254.667 10.801
254.922 8.600
255.176 12.400
255.431 13.400
255.685 16.600
255.939 16.200
256.194 13.600
256.448 5.800
256.702 1.000
256.957 -6.401
257.211 -16.201
257.465 -20.801
257.720 -12.401
257.974 -10.801
258.228 -8.401
258.483 1.799
258.737 9.999
258.992 13.199
259.246 19.798
259.500 26.398
259.755 25.598
260.009 21.398
260.263 13.998
260.518 8.198
260.772 6.798
261.026 8.998
261.281 16.798
261.535 20.197
261.789 17.197
262.044 20.197
262.298 15.997
262.553 4.397
262.807 -0.203
263.061 3.197
263.316 -0.603
263.570 5.397
263.824 13.196
264.079 17.996
264.333 17.396
264.587 14.196
264.842 4.396
265.096 -1.404
265.351 -0.404
265.605 10.596
265.859 19.795
266.114 24.395
266.368 31.995
266.622 30.795
266.877 22.595
267.131 11.195
267.385 6.395
267.640 2.195
267.894 4.995
268.148 1.194
268.403 0.994
268.657 8.794
268.912 13.194
269.166 7.394
269.420 7.194
269.675 12.594
269.929 6.594
270.183 -7.007
270.438 -9.407
270.692 -3.207
270.946 1.193
271.201 2.993
271.455 11.793
271.709 21.593
271.964 23.793
272.218 16.193
272.473 11.992
272.727 12.392
272.981 10.392
273.236 11.592
273.490 26.392
273.744 36.392
273.999 40.392
274.253 44.392
274.507 38.191
274.762 29.191
275.016 25.391
275.271 20.391
275.525 12.191
275.779 14.591
276.034 12.391
276.288 16.591
276.542 23.391
276.797 27.190
277.051 25.990
277.305 21.590
277.560 13.590
277.814 8.590
278.068 2.990
278.323 2.390
278.577 10.190
278.832 20.389
279.086 20.589
279.340 20.989
279.595 14.989
279.849 10.389
280.103 6.789
280.358 10.189
280.612 26.589
280.866 42.188
281.121 48.788
281.375 54.188
281.629 55.588
281.884 44.988
282.138 31.388
282.393 23.588
282.647 14.188
282.901 13.387
283.156 18.587
283.410 26.187
283.664 32.587
283.919 35.187
284.173 29.587
284.427 24.387
284.682 21.787
284.936 14.186
285.191 12.386
285.445 16.186
285.699 19.586
285.954 28.386
286.208 42.386
286.462 46.586
286.717 48.586
286.971 46.585
287.225 41.785
287.480 38.585
287.734 37.385
287.988 29.985
288.243 25.785
288.497 24.585
288.752 14.785
289.006 10.784
289.260 9.984
289.515 7.584
289.769 2.184
290.023 5.584
290.278 11.784
290.532 18.784
290.786 25.184
291.041 32.983
291.295 35.583
291.549 35.183
291.804 33.983
292.058 27.583
292.313 19.183
292.567 13.383
292.821 9.383
293.076 9.782
293.330 15.382
293.584 24.382
293.839 29.182
294.093 27.582
294.347 25.382
294.602 26.382
294.856 25.182
295.111 24.581
295.365 29.581
295.619 30.981
295.874 26.381
296.128 15.181
296.382 6.181
296.637 1.381
296.891 0.581
297.145 4.580
297.400 16.980
297.654 31.180
297.908 35.580
298.163 34.180
298.417 39.380
298.672 34.980
298.926 29.779
299.180 24.779
299.435 21.579
299.689 15.579
299.943 18.579
300.198 20.579
300.452 26.379
300.706 37.179
300.961 42.778
301.215 44.378
301.469 42.578
301.724 37.178
301.978 31.578
302.233 26.178
302.487 21.578
302.741 27.377
302.996 36.577
303.250 36.977
303.504 37.977
303.759 38.977
304.013 36.177
304.267 32.777
304.522 35.777
304.776 36.176
305.031 39.176
305.285 36.976
305.539 39.576
305.794 43.176
306.048 39.176
306.302 32.376
306.557 30.976
306.811 24.775
307.065 19.775
307.320 28.175
307.574 36.775
307.828 43.975
308.083 47.975
308.337 43.975
308.592 32.974
308.846 25.174
309.100 17.374
309.355 9.174
309.609 8.974
309.863 15.974
310.118 18.574
310.372 22.973
310.626 35.573
310.881 39.773
311.135 37.973
311.389 43.773
311.644 42.773
311.898 38.173
312.153 39.373
312.407 39.372
312.661 34.572
312.916 32.572
313.170 29.772
313.429 31.972
313.688 35.972
313.947 28.372
314.206 24.171
314.465 25.971
314.724 23.571
314.983 23.971
315.242 35.771
315.501 42.571
315.760 40.971
316.019 40.170
316.278 40.570
316.536 31.970
316.795 24.170
317.054 22.370
317.313 20.770
317.572 20.770
317.831 29.769
318.090 35.769
318.349 36.769
318.608 38.769
318.867 38.369
319.126 35.769
319.385 40.169
319.644 40.969
319.903 38.168
320.162 37.368
320.421 37.168
320.680 33.368
320.939 39.168
321.198 43.368
321.457 41.968
321.716 38.167
321.975 38.767
322.234 33.967
322.493 31.767
322.752 34.567
323.010 35.767
323.269 27.567
323.528 20.366
323.787 14.566
324.046 12.166
324.305 11.766
324.564 15.166
324.823 17.166
325.082 25.966
325.341 28.965
325.600 33.765
325.859 39.765
326.118 47.365
326.377 46.365
326.636 39.165
326.895 39.965
327.154 46.964
327.413 46.964
327.672 46.564
327.931 50.364
328.190 47.564
328.449 38.364
328.708 36.964
328.967 37.763
329.226 33.963
329.485 30.963
329.743 31.763
330.002 26.763
330.261 24.563
330.520 29.363
330.779 29.162
331.038 30.362
331.297 31.162
331.556 21.562
331.815 17.762
332.074 20.162
332.333 14.561
332.592 14.361
332.851 22.161
333.110 29.361
333.369 35.561
333.628 38.561
333.887 39.961
334.146 38.760
334.405 32.360
334.664 29.160
334.923 30.960
335.182 33.160
335.441 40.360
335.700 47.760
335.959 46.959
336.217 46.159
336.476 47.559
336.735 42.159
336.994 33.759
337.253 27.159
337.512 28.559
337.771 31.158
338.030 33.758
338.289 38.158
338.548 41.958
338.807 38.558
339.066 31.758
339.325 28.757
339.584 28.357
339.843 31.957
340.102 40.157
340.361 46.357
340.620 54.157
340.879 56.157
341.138 56.156
341.397 56.956
341.656 55.556
341.915 54.156
342.174 55.956
342.433 55.556
342.691 49.156
342.950 47.755
343.209 48.955
343.468 47.955
343.727 48.755
343.986 44.555
344.245 40.355
344.504 33.554
344.763 32.754
345.022 30.354
345.281 34.954
345.540 41.354
345.799 46.754
346.058 41.954
346.317 42.953
346.576 49.353
346.835 51.553
347.094 47.753
347.353 46.353
347.612 45.953
347.871 45.152
348.130 45.152
348.389 48.952
348.648 54.952
348.907 53.952
349.166 49.352
349.424 45.752
349.683 44.151
349.942 47.751
350.201 48.551
350.460 50.151
350.719 52.551
350.978 57.351
351.237 53.750
351.496 48.350
351.755 38.550
352.014 32.950
352.273 28.150
352.532 26.350
352.791 32.949
353.050 41.349
353.309 40.349
353.568 36.549
353.827 37.349
354.086 36.149
354.345 37.149
354.604 45.348
354.863 50.948
355.122 55.148
355.381 56.748
355.640 56.348
355.898 58.148
356.157 58.747
356.416 56.347
356.675 55.747
356.934 49.947
357.193 43.747
357.452 41.747
357.711 39.546
357.970 44.546
358.229 50.346
358.488 50.946
358.747 50.946
359.006 48.746
359.265 38.146
359.524 30.545
359.783 33.545
360.042 39.145
360.301 46.345
360.560 56.145
360.819 68.345
361.078 66.944
361.337 58.144
361.596 57.544
361.855 54.944
362.114 46.344
362.372 45.744
362.631 54.943
362.890 54.743
363.149 55.943
363.408 63.743
363.667 64.143
363.926 58.343
364.185 56.142
364.444 56.942
364.703 58.342
364.962 59.342
365.221 56.742
365.480 49.942
365.741 44.141
366.002 33.141
366.264 28.941
366.525 33.941
366.786 46.141
367.047 49.741
367.308 54.540
367.570 57.140
367.831 51.140
368.092 41.140
368.353 40.340
368.614 43.540
368.876 41.139
369.137 40.139
369.398 39.539
369.659 38.739
369.920 34.939
370.182 36.739
370.443 39.338
370.704 45.938
370.965 46.938
371.226 48.338
371.488 48.738
371.749 50.938
372.010 43.737
372.271 36.537
372.532 31.737
372.794 31.337
373.055 31.937
373.316 34.937
373.577 39.536
373.838 46.336
374.100 48.336
374.361 49.136
374.622 43.536
374.883 40.336
375.144 42.335
375.406 40.535
375.667 36.535
375.928 46.935
376.189 48.735
376.450 37.135
376.712 32.934
376.973 35.534
377.234 29.734
377.495 32.734
377.756 41.734
378.018 44.933
378.279 39.933
378.540 40.933
378.801 38.133
379.062 31.533
379.324 28.533
379.585 25.732
379.846 17.132
380.107 12.532
380.368 8.732
380.630 5.332
380.891 12.132
381.152 23.931
381.413 28.331
381.674 34.131
381.936 39.531
382.197 31.331
382.458 22.131
382.719 18.930
382.980 24.330
383.242 33.130
383.503 40.730
383.764 45.330
384.025 49.529
384.286 47.129
384.548 39.529
384.809 39.929
385.070 38.329
385.331 27.529
385.592 21.128
385.854 21.328
386.115 19.128
386.376 17.328
386.637 26.328
386.898 29.728
387.160 25.727
387.421 24.927
387.682 24.727
387.943 24.727
388.204 25.527
388.466 32.926
388.727 41.526
388.988 45.726
389.249 40.926
389.510 37.326
389.772 29.326
390.033 22.125
390.294 27.125
390.555 37.925
390.816 47.725
391.078 57.525
391.339 58.324
391.600 52.724
391.861 44.124
392.122 30.724
392.384 22.124
392.645 19.524
392.906 16.723
393.167 18.923
393.428 25.923
393.690 27.923
393.951 29.723
394.212 26.722
394.473 25.922
394.734 20.922
394.996 13.322
395.257 9.122
395.518 15.922
395.779 18.721
396.040 27.321
396.302 44.321
396.563 52.321
396.824 52.121
397.085 49.120
397.346 39.120
397.608 19.720
397.869 11.320
398.130 10.320
398.391 13.319
398.652 21.719
398.914 33.719
399.175 46.919
399.436 51.319
399.697 47.519
399.958 44.718
400.220 38.318
400.481 26.918
400.742 23.918
401.003 25.718
401.264 25.117
401.526 29.717
401.787 31.317
402.048 29.517
402.309 34.917
402.570 37.516
402.832 38.316
403.093 44.716
403.354 52.316
403.615 47.316
403.876 42.116
404.138 41.915
404.399 38.915
404.660 34.515
404.931 32.115
405.202 34.315
405.473 36.114
405.745 40.314
406.016 44.514
406.287 47.714
406.558 46.114
406.829 44.313
407.100 40.713
407.371 32.913
407.642 35.313
407.914 46.913
408.185 49.112
408.456 46.312
408.727 49.512
408.998 53.312
409.269 50.312
409.540 51.511
409.811 56.711
410.083 56.911
410.354 52.711
410.625 54.311
410.896 55.511
411.167 57.110
411.438 64.710
411.709 70.110
411.981 62.710
412.252 57.110
412.523 55.709
412.794 48.909
413.065 41.709
413.336 48.309
413.607 57.109
413.878 57.708
414.150 63.908
414.421 71.308
414.692 74.508
414.963 79.308
415.234 84.307
415.505 80.707
415.776 84.907
416.047 85.907
416.319 84.307
416.590 84.906
416.861 90.506
417.132 91.506
417.403 92.706
417.674 91.706
417.945 94.105
418.217 95.105
418.488 98.305
418.759 105.905
419.030 107.505
419.301 105.504
419.572 112.504
419.843 116.704
420.114 117.304
420.386 133.104
420.657 141.903
420.928 138.903
421.199 142.903
421.470 150.703
421.741 156.103
422.012 170.902
422.283 192.502
422.555 200.102
422.826 213.302
423.097 224.102
423.368 231.101
423.639 239.701
423.910 260.101
424.181 272.901
424.453 285.500
424.724 300.100
424.995 313.900
425.266 327.500
425.537 342.100
425.808 365.699
426.079 384.699
426.350 403.899
426.622 422.899
426.893 445.099
427.164 455.098
427.435 477.498
427.706 509.898
427.977 548.298
428.248 584.298
428.519 621.697
428.791 658.697
429.062 688.497
429.333 712.897
429.604 746.097
429.875 791.096
430.146 836.696
430.417 877.696
430.689 924.096
430.960 976.095
431.231 1025.895
431.502 1080.095
431.773 1143.295
432.044 1207.495
432.315 1273.294
432.586 1338.294
432.858 1396.494
433.129 1461.094
433.400 1536.094
433.671 1608.893
433.942 1687.693
434.213 1777.493
434.484 1866.093
434.755 1949.693
435.027 2040.692
435.298 2139.292
435.569 2239.092
435.840 2358.292
436.114 2484.891
436.388 2614.291
436.663 2752.491
436.937 2894.291
437.211 3028.291
437.485 3176.690
437.759 3328.290
438.034 3480.290
438.308 3645.890
438.582 3812.890
438.856 3972.689
439.130 4141.289
439.405 4323.889
439.679 4520.689
439.953 4722.488
440.227 4938.888
440.501 5180.888
440.776 5426.488
441.050 5678.288
441.324 5950.687
441.598 6234.887
441.872 6515.887
442.147 6809.287
442.421 7106.886
442.695 7429.286
442.969 7761.886
443.244 8099.886
443.518 8460.086
443.792 8865.485
444.066 9269.885
444.340 9682.885
444.615 10140.285
444.889 10607.484
445.163 11068.484
445.437 11559.284
445.711 12083.884
445.986 12606.684
446.260 13144.283
446.534 13705.683
446.808 14279.883
447.082 14885.683
447.357 15518.682
447.631 16187.282
447.905 16876.282
448.179 17603.082
448.453 18333.682
448.728 19100.081
449.002 19886.681
449.276 20696.681
449.550 21523.481
449.824 22347.543
450.099 23167.083
450.373 24011.352
450.647 24894.170
450.921 25780.054
451.195 26687.919
451.470 27598.099
451.744 28520.516
452.018 29421.677
452.292 30308.695
452.566 31225.932
452.841 32155.462
453.115 33057.501
453.389 33949.586
453.663 34819.817
453.937 35656.768
454.212 36500.027
454.486 37332.398
454.760 38162.443
455.034 38977.816
455.308 39769.461
455.583 40510.983
455.857 41211.848
456.131 41909.622
456.405 42575.434
456.680 43183.637
456.954 43777.926
457.228 44340.400
457.502 44803.022
457.776 45242.289
458.051 45668.808
458.325 46002.379
458.599 46263.571
458.873 46500.358
459.147 46651.992
459.422 46745.282
459.696 46809.482
459.970 46821.511
460.244 46732.571
460.518 46609.507
460.793 46463.527
461.067 46244.159
461.341 45996.195
461.615 45712.620
461.889 45404.181
462.164 45028.243
462.438 44615.498
462.712 44174.731
462.986 43699.218
463.260 43169.701
463.535 42595.791
463.809 41996.298
464.083 41344.765
464.357 40694.396
464.631 40004.975
464.906 39320.445
465.180 38607.070
465.454 37883.275
465.728 37126.777
466.002 36399.781
466.277 35641.694
466.551 34900.822
466.825 34157.625
467.099 33394.807
467.373 32659.561
467.648 31910.130
467.922 31152.402
468.196 30399.647
468.470 29697.041
468.744 28983.046
469.019 28284.610
469.293 27609.101
469.567 26953.507
469.841 26312.888
470.116 25678.039
470.390 25067.290
470.664 24460.617
470.938 23873.421
471.212 23275.989
471.487 22710.838
471.761 22157.711
472.035 21646.615
472.309 21157.194
472.583 20670.429
472.858 20167.569
473.132 19685.087
473.406 19206.404
473.680 18752.922
473.954 18313.991
474.229 17876.283
474.503 17461.345
474.777 17044.118
475.051 16612.650
475.325 16204.584
475.600 15811.209
475.874 15438.735
476.148 15101.403
476.422 14760.664
476.696 14406.136
476.971 14066.035
477.245 13727.448
477.519 13372.119
477.793 13045.795
478.067 12717.768
478.342 12382.273
478.616 12046.091
478.890 11723.413
479.164 11391.182
479.438 11092.854
479.713 10819.524
479.987 10535.349
480.261 10244.785
480.535 9953.177
480.809 9678.829
481.084 9408.819
481.358 9165.005
481.632 8924.136
481.906 8700.510
482.180 8478.831
482.455 8254.455
482.729 8016.878
483.003 7793.130
483.277 7556.370
483.551 7332.112
483.826 7122.505
484.100 6922.678
484.374 6723.177
484.648 6553.355
484.923 6379.136
485.197 6206.921
485.471 6044.001
485.745 5886.816
486.019 5719.270
486.294 5556.794
486.568 5409.161
486.842 5260.561
487.116 5108.603
487.390 4969.979
487.665 4843.867
487.939 4712.071
488.213 4577.641
488.487 4470.464
488.761 4354.369
489.036 4221.637
489.310 4109.294
489.584 4010.906
489.858 3890.225
490.132 3782.324
490.407 3697.358
490.681 3607.637
490.955 3503.936
491.229 3405.234
491.503 3320.071
491.778 3229.926
492.052 3134.005
492.326 3049.639
492.600 2975.169
492.874 2904.351
493.149 2844.155
493.423 2779.961
493.697 2719.152
493.971 2649.783
494.245 2573.339
494.520 2499.419
494.794 2420.768
495.068 2350.931
495.342 2302.233
495.616 2255.469
495.891 2202.424
496.165 2152.728
496.439 2103.853
496.713 2052.895
496.987 1997.001
497.262 1935.196
497.536 1883.530
497.810 1835.845
498.084 1784.424
498.359 1737.656
498.633 1699.353
498.907 1652.515
499.181 1605.035
499.455 1557.731
499.730 1513.746
500.004 1474.298
500.278 1438.365
500.552 1400.655
500.826 1368.336
501.101 1333.476
501.375 1293.127
501.649 1254.493
501.923 1215.455
502.197 1178.126
502.472 1147.566
502.746 1118.542
503.020 1085.703
503.294 1052.864
503.568 1023.383
503.843 1000.235
504.117 973.502
504.391 950.728
504.665 930.946
504.939 903.421
505.214 866.665
505.488 842.345
505.762 829.347
506.036 810.049
506.310 795.142
506.585 785.506
506.859 768.348
507.133 741.398
507.407 718.629
507.681 702.236
507.956 674.425
508.230 653.526
508.504 637.428
508.778 622.972
509.052 606.050
509.327 598.440
509.601 585.489
509.875 577.291
510.149 567.202
510.423 549.759
510.698 527.343
510.972 510.794
511.246 497.150
511.520 482.714
511.795 474.340
512.069 479.000
512.343 480.770
512.617 473.507
512.891 464.008
513.166 454.141
513.440 435.866
513.714 414.384
513.988 399.941
514.262 397.785
514.537 394.809
514.811 387.017
515.085 377.632
515.359 365.748
515.633 351.888
515.908 342.727
516.182 335.358
516.456 328.761
516.730 325.115
517.004 323.101
517.279 312.035
517.553 302.202
517.827 303.956
518.101 302.880
518.375 287.205
518.650 275.453
518.924 270.586
519.198 262.914
519.472 253.427
519.746 250.015
520.021 251.479
520.295 254.381
520.569 252.302
520.843 250.116
521.117 247.906
521.392 243.755
521.666 234.990
521.940 227.206
522.214 221.697
522.488 217.736
522.763 207.866
523.037 202.211
523.311 200.925
523.585 193.509
523.859 184.680
524.134 179.701
524.408 174.291
524.682 170.282
524.956 167.745
525.231 168.318
525.505 175.189
525.779 176.710
526.053 169.511
526.327 167.338
526.602 163.319
526.876 153.790
527.150 148.113
527.424 143.747
527.698 147.418
527.973 154.393
528.247 161.673
528.521 161.593
528.795 158.368
529.069 151.046
529.344 141.406
529.618 129.823
529.892 124.634
530.166 125.908
530.440 123.036
530.715 123.112
530.989 127.094
531.263 131.501
531.537 125.282
531.811 118.839
532.086 117.730
532.360 114.257
532.634 104.856
532.908 109.047
533.182 118.011
533.457 114.938
533.731 110.237
534.005 109.879
534.279 104.357
534.553 93.696
534.828 91.931
535.102 96.750
535.376 104.750
535.650 112.721
535.924 119.268
536.199 118.096
536.473 110.936
536.747 101.204
537.021 95.271
537.295 91.501
537.570 89.498
537.844 91.715
538.118 88.127
538.392 83.345
538.666 80.964
538.941 78.965
539.215 71.394
539.489 69.387
539.763 63.219
540.038 55.471
540.312 52.684
540.586 56.237
540.860 62.771
541.134 70.692
541.409 77.779
541.683 80.734
541.957 76.356
542.231 61.100
542.505 56.510
542.780 56.312
543.054 59.405
543.328 66.485
543.602 72.587
543.876 76.701
544.151 76.835
544.425 74.076
544.699 66.757
544.973 67.526
545.247 60.218
545.522 56.257
545.796 56.981
546.070 62.658
546.351 64.821
546.632 65.214
546.912 67.151
547.193 61.459
547.474 51.029
547.755 48.631
548.036 51.534
548.317 46.426
548.597 49.148
548.878 55.612
549.159 55.007
549.440 51.472
549.721 56.747
550.001 59.669
550.282 55.352
550.563 60.644
550.844 62.981
551.125 58.861
551.406 52.394
551.686 60.011
551.967 59.592
552.248 57.628
552.529 54.102
552.810 51.547
553.090 41.380
553.371 39.634
553.652 41.391
553.933 45.297
554.214 52.754
554.495 62.362
554.775 67.461
555.056 61.028
555.337 55.182
555.618 50.494
555.899 44.413
556.179 37.182
556.460 41.091
556.741 45.979
557.022 45.577
557.303 43.627
557.584 43.449
557.864 43.669
558.145 40.956
558.426 38.859
558.707 40.878
558.988 35.793
559.268 32.086
559.549 32.119
559.830 27.780
560.111 27.180
560.392 29.931
560.673 31.114
560.953 35.446
561.234 44.124
561.515 48.693
561.796 56.232
562.077 59.612
562.357 57.874
562.638 58.339
562.919 53.643
563.200 46.391
563.481 45.659
563.762 44.718
564.042 40.383
564.323 41.404
564.604 42.599
564.885 42.192
565.166 38.004
565.446 35.011
565.727 33.401
566.008 33.591
566.289 31.202
566.570 30.008
566.851 28.225
567.131 23.662
567.412 15.510
567.693 14.758
567.974 15.596
568.255 16.827
568.535 26.904
568.816 37.381
569.097 41.012
569.378 43.815
569.659 47.405
569.940 42.935
570.220 40.664
570.501 41.822
570.782 43.011
571.063 41.207
571.344 40.421
571.624 38.052
571.905 35.903
572.186 34.344
572.467 36.015
572.748 37.318
573.029 44.297
573.309 52.895
573.590 55.794
573.871 56.646
574.152 59.916
574.433 60.714
574.713 58.435
574.994 57.367
575.275 55.094
575.556 49.154
575.837 36.956
576.118 27.217
576.398 21.152
576.679 16.307
576.960 13.097
577.245 17.584
577.531 18.030
577.816 18.251
578.102 20.097
578.387 22.982
578.672 19.138
578.958 20.565
579.243 32.546
579.529 48.734
579.814 52.893
580.099 52.036
580.385 50.121
580.670 39.671
580.956 16.638
581.241 3.764
581.526 6.720
581.812 4.508
582.097 0.926
582.382 9.483
582.668 17.835
582.953 14.061
583.239 13.659
583.524 15.825
583.809 15.566
584.095 15.667
584.380 25.584
584.666 37.411
584.951 48.427
585.236 53.790
585.522 51.214
585.807 43.788
586.093 39.114
586.378 36.030
586.663 29.642
586.949 28.482
587.234 26.153
587.520 24.973
587.805 20.280
588.090 21.431
588.376 27.805
588.661 31.284
588.947 24.886
589.232 22.755
589.517 20.428
589.803 18.294
590.088 22.154
590.374 22.731
590.659 18.094
590.944 19.440
591.230 17.894
591.515 16.927
591.800 20.204
592.086 24.444
592.371 23.090
592.657 25.781
592.942 26.922
593.227 32.505
593.513 41.946
593.798 48.870
594.084 50.404
594.369 47.318
594.654 36.528
594.940 28.435
595.225 29.022
595.511 29.792
595.796 34.967
596.081 44.582
596.367 45.727
596.652 37.245
596.938 28.572
597.223 20.882
597.508 19.720
597.794 22.220
598.079 30.692
598.365 36.262
598.650 36.831
598.935 36.070
599.221 37.992
599.506 30.100
599.792 23.759
600.077 25.301
600.362 27.242
600.648 25.134
600.933 28.213
601.218 27.251
601.504 24.561
601.789 21.092
602.075 18.980
602.360 14.745
602.645 16.285
602.931 18.017
603.216 21.879
603.502 28.623
603.787 34.996
604.072 41.174
604.358 45.829
604.643 40.047
604.929 30.032
605.214 25.208
605.499 18.451
605.785 9.562
606.070 15.962
606.356 23.520
606.641 32.247
606.926 40.194
607.212 42.716
607.497 32.843
607.783 22.387
608.068 11.924
608.353 0.671
608.639 -1.656
608.924 2.439
609.210 8.876
609.495 12.394
609.780 21.562
610.066 29.970
610.351 31.162
610.636 30.593
610.922 31.584
611.207 31.019
611.493 27.913
611.778 26.168
612.063 26.183
612.349 26.793
612.634 31.736
612.920 38.827
613.205 42.385
613.490 38.072
613.776 37.102
614.061 29.430
614.347 19.409
614.632 21.398
614.917 24.370
615.203 19.438
615.488 21.235
615.774 25.015
616.059 17.127
616.344 11.781
616.630 14.564
616.915 16.367
617.201 21.169
617.486 26.346
617.771 25.144
618.057 29.140
618.342 33.756
618.627 23.411
618.913 15.048
619.198 20.231
619.484 19.251
619.769 9.473
620.054 10.874
620.340 17.876
620.625 22.901
620.911 18.302
621.196 18.909
621.481 21.725
621.767 17.525
622.052 14.333
622.338 20.567
622.623 19.966
622.908 13.945
623.194 15.357
623.479 15.976
623.765 16.812
624.050 12.981
624.335 14.392
624.621 15.410
624.906 17.245
625.192 21.698
625.477 32.418
625.762 37.284
626.048 45.400
626.333 47.440
626.619 41.399
626.904 42.652
627.189 41.656
627.475 37.838
627.760 32.182
628.045 29.375
628.331 21.250
628.616 16.774
628.902 10.063
629.187 11.703
629.472 11.491
629.758 14.534
630.043 20.618
630.329 26.065
630.614 28.623
630.899 30.978
631.185 32.914
631.470 30.815
631.756 29.105
632.041 25.596
632.326 25.287
632.612 22.601
632.897 20.952
633.183 18.897
633.468 13.774
633.753 10.946
634.039 13.354
634.324 22.439
634.610 31.467
634.895 39.418
635.180 47.260
635.466 47.311
635.751 40.731
636.037 33.238
636.322 30.134
636.607 21.625
636.893 19.680
637.178 17.758
637.463 16.956
637.749 17.445
638.034 22.875
638.320 25.908
638.605 23.338
638.890 20.770
639.176 27.615
639.461 29.719
639.747 28.958
640.032 36.530
640.317 43.191
640.603 38.641
640.888 27.992
641.174 19.149
641.459 11.574
641.744 10.499
642.030 13.943
642.315 21.541
642.601 26.602
642.886 29.502
643.171 27.181
643.457 22.513
643.742 15.451
644.028 12.551
644.313 7.833
644.598 6.036
644.884 0.587
645.169 4.788
645.455 10.652
645.740 14.678
646.025 17.087
646.311 24.078
646.596 29.823
646.881 29.864
647.167 33.401
647.452 35.289
647.738 32.008
648.023 27.250
648.308 29.702
648.594 30.487
648.879 22.890
649.165 26.082
649.450 29.477
649.735 29.709
650.021 27.313
650.306 29.372
650.592 25.098
650.877 19.130
651.162 14.296
651.448 12.063
651.733 16.232
652.019 21.543
652.304 20.041
652.589 15.893
652.875 16.288
653.160 13.087
653.446 7.241
653.731 13.149
654.016 20.002
654.302 23.458
654.587 28.825
654.873 29.408
655.158 23.508
655.443 17.604
655.729 16.107
656.014 13.271
656.299 15.219
656.585 22.358
656.870 26.413
657.156 22.183
657.441 14.663
657.726 16.628
658.012 17.449
658.297 24.841
658.583 30.091
658.868 29.102
659.153 20.564
659.439 21.190
659.724 12.285
660.010 1.970
660.295 3.713
660.580 8.790
660.866 7.079
661.151 14.345
661.437 22.945
661.722 26.860
662.007 24.911
662.293 18.837
662.578 11.204
662.864 13.975
663.149 13.392
663.434 12.805
663.720 17.751
664.005 20.917
664.290 23.333
664.576 31.865
664.861 32.263
665.147 27.923
665.432 23.382
665.717 7.123
666.003 -0.601
666.288 0.395
666.574 -4.776
666.859 -3.977
667.144 8.551
667.430 14.332
667.715 19.529
668.001 20.121
668.286 15.331
668.571 10.552
668.857 4.784
669.142 2.398
669.428 8.592
669.713 18.996
669.998 23.807
670.284 21.406
670.569 16.405
670.855 16.014
671.140 11.615
671.425 2.392
671.711 2.391
671.996 6.210
672.282 5.817
672.567 4.014
672.852 11.048
673.138 18.507
673.423 15.291
673.708 13.079
673.994 17.718
674.279 16.513
674.565 7.839
674.850 6.830
675.135 7.638
675.421 12.094
675.706 18.973
675.992 24.231
676.277 25.241
676.562 25.648
676.848 15.142
677.133 6.648
677.419 5.037
677.704 5.038
677.989 -0.033
678.275 3.009
678.560 5.446
678.846 7.677
679.131 12.143
679.416 17.221
679.702 17.636
679.987 18.252
680.273 14.806
680.558 11.766
680.843 7.899
681.129 6.474
681.414 7.496
681.700 10.347
681.985 15.446
682.270 17.686
682.556 16.262
682.841 18.094
683.126 18.908
683.412 12.995
683.697 17.072
683.983 20.126
684.268 17.685
684.553 20.355
684.839 25.661
685.124 26.272
685.410 23.828
685.695 19.342
685.980 8.929
686.266 6.475
686.551 5.659
686.837 5.048
687.122 10.959
687.407 20.330
687.693 18.493
687.978 15.839
688.264 10.338
688.549 -2.702
688.834 -7.797
689.120 -9.631
689.405 -10.244
689.691 0.526
689.976 19.218
690.261 21.855
690.547 26.524
690.832 30.575
691.118 29.960
691.403 26.706
691.688 26.285
691.974 20.804
692.259 19.580
692.544 19.766
692.830 16.106
693.115 20.958
693.401 26.610
693.686 25.587
693.971 18.721
694.257 9.634
694.542 0.737
694.828 -2.293
695.113 -0.673
695.398 0.335
695.684 8.196
695.969 15.440
696.255 15.833
696.540 17.819
696.834 27.458
697.127 30.469
697.421 25.433
697.715 23.023
698.008 19.806
698.302 14.179
698.596 6.947
698.889 5.942
699.183 10.750
699.477 9.339
699.771 9.324
700.064 13.523
700.358 17.118
700.652 16.903
700.945 16.502
701.239 20.490
701.533 26.865
701.826 24.062
702.120 19.666
702.414 16.275
702.707 10.282
703.001 7.084
703.295 10.262
703.588 13.835
703.882 24.566
704.176 26.942
704.469 22.552
704.763 20.161
705.057 15.990
705.351 10.614
705.644 12.394
705.938 14.172
706.232 14.365
706.525 21.097
706.819 26.842
707.113 23.660
707.406 18.119
707.700 13.371
707.994 5.454
708.287 -5.630
708.581 -12.150
708.875 -12.546
709.168 -14.120
709.462 -13.133
709.756 -7.017
710.049 -1.487
710.343 0.292
710.637 5.615
710.931 11.915
711.224 11.122
711.518 8.953
711.812 12.694
712.105 18.605
712.399 19.391
712.693 19.982
712.986 22.146
713.280 23.913
713.574 22.330
713.867 17.015
714.161 13.664
714.455 13.269
714.748 10.517
715.042 7.563
715.336 16.026
715.629 23.521
715.923 26.482
716.217 23.726
716.511 20.377
716.804 12.704
717.098 5.997
717.392 5.408
717.685 13.111
717.979 21.015
718.273 22.401
718.566 22.406
718.860 18.653
719.154 18.283
719.447 12.756
719.741 9.197
720.035 8.404
720.328 9.196
720.622 -1.524
720.916 -5.894
721.209 -8.678
721.503 -9.871
721.797 -8.678
722.091 1.674
722.384 5.456
722.678 8.437
722.972 18.197
723.265 19.999
723.559 12.819
723.853 13.219
724.146 20.011
724.440 20.046
724.734 19.453
725.027 22.248
725.321 26.249
725.615 25.255
725.908 17.852
726.202 13.653
726.496 13.654
726.789 9.253
727.083 0.653
727.377 -6.347
727.671 -5.949
727.964 -1.750
728.258 -0.948
728.552 -0.955
728.845 8.056
729.139 13.468
729.433 10.473
729.726 12.888
730.020 19.312
730.314 18.110
730.607 15.904
730.901 7.868
731.195 6.263
731.488 6.467
731.782 2.248
732.076 6.879
732.369 20.762
732.663 14.526
732.957 17.544
733.251 30.844
733.544 29.440
733.838 21.796
734.132 28.237
734.425 22.202
734.719 9.499
735.013 5.471
735.306 5.674
735.600 4.268
735.894 6.894
736.187 9.720
736.481 10.937
736.775 13.977
737.068 18.433
737.362 19.258
737.656 20.887
737.949 16.631
738.243 8.518
738.537 0.211
738.831 -4.659
739.124 -13.404
739.418 -10.557
739.712 1.239
740.005 13.452
740.299 20.585
740.593 26.491
740.886 32.600
741.180 34.654
741.474 28.751
741.767 16.705
742.061 11.399
742.355 7.735
742.648 -2.868
742.942 -9.806
743.236 4.312
743.529 15.754
743.823 10.652
744.117 10.037
744.411 15.350
744.704 9.614
744.998 4.095
745.292 6.754
745.585 9.618
745.879 12.690
746.173 16.384
746.466 14.333
746.760 17.617
747.054 19.458
747.347 11.469
747.641 1.218
747.935 -2.686
748.228 -2.472
748.522 2.261
748.816 8.007
749.109 15.604
749.403 26.075
749.697 27.520
749.991 14.796
750.284 5.350
750.578 3.495
750.872 4.527
751.165 2.251
751.459 8.814
751.753 19.496
752.046 25.255
752.340 21.345
752.634 20.945
752.927 15.196
753.221 3.890
753.515 -5.361
753.808 -3.505
754.102 -8.031
754.396 -2.078
754.689 9.016
754.983 11.275
755.277 8.803
755.571 13.526
755.864 12.906
756.158 12.910
756.452 19.693
756.745 22.975
757.039 25.233
757.333 26.265
757.626 26.875
757.920 25.211
758.214 24.594
758.507 13.305
758.801 5.506
759.095 -3.723
759.388 -8.027
759.682 -8.443
759.976 1.184
760.269 14.494
760.563 29.027
760.857 30.457
761.151 27.171
761.444 22.671
761.738 15.707
762.032 8.940
762.325 4.236
762.619 5.455
762.913 11.774
763.206 13.398
763.500 12.166
763.798 17.260
764.097 19.899
764.395 15.203
764.693 15.798
764.992 18.229
765.290 16.999
765.588 16.978
765.887 23.467
766.185 28.131
766.483 29.134
766.782 32.162
767.080 30.129
767.378 25.251
767.677 18.347
767.975 9.847
768.273 9.225
768.571 12.043
768.870 13.045
769.168 16.469
769.466 26.127
769.765 28.921
770.063 30.297
770.361 26.862
770.660 18.412
770.958 8.974
771.256 7.147
771.555 6.518
771.853 10.714
772.151 19.724
772.450 26.321
772.748 22.705
773.046 21.893
773.345 24.085
773.643 20.879
773.941 17.681
774.240 21.278
774.538 15.289
774.836 6.301
775.135 7.292
775.433 10.476
775.731 6.475
776.030 6.075
776.328 5.086
776.626 4.286
776.925 7.458
777.223 11.027
777.521 14.010
777.819 17.588
778.118 16.192
778.416 11.818
778.714 15.987
779.013 16.386
779.311 12.809
779.609 9.429
779.908 10.824
780.206 9.234
780.504 11.606
780.803 18.155
781.101 16.564
781.399 11.786
781.698 4.438
781.996 -2.116
782.294 -4.495
782.593 2.266
782.891 5.850
783.189 9.825
783.488 20.570
783.786 28.530
784.084 34.300
784.383 35.902
784.681 37.727
784.979 32.763
785.278 18.208
785.576 8.850
785.874 9.258
786.173 9.251
786.471 14.267
786.769 26.079
787.068 27.279
787.366 22.278
787.664 17.086
787.962 12.293
788.261 12.117
788.559 19.167
788.857 23.387
789.156 28.425
789.454 31.265
789.752 29.062
790.051 25.645
790.349 19.807
790.647 14.774
790.946 13.992
791.244 19.498
791.542 23.168
791.841 28.438
792.139 25.803
792.437 19.324
792.736 13.849
793.034 7.969
793.332 4.720
793.631 11.435
793.929 13.475
794.227 16.139
794.526 18.799
794.824 20.640
795.122 18.819
795.421 24.139
795.719 22.121
796.017 15.991
796.316 16.820
796.614 20.741
796.912 20.580
797.211 17.714
797.509 24.306
797.807 29.060
798.105 25.992
798.404 20.651
798.702 17.760
799.000 17.794
799.299 15.969
799.597 13.086
799.895 10.184
800.194 12.051
800.492 10.397
800.790 14.406
801.089 17.548
801.387 21.095
801.685 29.258
801.984 29.275
802.282 19.462
802.580 16.122
802.879 10.876
803.177 2.722
803.475 2.320
803.774 3.798
804.072 10.147
804.370 14.785
804.669 14.577
804.967 18.401
805.265 23.944
805.564 23.580
805.862 24.662
806.160 28.720
806.459 29.862
806.757 26.271
807.055 24.598
807.353 22.893
807.652 14.321
807.950 6.828
808.248 5.340
808.547 -2.621
808.845 2.377
809.143 14.918
809.442 24.680
809.740 27.516
810.038 34.249
810.337 34.077
810.635 30.879
810.933 25.501
811.232 26.659
811.530 31.329
811.831 29.187
812.132 23.715
812.432 28.197
812.733 30.940
813.034 27.250
813.335 23.721
813.636 27.299
813.936 24.273
814.237 16.720
814.538 9.578
814.839 8.006
815.140 16.362
815.440 17.088
815.741 19.347
816.042 27.917
816.343 31.076
816.644 13.917
816.945 8.955
817.245 11.468
817.546 6.498
817.847 6.275
818.148 16.267
818.449 16.712
818.749 13.755
819.050 21.886
819.351 25.953
819.652 24.116
819.953 25.922
820.253 25.228
820.554 15.734
820.855 14.586
821.156 13.893
821.457 11.387
821.757 14.074
822.058 21.221
822.359 21.830
822.660 19.135
822.961 22.691
823.261 23.547
823.562 14.616
823.863 12.380
824.164 15.704
824.465 13.004
824.765 13.157
825.066 15.811
825.367 8.747
825.668 -1.136
825.969 -2.479
826.269 -2.541
826.570 -4.078
826.871 -3.167
827.172 6.867
827.473 5.123
827.774 -5.970
828.074 -6.831
828.375 -6.367
828.676 -14.552
828.977 -18.617
829.278 -13.854
829.578 -11.709
829.879 -9.986
830.180 -2.292
830.481 10.051
830.782 16.606
831.082 15.753
831.383 19.123
831.684 17.205
831.985 8.729
832.286 6.144
832.586 12.178
832.887 15.067
833.188 13.402
833.489 11.342
833.790 11.699
834.090 8.129
834.391 0.258
834.692 4.973
834.993 18.485
835.294 22.531
835.594 28.600
835.895 37.536
836.196 40.318
836.497 33.317
836.798 29.771
837.099 26.828
837.399 29.702
837.700 27.796
838.001 24.561
838.302 27.239
838.603 28.140
838.903 20.360
839.204 18.959
839.505 21.936
839.806 11.459
840.107 -3.240
840.407 -4.213
840.708 -0.109
841.009 3.235
841.310 8.657
841.611 18.908
841.911 25.541
842.212 26.423
842.513 18.873
842.814 12.615
843.115 5.883
843.415 -0.077
843.716 -6.295
844.017 -1.776
844.318 5.286
844.619 13.464
844.919 19.227
845.220 17.731
845.521 20.718
845.822 19.667
846.123 14.813
846.423 13.617
846.724 19.704
847.025 18.012
847.326 24.617
847.627 33.689
847.928 29.194
848.228 29.046
848.529 26.588
848.830 18.656
849.131 13.217
849.432 14.369
849.732 8.896
850.033 8.212
850.334 14.829
850.635 24.167
850.936 24.154
851.236 20.963
851.537 14.361
851.838 8.868
852.139 7.417
852.440 8.522
852.740 12.825
853.041 20.751
853.342 17.812
853.643 8.528
853.944 10.061
854.244 11.594
854.545 7.768
854.846 5.793
855.147 3.788
855.448 2.158
855.748 4.495
856.049 10.608
856.350 14.356
856.651 13.085
856.952 15.165
857.253 15.894
857.553 10.863
857.854 16.374
858.155 29.955
858.456 34.472
858.757 32.042
859.057 33.703
859.358 34.406
859.659 23.408
859.960 8.343
860.261 3.935
860.561 3.677
860.862 1.289
861.163 5.138
861.464 12.510
861.765 15.739
862.065 16.495
862.366 8.428
862.667 2.585
862.968 1.749
863.269 -1.078
863.569 -0.741
863.870 4.607
864.171 9.904
864.472 11.227
864.773 12.191
865.073 14.072
865.374 15.196
865.675 15.326
865.976 11.647
866.277 7.243
866.577 2.223
866.878 3.320
867.179 6.859
867.480 15.533
867.781 24.220
868.082 30.399
868.382 29.222
868.683 25.034
868.984 13.954
869.285 12.421
869.586 12.374
869.886 11.972
870.187 12.117
870.488 19.889
870.789 19.104
871.090 13.337
871.390 11.297
871.691 6.681
871.992 1.523
872.293 5.192
872.594 12.896
872.894 15.086
873.195 18.569
873.496 29.560
873.797 32.620
874.098 28.381
874.398 25.637
874.699 23.622
875.000 14.460
875.301 4.777
875.602 3.667
875.902 4.758
876.203 8.578
876.504 12.034
876.805 18.765
877.106 20.945
877.407 22.035
877.707 22.389
878.008 20.374
878.309 9.821
878.610 7.263
878.911 7.977
879.211 8.870
879.512 13.956
879.813 19.953
880.114 15.964
880.415 9.796
880.715 1.823
881.016 -7.984
881.317 -11.615
881.618 -9.258
881.919 -1.085
882.219 7.266
882.520 12.160
882.821 15.236
883.122 18.494
883.423 16.663
883.723 9.393
884.024 7.397
884.325 6.310
884.626 9.014
884.927 16.245
885.227 25.839
885.528 24.570
885.829 21.492
886.130 14.076
886.431 6.300
886.731 -0.396
887.032 -6.031
887.333 -6.039
887.634 -4.230
887.935 -3.143
888.236 2.825
888.536 14.786
888.837 20.215
889.138 21.481
889.439 19.487
889.740 14.053
890.040 14.435
890.341 14.804
890.642 16.083
890.943 21.527
891.244 23.713
891.544 16.089
891.845 15.545
892.146 9.550
892.447 -0.442
892.748 -4.805
893.048 -3.718
893.349 -4.435
893.650 -0.076
893.951 8.855
894.252 23.984
894.552 29.277
894.853 24.340
895.154 15.924
895.455 11.915
895.756 0.814
896.056 -3.751
896.357 2.303
896.658 13.135
896.959 12.955
897.260 11.125
897.561 14.082
897.861 12.062
898.162 10.596
898.463 10.234
898.764 12.468
899.065 16.209
899.365 24.198
899.666 26.997
899.967 31.123
900.268 31.348
900.569 27.083
900.869 22.860
901.170 23.280
901.471 20.106
901.772 21.431
902.073 29.566
902.373 27.885
902.674 25.285
902.975 30.597
903.276 29.869
903.577 19.304
903.877 19.902
904.178 15.740
904.479 9.883
904.780 8.978
905.081 11.655
905.381 12.626
905.682 20.051
905.983 30.392
906.284 36.728
906.585 41.536
906.885 39.850
907.186 32.604
907.487 22.858
907.788 11.919
908.089 -0.014
908.390 1.932
908.690 5.611
908.991 3.100
909.292 -0.204
909.593 -1.402
909.894 -10.930
910.194 -15.990
910.495 -11.886
910.796 0.035
911.097 7.054
911.398 16.466
911.698 28.261
911.999 30.841
912.300 27.725
912.607 33.881
912.915 36.285
913.222 28.422
913.529 26.089
913.837 27.722
914.144 16.416
914.451 5.107
914.759 1.527
915.066 -0.648
915.374 -3.226
915.681 1.556
915.988 0.911
916.296 -0.315
916.603 -3.724
916.910 -8.334
917.218 -8.325
917.525 -6.140
917.832 -4.336
918.140 -4.551
918.447 -4.764
918.754 -1.907
919.062 4.397
919.369 8.870
919.677 13.143
919.984 15.793
920.291 18.252
920.599 14.789
920.906 8.853
921.213 0.453
921.521 -2.627
921.828 -3.590
922.135 -7.091
922.443 -3.799
922.750 9.143
923.057 20.909
923.365 24.027
923.672 31.669
923.980 34.773
924.287 34.600
924.594 29.235
924.902 26.804
925.209 27.663
925.516 26.229
925.824 24.609
926.131 29.002
926.438 30.467
926.746 28.814
927.053 29.030
927.360 26.961
927.668 16.963
927.975 5.035
928.283 -2.312
928.590 -3.975
928.897 -7.119
929.205 -6.494
929.512 1.289
929.819 11.856
930.127 9.321
930.434 4.440
930.741 9.950
931.049 7.433
931.356 5.989
931.663 11.741
931.971 14.900
932.278 11.746
932.586 16.270
932.893 18.069
933.200 19.206
933.508 22.229
933.815 23.581
934.122 22.596
934.430 20.088
934.737 21.085
935.044 26.917
935.352 27.674
935.659 17.881
935.966 14.852
936.274 7.748
936.581 -2.153
936.889 -6.652
937.196 -5.431
937.503 -11.016
937.811 -16.952
938.118 -20.857
938.425 -21.587
938.733 -17.606
939.040 -14.087
939.347 -6.493
939.655 0.163
939.962 1.367
940.269 9.321
940.577 18.528
940.884 25.308
941.191 32.331
941.499 34.350
941.806 24.884
942.114 17.947
942.421 13.237
942.728 6.207
943.036 4.948
943.343 15.046
943.650 23.162
943.958 20.613
944.265 22.642
944.572 23.655
944.880 16.827
945.187 14.470
945.494 16.728
945.802 14.439
946.109 15.663
946.417 22.426
946.724 19.867
947.031 20.592
947.339 32.735
947.646 42.823
947.953 43.665
948.261 47.274
948.568 50.878
948.875 38.978
949.183 24.895
949.490 17.440
949.797 6.412
950.105 -3.818
950.412 -3.101
950.720 2.888
951.027 -0.247
951.334 0.735
951.642 12.113
951.949 15.874
952.256 18.335
952.564 25.350
952.871 31.652
953.178 28.965
953.486 31.659
953.793 28.546
954.100 25.935
954.408 18.742
954.715 7.436
955.023 -1.117
955.330 -10.290
955.637 -14.890
955.945 -8.292
956.252 -2.123
956.559 1.036
956.867 11.213
957.174 13.017
957.481 12.277
957.789 13.156
958.096 5.570
958.403 -2.503
958.711 -1.403
959.018 -0.776
959.326 0.316
959.633 3.668
959.940 7.647
960.248 6.089
960.555 2.315
960.862 0.319
961.170 3.842
961.477 4.921
961.784 7.980
962.092 9.278
962.399 14.506
962.706 19.897
963.014 20.301
963.321 21.586
963.629 18.756
963.936 14.808
964.243 13.083
964.551 14.140
964.858 13.670
965.165 16.680
965.473 14.520
965.780 9.957
966.092 3.506
966.404 -3.382
966.716 -7.666
967.028 -7.883
967.340 -4.044
967.652 0.861
967.964 5.337
968.276 11.482
968.588 16.381
968.900 17.842
969.212 17.187
969.524 19.505
969.836 15.060
970.148 10.797
970.460 8.036
970.772 2.525
971.084 -1.922
971.396 -0.237
971.708 3.759
972.020 3.735
972.332 2.275
972.644 -0.890
972.956 4.368
973.268 5.605
973.580 3.912
973.892 18.210
974.204 32.526
974.516 33.543
974.828 32.943
975.140 36.105
975.452 27.278
975.764 19.695
976.076 12.990
976.388 11.478
976.700 8.305
977.012 8.301
977.324 8.937
977.636 15.229
977.948 14.815
978.260 7.275
978.572 3.072
978.884 0.110
979.196 -10.406
979.508 -12.085
979.820 -1.779
980.132 1.783
980.444 -1.813
980.756 -0.143
981.068 -0.777
981.380 -3.334
981.692 -0.365
982.004 4.509
982.316 12.752
982.628 19.330
982.940 27.395
983.252 29.723
983.564 32.059
983.876 24.862
984.188 14.888
984.500 5.965
984.812 2.569
985.124 -2.968
985.436 -2.760
985.748 6.375
986.060 10.647
986.372 13.190
986.684 12.332
986.996 11.049
987.308 6.360
987.620 7.826
987.932 4.850
988.244 8.888
988.556 17.616
988.868 21.669
989.180 22.097
989.492 22.092
989.804 18.678
990.116 9.942
990.428 9.505
990.740 11.205
991.052 14.188
991.364 17.822
991.676 17.808
991.988 7.792
992.300 0.547
992.612 -0.326
992.924 -3.546
993.236 -7.583
993.548 0.922
993.860 3.678
994.172 -1.214
994.484 1.339
994.796 8.356
995.108 8.785
995.420 7.961
995.732 6.648
996.044 7.512
996.356 9.451
996.668 8.181
996.980 8.163
997.292 16.531
997.604 14.600
997.916 14.380
998.228 10.943
998.540 7.943
998.852 9.678
999.164 12.035
999.476 14.200
999.788 17.636
1000.100 16.118
1000.412 17.610
1000.724 26.492
1001.036 23.030
1001.348 22.815
1001.660 24.970
1001.972 13.552
1002.284 2.304
1002.596 -0.071
1002.908 -1.795
1003.220 1.003
1003.532 8.334
1003.844 8.541
1004.156 12.867
1004.468 20.680
1004.780 22.611
1005.092 15.499
1005.404 13.335
1005.716 10.508
1006.028 -0.122
1006.340 -8.320
1006.652 -1.003
1006.964 8.479
1007.276 13.456
1007.588 22.099
1007.900 29.635
1008.212 28.093
1008.524 19.469
1008.836 13.195
1009.148 3.067
1009.460 -0.392
1009.772 -0.840
1010.084 5.152
1010.396 11.094
1010.708 19.574
1011.020 24.208
1011.332 24.182
1011.644 15.668
1011.956 6.358
1012.268 0.448
1012.580 -4.635
1012.892 -2.981
1013.204 -0.042
1013.516 7.299
1013.828 11.046
1014.140 10.826
1014.452 7.661
1014.764 7.450
1015.076 8.007
1015.388 5.501
1015.700 6.725
1016.012 7.323
1016.324 10.598
1016.636 12.040
1016.948 11.828
1017.260 6.291
1017.572 2.183
1017.884 -4.594
1018.196 -11.398
1018.508 -5.497
1018.820 4.696
1019.132 9.598
1019.444 13.902
1019.756 14.116
1020.068 6.790
1020.380 3.513
1020.692 1.664
1021.004 -0.168
1021.316 0.842
1021.628 2.453
1021.940 0.213
1022.252 4.857
1022.564 5.867
1022.876 7.479
1023.188 9.094
1023.500 8.482
1023.812 8.493
1024.124 10.714
1024.436 10.309
1024.748 8.682
1025.060 7.872
1025.372 7.209
1025.684 11.015
1025.996 13.622
1026.308 16.244
1026.620 16.437
1026.932 15.458
1027.244 9.616
1027.556 4.365
1027.868 7.790
1028.180 19.847
1028.492 25.834
1028.804 32.274
1029.116 33.282
1029.428 26.614
1029.740 19.355
1030.052 15.104
1030.364 8.253
1030.676 11.643
1030.988 12.635
1031.300 10.616
1031.612 7.623
1031.924 12.596
1032.236 17.380
1032.548 27.103
1032.860 31.843
1033.172 34.629
1033.484 29.844
1033.796 22.653
1034.108 10.519
1034.420 5.176
1034.732 4.170
1035.044 5.764
1035.356 7.957
1035.668 12.351
1035.980 9.545
1036.292 2.138
1036.604 4.532
1036.916 11.926
1037.228 12.719
1037.540 13.513
1037.852 17.106
1038.164 13.100
1038.476 2.293
1038.788 5.287
1039.100 10.880
1039.412 6.674
1039.724 3.667
1040.036 4.661
1040.348 7.254
1040.660 11.847
1040.972 22.841
1041.284 29.834
1041.596 29.627
1041.908 25.821
1042.220 18.014
1042.532 14.407
1042.844 14.201
1043.156 14.394
1043.468 13.187
1043.780 16.980
1044.092 12.573
1044.404 6.167
1044.716 8.760
1045.028 8.553
1045.340 3.746
1045.652 4.339
1045.964 9.132
1046.276 9.925
1046.588 6.918
1046.900 10.511
1047.212 15.704
1047.524 19.697
1047.836 16.090
1048.148 15.483
1048.460 20.476
1048.772 27.069
1049.084 28.662
1049.396 27.855
1049.708 28.048
1050.020 18.841
1050.332 5.434
1050.644 -1.374
1050.956 1.219
1051.268 1.212
1051.580 5.005
1051.892 10.998
1052.204 10.990
1052.516 4.983
1052.828 3.976
1053.140 2.168
1053.452 -4.039
1053.764 -4.846
1054.076 0.746
1054.388 1.939
1054.700 0.531
1055.012 4.324
1055.324 6.517
1055.636 3.509
1055.948 0.702
1056.260 -3.506
1056.572 -11.714
1056.884 -16.521
1057.196 -14.529
1057.508 -7.336
1057.820 2.656
1058.132 10.048
1058.444 15.641
1058.756 23.433
1059.068 25.825
1059.380 21.818
1059.692 20.010
1060.004 19.002
1060.316 6.594
1060.628 -4.413
1060.940 -6.821
1061.252 -6.829
1061.564 -3.237
1061.876 3.355
1062.188 15.347
1062.500 25.339
1062.812 31.731
1063.124 33.323
1063.436 28.115
1063.748 18.107
1064.060 13.099
1064.372 6.891
1064.684 -2.317
1064.996 2.875
1065.308 5.867
1065.620 2.059
1065.932 6.251
1066.244 5.843
1066.556 -4.166
1066.868 -4.574
1067.180 1.018
1067.492 3.410
1067.804 14.201
1068.116 29.193
1068.428 34.785
1068.740 26.576
1069.052 19.168
1069.364 11.960
1069.676 9.751
1069.988 4.543
1070.300 7.334
1070.612 9.726
1070.924 14.717
1071.236 10.109
1071.548 4.300
1071.860 4.692
1072.172 3.883
1072.484 -3.925
1072.796 -0.334
1073.108 6.457
1073.420 6.849
1073.732 6.840
1074.044 10.031
1074.356 7.422
1074.668 5.014
1074.980 4.805
1075.292 6.596
1075.604 8.987
1075.916 11.578
1076.228 15.170
1076.540 17.161
1076.852 17.952
1077.164 14.543
1077.476 12.934
1077.788 9.125
1078.100 -1.084
1078.412 -4.293
1078.724 -0.502
1079.036 -1.511
1079.348 3.079
1079.660 18.670
1079.972 26.061
1080.284 27.652
1080.596 27.843
1080.908 21.034
1081.220 8.424
1081.532 1.815
1081.844 -0.594
1082.156 2.396
1082.468 3.787
1082.780 12.378
1083.092 19.968
1083.404 18.159
1083.716 13.149
1084.028 8.740
1084.340 3.130
1084.652 -2.679
1084.964 -2.289
1085.276 3.902
1085.588 16.892
1085.900 23.883
1086.212 27.873
1086.524 26.663
1086.836 24.454
1087.148 18.044
1087.460 11.434
1087.772 8.224
1088.084 10.415
1088.396 12.405
1088.708 16.195
1089.020 20.385
1089.332 24.575
1089.644 24.765
1089.956 22.555
1090.268 20.545
1090.580 16.935
1090.892 12.725
1091.204 18.515
1091.516 17.505
1091.828 12.495
1092.140 13.485
1092.464 13.675
1092.788 9.265
1093.112 10.454
1093.436 15.444
1093.760 13.434
1094.084 15.624
1094.408 12.213
1094.732 7.603
1095.056 6.193
1095.380 9.182
1095.703 6.972
1096.027 6.961
1096.351 9.151
1096.675 13.541
1096.999 19.530
1097.323 24.320
1097.647 30.509
1097.971 32.898
1098.295 26.488
1098.619 16.277
1098.943 5.866
1099.267 -8.144
1099.591 -11.155
1099.915 -7.966
1100.239 -4.177
1100.563 0.813
1100.887 12.802
1101.211 18.791
1101.535 15.380
1101.859 14.369
1102.182 15.158
1102.506 8.947
1102.830 -2.464
1103.154 -2.475
1103.478 4.114
1103.802 6.303
1104.126 9.092
1104.450 19.881
1104.774 27.070
1105.098 19.259
1105.422 12.647
1105.746 1.836
1106.070 -11.775
1106.394 -23.186
1106.718 -26.198
1107.042 -21.209
1107.366 -3.420
1107.690 11.968
1108.014 16.757
1108.338 20.745
1108.662 20.734
1108.985 16.522
1109.309 10.311
1109.633 13.899
1109.957 12.288
1110.281 11.276
1110.605 12.064
1110.929 13.653
1111.253 13.641
1111.577 16.229
1111.901 14.217
1112.225 9.406
1112.549 9.594
1112.873 6.582
1113.197 3.770
1113.521 2.558
1113.845 5.146
1114.169 5.334
1114.493 3.922
1114.817 5.910
1115.141 3.898
1115.464 -2.714
1115.788 -4.926
1116.112 2.662
1116.436 7.650
1116.760 16.238
1117.084 20.025
1117.408 19.213
1117.732 15.601
1118.056 8.789
1118.380 0.976
1118.704 -4.636
1119.028 -12.649
1119.352 -15.061
1119.676 -11.873
1120.000 -2.086
1120.324 7.902
1120.648 16.089
1120.972 12.876
1121.296 9.064
1121.620 -1.549
1121.944 -8.961
1122.267 -9.974
1122.591 -0.587
1122.915 5.201
1123.239 12.788
1123.563 14.575
1123.887 13.962
1124.211 9.549
1124.535 3.736
1124.859 0.523
1125.183 2.911
1125.507 1.298
1125.831 1.485
1126.155 1.272
1126.479 -6.942
1126.803 -9.755
1127.127 -5.768
1127.451 -6.981
1127.775 -10.994
1128.099 -8.007
1128.423 -4.820
1128.746 -1.834
1129.070 2.353
1129.394 15.340
1129.718 19.326
1130.042 12.313
1130.366 13.900
1130.690 16.086
1131.014 10.673
1131.338 14.259
1131.662 22.646
1131.986 19.432
1132.310 14.619
1132.634 17.605
1132.958 16.391
1133.282 11.178
1133.606 3.764
1133.930 -6.650
1134.254 -17.064
1134.578 -26.877
1134.902 -27.691
1135.226 -23.505
1135.549 -17.519
1135.873 -9.333
1136.197 1.853
1136.521 7.639
1136.845 8.425
1137.169 12.211
1137.493 15.397
1137.817 14.383
1138.141 12.569
1138.465 10.355
1138.789 11.741
1139.113 7.927
1139.437 6.512
1139.761 8.498
1140.085 8.484
1140.409 0.870
1140.733 -0.545
1141.057 -1.159
1141.381 -4.973
1141.705 0.012
1142.028 3.598
1142.352 3.383
1142.676 8.969
1143.000 12.354
1143.324 7.740
1143.648 10.525
1143.972 16.311
1144.296 15.696
1144.620 14.481
1144.944 16.867
1145.268 19.852
1145.592 21.237
1145.916 16.622
1146.240 11.208
1146.564 6.793
1146.888 -2.222
1147.212 -9.037
1147.536 -11.452
1147.860 -3.267
1148.184 9.518
1148.507 19.103
1148.831 14.488
1149.155 12.073
1149.479 9.458
1149.803 3.043
1150.127 -3.772
1150.451 -0.587
1150.775 -3.602
1151.099 -6.218
1151.423 -3.433
1151.747 -0.848
1152.071 -0.863
1152.395 2.721
1152.719 -2.894
1153.043 -12.109
1153.367 -10.925
1153.691 -10.540
1154.015 -6.556
1154.339 2.629
1154.663 6.813
1154.987 8.398
1155.310 11.182
1155.634 10.167
1155.958 9.351
1156.282 10.536
1156.606 9.120
1156.930 10.704
1157.254 16.689
1157.578 19.273
1157.902 16.257
1158.226 17.841
1158.550 16.226
1158.874 11.210
1159.198 9.594
1159.522 6.978
1159.846 -4.638
1160.170 -10.654
1160.494 -10.870
1160.818 -9.485
1161.142 -3.101
1161.466 11.083
1161.790 15.067
1162.113 4.451
1162.437 -0.566
1162.761 -3.982
1163.085 -11.398
1163.409 -9.014
1163.733 7.570
1164.057 15.954
1164.381 19.738
1164.705 25.521
1165.029 26.305
1165.353 20.889
1165.677 16.273
1166.001 13.056
1166.325 8.440
1166.649 10.024
1166.973 12.807
1167.297 13.191
1167.621 13.575
1167.945 14.358
1168.269 8.342
1168.592 2.525
1168.916 -1.691
1169.240 3.492
1169.564 6.676
1169.888 7.059
1170.212 7.643
1170.536 7.826
1170.860 2.210
1171.184 -0.407
1171.508 -3.023
1171.832 -2.640
1172.156 1.543
1172.480 -0.873
1172.804 -11.090
1173.128 -10.707
1173.452 -6.323
1173.776 -8.740
1174.100 -6.557
1174.424 -0.374
1174.748 -3.190
1175.072 -7.407
1175.395 -10.824
1175.719 -14.641
1176.043 -17.858
1176.367 -10.875
1176.691 -8.491
1177.015 -9.508
1177.339 -5.525
1177.663 -5.142
1177.987 -11.559
1178.311 -11.576
1178.635 -6.793
1178.959 -10.410
1179.283 -6.427
1179.607 3.156
1179.931 -1.061
1180.255 -6.278
1180.579 -2.295
1180.903 3.888
1181.227 5.071
1181.551 10.454
1181.874 17.237
1182.198 17.220
1182.522 16.203
1182.846 13.586
1183.170 6.769
1183.494 -2.848
1183.818 -6.465
1184.142 -9.082
1184.466 -13.299
1184.790 -8.316
1185.114 -5.333
1185.438 -8.950
1185.762 -13.568
1186.086 -16.985
1186.410 -21.802
1186.734 -20.019
1187.058 -14.636
1187.382 -7.653
1187.706 -3.670
1188.030 -2.087
1188.353 -1.905
1188.677 -1.122
1189.001 2.461
1189.325 10.044
1189.649 14.627
1189.973 16.610
1190.297 14.593
1190.621 2.775
1190.945 -1.042
1191.269 -4.259
1191.593 -6.876
1191.917 -1.493
1192.241 3.690
1192.565 3.673
1192.889 12.255
1193.213 19.838
1193.537 17.421
1193.861 19.404
1194.185 18.187
1194.509 9.970
1194.833 5.153
1195.156 6.936
1195.480 6.719
1195.804 10.901
1196.128 15.684
1196.452 18.067
1196.776 14.250
1197.100 8.233
1197.424 1.016
1197.748 -9.001
1198.072 -16.618
1198.396 -12.435
1198.720 -5.252
1199.044 -1.669
1199.368 6.514
1199.692 8.097
1200.016 6.080
1200.340 -0.937
1200.664 -4.354
1200.988 -2.571
1201.312 2.012
1201.635 2.595
1201.959 4.779
1202.283 4.362
1202.607 -7.655
1202.931 -20.872
1203.255 -27.489
1203.579 -29.706
1203.903 -28.122
1204.227 -16.939
1204.551 -3.756
1204.875 7.627
1205.199 14.011
1205.523 13.794
1205.847 6.377
1206.171 -0.439
1206.495 -3.656
1206.819 -6.473
1207.143 -8.889
1207.467 -7.906
1207.791 -6.522
1208.115 -9.139
1208.438 -5.155
1208.762 2.228
1209.086 9.212
1209.410 18.595
1209.734 20.979
1210.058 19.363
1210.382 17.746
1210.706 17.930
1211.030 18.314
1211.354 17.898
1211.678 13.681
1212.002 11.665
1212.326 8.249
1212.650 4.833
1212.974 3.617
1213.298 7.401
1213.622 1.785
1213.946 -0.631
1214.270 2.953
1214.594 3.737
1214.917 -1.279
1215.241 1.905
1215.565 3.490
1215.889 -2.526
1216.213 -3.342
1216.537 -6.158
1216.861 -2.573
1217.185 4.211
1217.509 11.196
1217.833 15.580
1218.157 15.165
1218.481 4.949
1218.805 -2.066
1219.129 -4.082
1219.453 -2.697
1219.777 7.688
1220.101 18.873
1220.425 20.457
1220.749 12.642
1221.073 2.627
1221.397 -5.388
1221.720 -10.403
1222.044 -10.218
1222.368 -8.233
1222.692 -4.047
1223.016 -2.262
1223.340 0.523
1223.664 -3.492
1223.988 -0.106
1224.312 2.279
1224.636 7.865
1224.960 11.250
1225.284 14.036
1225.608 10.021
1225.932 8.607
1226.256 0.793
1226.580 -9.421
1226.904 -9.836
1227.228 -2.050
1227.552 -3.864
1227.876 -5.478
1228.199 -2.292
1228.523 -0.505
1228.847 -2.719
1229.171 2.467
1229.495 12.253
1229.819 16.240
1230.143 15.626
1230.467 10.413
1230.791 4.799
1231.115 0.386
1231.439 2.173
1231.763 0.966
1232.087 3.960
