181.241 261.184
181.495 301.349
181.749 354.248
182.003 429.445
182.257 456.043
182.511 471.440
182.765 463.037
183.019 397.835
183.273 348.432
183.528 320.629
183.782 325.627
184.036 320.024
184.290 339.421
184.544 367.618
184.798 373.616
185.052 368.013
185.306 380.810
185.560 384.208
185.814 393.405
186.068 412.802
186.322 415.199
186.576 395.197
186.830 385.594
187.084 371.591
187.339 338.989
187.593 322.786
187.847 334.383
188.101 342.780
188.355 331.578
188.609 326.575
188.863 321.772
189.117 310.569
189.371 301.167
189.625 304.164
189.879 349.961
190.133 380.158
190.387 373.356
190.641 381.753
190.895 400.750
191.150 402.547
191.404 410.145
191.658 451.342
191.912 459.339
192.166 467.336
192.420 452.533
192.674 439.131
192.928 432.328
193.182 461.525
193.436 455.322
193.690 438.720
193.944 438.917
194.198 440.714
194.452 428.511
194.706 421.908
194.961 427.106
195.215 434.303
195.469 448.100
195.723 431.097
195.977 422.694
196.231 412.292
196.485 391.289
196.739 366.486
196.993 364.683
197.247 387.080
197.501 406.678
197.755 400.075
198.009 391.672
198.263 391.469
198.517 393.866
198.772 398.263
199.026 411.061
199.280 391.858
199.534 379.055
199.788 365.852
200.042 358.649
200.296 366.246
200.550 387.244
200.804 390.041
201.058 389.038
201.312 377.035
201.566 365.032
201.820 373.629
202.074 368.426
202.328 362.224
202.583 386.021
202.837 367.618
203.091 354.615
203.345 378.612
203.599 367.609
203.853 329.806
204.107 327.404
204.361 322.801
204.615 329.998
204.869 334.795
205.123 352.192
205.377 371.389
205.631 381.786
205.885 386.583
206.139 389.980
206.394 388.578
206.648 387.775
206.902 377.572
207.156 352.569
207.410 365.166
207.664 376.363
207.918 373.360
208.172 383.357
208.426 404.554
208.680 394.551
208.934 389.948
209.188 393.145
209.442 396.943
209.696 376.740
209.950 394.337
210.205 402.334
210.459 401.131
210.713 400.128
210.967 403.325
211.221 379.922
211.475 363.919
211.729 379.116
211.983 375.113
212.237 397.510
212.491 410.307
212.745 393.104
212.999 361.701
213.253 359.898
213.507 341.895
213.761 319.692
214.016 344.490
214.270 400.887
214.524 416.884
214.778 417.281
215.032 442.678
215.286 434.075
215.540 387.072
215.794 362.069
216.048 345.266
216.302 309.263
216.556 288.860
216.810 277.857
217.064 281.854
217.318 304.651
217.572 334.848
217.827 359.645
218.081 375.242
218.335 391.239
218.589 433.036
218.843 489.433
219.097 489.430
219.351 485.627
219.605 458.424
219.859 377.421
220.113 294.018
220.367 290.015
220.621 319.412
220.875 342.008
221.129 375.405
221.383 401.802
221.638 392.999
221.892 360.196
222.146 357.393
222.400 359.390
222.654 349.387
222.908 362.584
223.162 378.781
223.416 376.778
223.670 361.175
223.924 367.572
224.178 361.769
224.432 339.566
224.686 325.763
224.940 329.360
225.195 351.557
225.449 384.753
225.703 433.350
225.957 470.947
226.211 487.544
226.465 466.341
226.719 433.938
226.973 409.335
227.227 394.732
227.481 369.929
227.735 370.326
227.989 399.123
228.243 409.119
228.497 384.516
228.751 388.913
229.006 393.910
229.260 366.907
229.514 347.504
229.768 359.901
230.022 367.498
230.276 350.895
230.530 340.491
230.784 343.088
231.038 358.285
231.292 372.882
231.546 374.479
231.800 388.876
232.054 407.873
232.308 432.469
232.562 427.066
232.817 424.063
233.071 415.060
233.325 390.857
233.579 341.854
233.833 328.651
234.087 331.247
234.341 343.244
234.595 341.841
234.849 345.038
235.103 359.635
235.357 380.631
235.611 395.628
235.865 430.225
236.119 457.422
236.373 443.819
236.628 434.616
236.882 413.612
237.136 394.009
237.390 376.606
237.644 377.803
237.898 362.800
238.152 357.196
238.406 344.593
238.660 349.590
238.914 368.387
239.168 380.384
239.422 403.580
239.676 434.177
239.930 444.174
240.184 400.571
240.439 387.567
240.693 373.364
240.947 340.761
241.201 326.158
241.455 349.354
241.709 360.351
241.963 352.148
242.217 371.545
242.471 385.141
242.725 401.538
242.979 422.935
243.233 439.532
243.487 430.728
243.741 418.525
243.995 407.322
244.250 384.919
244.504 385.515
244.758 388.312
245.012 375.709
245.266 372.306
245.520 372.302
245.774 356.699
246.028 327.896
246.282 321.892
246.536 328.489
246.790 338.486
247.044 365.282
247.298 422.679
247.552 460.876
247.806 460.473
248.061 475.269
248.315 468.866
248.569 430.063
248.823 418.059
249.077 422.456
249.331 377.253
249.585 361.049
249.839 375.846
250.093 369.443
250.347 350.239
250.601 346.036
250.855 333.033
251.109 329.629
251.363 332.026
251.617 358.223
251.872 392.819
252.126 402.616
252.380 389.813
252.634 381.809
252.888 387.406
253.142 376.202
253.396 363.399
253.650 377.196
253.904 393.592
254.159 393.789
254.413 400.386
254.667 408.782
254.922 404.379
255.176 415.775
255.431 423.172
255.685 433.769
255.939 458.765
256.194 462.762
256.448 436.558
256.702 402.755
256.957 384.152
257.211 368.748
257.465 340.745
257.720 339.341
257.974 361.138
258.228 387.334
258.483 437.931
258.737 485.128
258.992 498.324
259.246 483.321
259.500 479.117
259.755 471.514
260.009 454.110
260.263 444.307
260.518 449.704
260.772 438.700
261.026 399.697
261.281 410.493
261.535 434.290
261.789 433.686
262.044 437.283
262.298 425.079
262.553 398.676
262.807 372.872
263.061 380.069
263.316 383.665
263.570 396.062
263.824 390.858
264.079 367.255
264.333 346.451
264.587 340.248
264.842 366.044
265.096 398.241
265.351 396.237
265.605 395.434
265.859 394.230
266.114 361.627
266.368 343.023
266.622 364.620
266.877 381.816
267.131 396.013
267.385 413.209
267.640 437.206
267.894 443.602
268.148 430.799
268.403 407.195
268.657 391.192
268.912 373.988
269.166 362.184
269.420 359.981
269.675 374.377
269.929 384.774
270.183 380.770
270.438 393.567
270.692 393.763
270.946 370.360
271.201 369.356
271.455 394.352
271.709 412.349
271.964 422.745
272.218 442.942
272.473 447.138
272.727 419.334
272.981 394.131
273.236 390.727
273.490 391.924
273.744 413.120
273.999 423.516
274.253 415.513
274.507 415.509
274.762 388.906
275.016 327.702
275.271 314.698
275.525 337.695
275.779 329.291
276.034 355.487
276.288 386.484
276.542 377.880
276.797 361.477
277.051 369.673
277.305 357.069
277.560 348.866
277.814 361.862
278.068 373.658
278.323 390.055
278.577 414.851
278.832 433.847
279.086 426.244
279.340 410.640
279.595 378.236
279.849 357.833
280.103 332.829
280.358 325.025
280.612 317.621
280.866 329.818
281.121 320.614
281.375 311.810
281.629 304.407
281.884 304.603
282.138 290.399
282.393 300.796
282.647 320.192
282.901 338.988
283.156 341.384
283.410 347.781
283.664 356.177
283.919 382.373
284.173 401.169
284.427 412.366
284.682 423.362
284.936 431.158
285.191 399.155
285.445 370.951
285.699 365.147
285.954 354.543
286.208 324.939
286.462 315.336
286.717 318.532
286.971 332.528
287.225 352.324
287.480 366.721
287.734 399.517
287.988 405.113
288.243 393.509
288.497 397.305
288.752 397.502
289.006 361.898
289.260 349.894
289.515 353.690
289.769 345.286
290.023 356.083
290.278 392.479
290.532 408.875
290.786 406.071
291.041 402.867
291.295 392.864
291.549 384.660
291.804 366.656
292.058 369.452
292.313 383.448
292.567 363.044
292.821 320.641
293.076 317.437
293.330 308.833
293.584 302.429
293.839 319.025
294.093 336.021
294.347 332.417
294.602 335.813
294.856 349.210
295.111 352.806
295.365 359.002
295.619 389.198
295.874 396.394
296.128 371.590
296.382 378.786
296.637 388.182
296.891 373.378
297.145 381.775
297.400 384.771
297.654 373.967
297.908 373.963
298.163 359.959
298.417 331.955
298.672 339.151
298.926 361.347
299.180 376.543
299.435 400.139
299.689 433.135
299.943 419.531
300.198 399.327
300.452 376.323
300.706 391.920
300.961 400.516
301.215 400.712
301.469 402.708
301.724 415.304
301.978 390.700
302.233 369.296
302.487 363.492
302.741 355.888
302.996 344.084
303.250 340.480
303.504 324.476
303.759 315.472
304.013 317.268
304.267 333.864
304.522 327.660
304.776 343.256
305.031 350.252
305.285 332.048
305.539 323.244
305.794 350.640
306.048 366.436
306.302 370.832
306.557 372.628
306.811 351.624
307.065 339.420
307.320 336.815
307.574 356.011
307.828 375.207
308.083 390.803
308.337 392.799
308.592 364.595
308.846 362.991
309.100 380.187
309.355 373.783
309.609 370.379
309.863 397.975
310.118 402.171
310.372 371.367
310.626 377.163
310.881 378.558
311.135 362.954
311.389 339.950
311.644 350.946
311.898 361.742
312.153 382.938
312.407 400.534
312.661 400.130
312.916 406.926
313.170 420.521
313.429 414.317
313.688 410.313
313.947 409.709
314.206 392.905
314.465 359.301
314.724 340.097
314.983 325.692
315.242 338.288
315.501 368.884
315.760 395.680
316.019 411.276
316.278 421.872
316.536 414.067
316.795 392.463
317.054 392.459
317.313 389.055
317.572 394.051
317.831 420.446
318.090 446.042
318.349 463.638
318.608 462.834
318.867 445.630
319.126 412.825
319.385 393.621
319.644 382.217
319.903 381.613
320.162 395.208
320.421 409.404
320.680 383.000
320.939 343.996
321.198 341.392
321.457 347.587
321.716 360.383
321.975 402.779
322.234 448.174
322.493 471.170
322.752 465.966
323.010 453.562
323.269 437.957
323.528 412.153
323.787 389.949
324.046 381.145
324.305 388.340
324.564 419.536
324.823 421.932
325.082 409.327
325.341 415.723
325.600 423.319
325.859 402.314
326.118 411.310
326.377 425.106
326.636 428.901
326.895 436.697
327.154 429.093
327.413 411.888
327.672 405.884
327.931 408.480
328.190 387.675
328.449 358.471
328.708 357.467
328.967 390.262
329.226 393.458
329.485 387.454
329.743 410.849
330.002 428.445
330.261 407.640
330.520 408.836
330.779 419.432
331.038 422.227
331.297 405.223
331.556 407.818
331.815 423.214
332.074 420.210
332.333 413.605
332.592 406.601
332.851 381.396
333.110 351.392
333.369 359.587
333.628 379.983
333.887 400.579
334.146 424.574
334.405 435.370
334.664 428.965
334.923 399.161
335.182 374.556
335.441 347.752
335.700 306.747
335.959 285.343
336.217 292.738
336.476 318.334
336.735 368.329
336.994 420.725
337.253 441.321
337.512 452.516
337.771 448.912
338.030 399.307
338.289 384.902
338.548 399.898
338.807 390.493
339.066 388.089
339.325 411.284
339.584 430.480
339.843 410.075
340.102 424.871
340.361 422.866
340.620 426.862
340.879 400.457
341.138 387.253
341.397 369.648
341.656 365.043
341.915 352.039
342.174 359.034
342.433 409.630
342.691 433.025
342.950 440.821
343.209 436.816
343.468 431.811
343.727 416.807
343.986 410.402
344.245 414.998
344.504 426.793
344.763 419.788
345.022 398.784
345.281 404.979
345.540 410.974
345.799 392.370
346.058 380.165
346.317 365.161
346.576 334.756
346.835 306.151
347.094 304.747
347.353 332.142
347.612 353.537
347.871 361.933
348.130 377.128
348.389 391.323
348.648 382.919
348.907 382.714
349.166 389.109
349.424 380.905
349.683 367.900
349.942 372.295
350.201 366.890
350.460 377.286
350.719 391.281
350.978 401.076
351.237 374.072
351.496 355.667
351.755 350.462
352.014 337.857
352.273 332.853
352.532 361.048
352.791 375.443
353.050 355.438
353.309 348.434
353.568 344.229
353.827 335.624
354.086 321.019
354.345 322.415
354.604 327.810
354.863 346.005
355.122 363.600
355.381 380.595
355.640 397.791
355.898 442.786
356.157 458.981
356.416 454.176
356.675 466.371
356.934 483.366
357.193 479.562
357.452 468.157
357.711 449.552
357.970 445.547
358.229 442.142
358.488 417.937
358.747 408.533
359.006 420.728
359.265 437.723
359.524 426.718
359.783 406.513
360.042 391.708
360.301 381.703
360.560 375.698
360.819 390.694
361.078 403.289
361.337 413.884
361.596 405.479
361.855 371.074
362.114 347.669
362.372 358.264
362.631 368.659
362.890 356.454
363.149 359.049
363.408 354.644
363.667 336.439
363.926 315.635
364.185 351.430
364.444 373.425
364.703 378.020
364.962 385.015
365.221 379.210
365.480 363.805
365.741 361.400
366.002 349.395
366.264 331.590
366.525 342.985
366.786 350.180
367.047 328.975
367.308 342.370
367.570 376.765
367.831 369.160
368.092 327.555
368.353 316.550
368.614 316.345
368.876 327.140
369.137 348.535
369.398 367.530
369.659 385.724
369.920 413.519
370.182 417.714
370.443 413.309
370.704 450.904
370.965 466.499
371.226 441.894
371.488 409.889
371.749 400.684
372.010 367.679
372.271 331.874
372.532 308.269
372.794 312.263
373.055 319.658
373.316 344.053
373.577 383.648
373.838 397.243
374.100 398.038
374.361 410.633
374.622 409.428
374.883 394.622
375.144 401.617
375.406 424.012
375.667 408.807
375.928 391.002
376.189 415.797
376.450 438.591
376.712 425.986
376.973 435.181
377.234 439.576
377.495 424.171
377.756 415.565
378.018 425.760
378.279 431.155
378.540 445.150
378.801 439.545
379.062 427.939
379.324 405.534
379.585 389.929
379.846 392.924
380.107 414.318
380.368 421.913
380.630 424.108
380.891 426.303
381.152 409.697
381.413 369.492
381.674 336.487
381.936 338.881
382.197 356.276
382.458 367.871
382.719 377.266
382.980 397.060
383.242 405.055
383.503 386.650
383.764 376.444
384.025 388.839
384.286 394.234
384.548 359.228
384.809 343.423
385.070 337.618
385.331 318.612
385.592 310.007
385.854 325.001
386.115 323.196
386.376 330.391
386.637 362.985
386.898 379.580
387.160 386.375
387.421 415.369
387.682 414.164
387.943 384.158
388.204 360.553
388.466 347.148
388.727 327.742
388.988 335.337
389.249 357.931
389.510 364.726
389.772 376.720
390.033 395.915
390.294 409.309
390.555 392.904
390.816 380.299
391.078 385.493
391.339 363.688
391.600 325.082
391.861 318.077
392.122 336.671
392.384 339.866
392.645 350.460
392.906 362.655
393.167 357.049
393.428 347.644
393.690 347.438
393.951 332.433
394.212 323.627
394.473 350.821
394.734 366.016
394.996 358.610
395.257 374.205
395.518 383.599
395.779 354.994
396.040 351.788
396.302 355.983
396.563 359.577
396.824 380.771
397.085 413.966
397.346 416.360
397.608 416.155
397.869 408.549
398.130 399.143
398.391 385.138
398.652 356.132
398.914 330.326
399.175 337.121
399.436 333.115
399.697 341.710
399.958 360.504
400.220 369.298
400.481 353.693
400.742 345.287
401.003 324.681
401.264 334.876
401.526 363.470
401.787 378.864
402.048 390.058
402.309 422.053
402.570 412.247
402.832 390.641
403.093 385.436
403.354 382.830
403.615 366.624
403.876 362.018
404.138 363.613
404.399 369.607
404.660 366.801
404.931 361.195
405.202 380.590
405.473 386.584
405.745 378.378
406.016 377.972
406.287 387.966
406.558 360.961
406.829 331.155
407.100 322.549
407.371 307.143
407.642 307.537
407.914 329.932
408.185 337.726
408.456 346.320
408.727 362.114
408.998 344.308
409.269 346.902
409.540 365.496
409.811 363.091
410.083 341.685
410.354 327.679
410.625 305.473
410.896 306.067
411.167 325.461
411.438 345.255
411.709 365.049
411.981 401.843
412.252 408.237
412.523 416.032
412.794 435.426
413.065 455.820
413.336 460.814
413.607 465.808
413.878 422.002
414.150 404.596
414.421 387.590
414.692 346.984
414.963 327.978
415.234 346.972
415.505 342.566
415.776 329.360
416.047 335.554
416.319 334.748
416.590 325.342
416.861 324.336
417.132 349.330
417.403 374.924
417.674 384.718
417.945 394.112
418.217 379.506
418.488 346.300
418.759 327.494
419.030 338.687
419.301 366.481
419.572 382.475
419.843 397.869
420.114 389.863
420.386 358.857
420.657 318.451
420.928 341.445
421.199 376.639
421.470 375.433
421.741 391.026
422.012 399.420
422.283 390.814
422.555 361.208
422.826 374.602
423.097 373.396
423.368 386.589
423.639 373.183
423.910 365.577
424.181 356.571
424.453 374.565
424.724 365.358
424.995 369.952
425.266 375.146
425.537 369.340
425.808 352.534
426.079 355.927
426.350 355.921
426.622 371.115
426.893 389.309
427.164 401.702
427.435 401.296
427.706 382.290
427.977 358.684
428.248 342.077
428.519 330.871
428.791 348.665
429.062 414.058
429.333 465.652
429.604 485.846
429.875 486.039
430.146 469.233
430.417 417.627
430.689 386.420
430.960 389.014
431.231 393.008
431.502 394.801
431.773 391.595
432.044 384.589
432.315 392.382
432.586 400.576
432.858 399.169
433.129 421.763
433.400 417.357
433.671 404.750
433.942 422.544
434.213 433.937
434.484 430.931
434.755 458.124
435.027 469.718
435.298 443.111
435.569 413.105
435.840 390.899
436.114 370.492
436.388 361.886
436.663 368.479
436.937 399.073
437.211 414.866
437.485 412.660
437.759 407.453
438.034 402.646
438.308 378.040
438.582 371.033
438.856 384.227
439.130 378.820
439.405 375.014
439.679 391.007
439.953 401.401
440.227 391.594
440.501 404.987
440.776 405.381
441.050 414.374
441.324 414.768
441.598 436.361
441.872 436.754
442.147 434.148
442.421 414.741
442.695 413.534
442.969 416.328
443.244 424.721
443.518 439.715
443.792 447.108
444.066 444.301
444.340 410.894
444.615 386.088
444.889 367.081
445.163 349.074
445.437 342.268
445.711 360.061
445.986 388.854
446.260 424.048
446.534 450.841
446.808 453.234
447.082 435.427
447.357 414.221
447.631 385.414
447.905 401.207
448.179 425.400
448.453 451.193
448.728 431.587
449.002 419.980
449.276 398.573
449.550 374.966
449.824 367.621
450.099 408.002
450.373 421.317
450.647 425.175
450.921 408.169
451.195 384.573
451.470 356.820
451.744 357.897
452.018 339.477
452.292 329.667
452.566 325.004
452.841 322.278
453.115 330.850
453.389 343.866
453.663 348.511
453.937 354.276
454.212 356.535
454.486 338.470
454.760 329.899
455.034 340.602
455.308 350.164
455.583 357.436
455.857 379.672
456.131 390.743
456.405 403.499
456.680 409.351
456.954 391.107
457.228 362.340
457.502 350.342
457.776 357.841
458.051 343.710
458.325 353.362
458.599 359.807
458.873 359.932
459.147 320.915
459.422 317.709
459.696 332.171
459.970 328.564
460.244 339.111
460.518 378.816
460.793 389.696
461.067 393.684
461.341 416.806
461.615 437.738
461.889 410.234
462.164 428.408
462.438 430.126
462.712 405.572
462.986 367.995
463.260 399.719
463.535 382.089
463.809 372.590
464.083 386.759
464.357 389.047
464.631 362.146
464.906 346.477
465.180 327.492
465.454 347.265
465.728 378.911
466.002 408.924
466.277 455.470
466.551 471.451
466.825 470.613
467.099 478.319
467.373 477.467
467.648 442.465
467.922 427.714
468.196 396.648
468.470 386.575
468.744 394.526
469.019 399.178
469.293 424.509
469.567 430.691
469.841 424.066
470.116 408.185
470.390 401.053
470.664 390.733
470.938 372.648
471.212 364.432
471.487 377.470
471.761 388.824
472.035 384.216
472.309 393.940
472.583 388.764
472.858 365.045
473.132 350.640
473.406 343.565
473.680 340.126
473.954 316.811
474.229 297.555
474.503 296.008
474.777 295.996
475.051 322.317
475.325 348.116
475.600 360.289
475.874 369.335
476.148 394.736
476.422 403.688
476.696 408.254
476.971 422.639
477.245 446.094
477.519 432.553
477.793 403.686
478.067 414.581
478.342 421.565
478.616 397.014
478.890 389.566
479.164 421.168
479.438 436.919
479.713 435.559
479.987 419.237
480.261 413.128
480.535 390.536
480.809 371.371
481.084 361.207
481.358 385.427
481.632 409.545
481.906 418.560
482.180 381.480
482.455 362.070
482.729 352.162
483.003 339.088
483.277 321.461
483.551 336.294
483.826 343.152
484.100 335.649
484.374 338.047
484.648 340.624
484.923 343.136
485.197 350.285
485.471 389.961
485.745 404.924
486.019 413.362
486.294 424.766
486.568 427.270
486.842 385.970
487.116 361.841
487.390 353.065
487.665 327.718
487.939 334.437
488.213 363.636
488.487 375.257
488.761 378.477
489.036 392.010
489.310 392.237
489.584 389.478
489.858 378.906
490.132 372.114
490.407 384.675
490.681 394.163
490.955 393.441
491.229 412.375
491.503 418.395
491.778 423.575
492.052 426.954
492.326 417.557
492.600 380.404
492.874 374.545
493.149 366.687
493.423 355.213
493.697 351.400
493.971 369.053
494.245 388.707
494.520 387.111
494.794 396.268
495.068 406.416
495.342 415.075
495.616 435.175
495.891 460.511
496.165 432.731
496.439 416.506
496.713 409.436
496.987 366.874
497.262 334.453
497.536 334.374
497.810 318.799
498.084 301.970
498.359 306.362
498.633 309.182
498.907 340.036
499.181 371.525
499.455 387.224
499.730 398.064
500.004 384.052
500.278 376.147
500.552 373.572
500.826 373.239
501.101 377.057
501.375 383.683
501.649 369.009
501.923 357.096
502.197 358.741
502.472 344.450
502.746 342.587
503.020 321.954
503.294 316.407
503.568 303.996
503.843 304.251
504.117 304.044
504.391 324.137
504.665 327.888
504.939 325.503
505.214 314.494
505.488 313.634
505.762 303.208
506.036 320.438
506.310 360.534
506.585 387.322
506.859 404.843
507.133 425.819
507.407 435.296
507.681 438.344
507.956 463.488
508.230 496.811
508.504 500.046
508.778 479.056
509.052 449.364
509.327 404.379
509.601 378.634
509.875 376.454
510.149 365.424
510.423 363.557
510.698 391.556
510.972 392.240
511.246 375.455
511.520 395.098
511.795 443.139
512.069 457.438
512.343 448.741
512.617 476.359
512.891 487.988
513.166 434.790
513.440 398.740
513.714 397.380
513.988 419.910
514.262 463.018
514.537 477.029
514.811 464.028
515.085 441.965
515.359 394.382
515.633 324.350
515.908 313.866
516.182 316.340
516.456 345.585
516.730 355.323
517.004 356.134
517.279 350.907
517.553 366.374
517.827 349.274
518.101 337.820
518.375 356.508
518.650 376.546
518.924 378.877
519.198 392.074
519.472 394.150
519.746 388.025
520.021 415.388
520.295 445.396
520.569 428.944
520.843 412.569
521.117 392.813
521.392 347.763
521.666 309.225
521.940 320.034
522.214 337.886
522.488 364.691
522.763 387.961
523.037 412.610
523.311 411.874
523.585 407.910
523.859 382.180
524.134 362.673
524.408 350.559
524.682 345.945
524.956 359.424
525.231 362.493
525.505 355.902
525.779 339.984
526.053 328.063
526.327 311.323
526.602 314.939
526.876 320.363
527.150 308.384
527.424 327.717
527.698 346.591
527.973 352.192
528.247 377.901
528.521 398.838
528.795 388.548
529.069 380.030
529.344 392.947
529.618 385.631
529.892 401.034
530.166 438.058
530.440 445.353
530.715 442.059
530.989 425.487
531.263 411.550
531.537 373.052
531.811 347.222
532.086 347.066
532.360 371.942
532.634 362.469
532.908 363.971
533.182 380.957
533.457 392.380
533.731 375.149
534.005 350.119
534.279 345.620
534.553 348.135
534.828 320.442
535.102 311.536
535.376 331.108
535.650 343.918
535.924 349.663
536.199 337.605
536.473 334.158
536.747 358.577
537.021 369.167
537.295 371.142
537.570 402.426
537.844 439.685
538.118 436.815
538.392 429.975
538.666 411.910
538.941 385.452
539.215 346.785
539.489 333.943
539.763 332.591
540.038 359.673
540.312 397.029
540.586 398.342
540.860 391.996
541.134 389.808
541.409 369.369
541.683 352.052
541.957 352.902
542.231 348.564
542.505 363.931
542.780 410.957
543.054 418.315
543.328 456.440
543.602 489.618
543.876 469.924
544.151 410.394
544.425 390.286
544.699 362.316
544.973 336.956
545.247 337.399
545.522 349.454
545.796 365.862
546.070 368.846
546.351 377.489
546.632 388.492
546.912 392.069
547.193 375.376
547.474 379.052
547.755 396.971
548.036 393.704
548.317 414.190
548.597 420.904
548.878 415.801
549.159 413.657
549.440 406.134
549.721 371.589
550.001 369.941
550.282 377.096
550.563 340.970
550.844 335.807
551.125 346.296
551.406 342.696
551.686 343.385
551.967 383.310
552.248 418.978
552.529 452.688
552.810 479.861
553.090 478.482
553.371 451.974
553.652 395.128
553.933 333.399
554.214 291.401
554.495 273.925
554.775 275.350
555.056 318.760
555.337 352.176
555.618 372.787
555.899 399.717
556.179 425.435
556.460 408.117
556.741 391.986
557.022 391.707
557.303 389.829
557.584 367.824
557.864 371.749
558.145 384.352
558.426 387.295
558.707 374.306
558.988 369.061
559.268 376.123
559.549 413.587
559.830 426.595
560.111 433.797
560.392 456.753
560.673 449.839
560.953 418.753
561.234 390.537
561.515 371.018
561.796 358.120
562.077 350.219
562.357 357.055
562.638 396.502
562.919 396.488
563.200 388.721
563.481 406.305
563.762 396.049
564.042 352.220
564.323 362.975
564.604 380.693
564.885 351.743
565.166 338.921
565.446 357.758
565.727 342.668
566.008 332.422
566.289 373.406
566.570 391.903
566.851 379.346
567.131 391.244
567.412 386.630
567.693 365.198
567.974 382.785
568.255 432.785
568.535 432.414
568.816 426.247
569.097 417.533
569.378 390.416
569.659 340.048
569.940 349.679
570.220 385.511
570.501 440.225
570.782 455.501
571.063 470.920
571.344 480.303
571.624 458.267
571.905 403.864
572.186 383.881
572.467 376.298
572.748 346.688
573.029 336.914
573.309 333.782
573.590 350.795
573.871 361.716
574.152 380.328
574.433 389.789
574.713 397.691
574.994 387.868
575.275 386.347
575.556 377.082
575.837 379.619
576.118 383.231
576.398 397.667
576.679 396.077
576.960 387.774
577.245 362.326
577.531 350.358
577.816 339.232
578.102 357.950
578.387 390.501
578.672 435.823
578.958 453.141
579.243 453.018
579.529 428.602
579.814 403.109
580.099 382.388
580.385 381.457
580.670 392.169
580.956 399.198
581.241 392.102
581.526 377.504
581.812 356.544
582.097 350.046
582.382 358.791
582.668 356.717
582.953 365.444
583.239 372.395
583.524 349.884
583.809 320.440
584.095 337.602
584.380 345.171
584.666 357.501
584.951 354.577
585.236 353.559
585.522 352.977
585.807 338.599
586.093 310.745
586.378 312.203
586.663 320.655
586.949 308.756
587.234 316.818
587.520 330.083
587.805 332.307
588.090 328.228
588.376 313.066
588.661 292.017
588.947 296.719
589.232 318.099
589.517 348.780
589.803 371.328
590.088 373.002
590.374 383.671
590.659 381.264
590.944 357.132
591.230 354.222
591.515 359.621
591.800 340.826
592.086 317.348
592.371 318.619
592.657 329.271
592.942 346.304
593.227 361.842
593.513 396.319
593.798 414.649
594.084 407.430
594.369 397.389
594.654 401.155
594.940 399.216
595.225 390.041
595.511 395.617
595.796 404.059
596.081 394.741
596.367 386.483
596.652 393.924
596.938 400.297
597.223 401.707
597.508 411.619
597.794 402.760
598.079 392.907
598.365 380.132
598.650 368.825
598.935 376.004
599.221 380.415
599.506 361.731
599.792 344.866
600.077 356.458
600.362 342.353
600.648 340.488
600.933 343.941
601.218 335.706
601.504 300.351
601.789 287.429
602.075 298.662
602.360 317.707
602.645 344.331
602.931 374.924
603.216 400.813
603.502 379.991
603.787 354.732
604.072 362.973
604.358 370.977
604.643 345.757
604.929 352.624
605.214 375.661
605.499 380.753
605.785 389.911
606.070 418.727
606.356 428.600
606.641 419.128
606.926 417.628
607.212 422.149
607.497 407.904
607.783 398.486
608.068 405.943
608.353 402.377
608.639 345.836
608.924 324.988
609.210 334.032
609.495 336.079
609.780 323.501
610.066 377.445
610.351 425.392
610.636 433.050
610.922 410.156
611.207 415.910
611.493 416.853
611.778 393.270
612.063 399.403
612.349 416.918
612.634 407.757
612.920 396.130
613.205 392.013
613.490 358.477
613.776 350.201
614.061 364.719
614.347 380.335
614.632 396.065
614.917 404.599
615.203 401.479
615.488 400.682
615.774 386.290
616.059 370.326
616.344 375.352
616.630 385.329
616.915 376.810
617.201 347.280
617.486 345.821
617.771 345.104
618.057 342.716
618.342 348.979
618.627 377.272
618.913 375.479
619.198 372.873
619.484 373.269
619.769 386.413
620.054 386.565
620.340 406.983
620.625 395.097
620.911 379.593
621.196 344.406
621.481 311.743
621.767 273.702
622.052 293.161
622.338 307.987
622.623 329.213
622.908 363.037
623.194 390.723
623.479 400.622
623.765 393.422
624.050 382.342
624.335 374.021
624.621 381.524
624.906 375.305
625.192 397.172
625.477 412.138
625.762 399.867
626.048 381.478
626.333 380.210
626.619 384.708
626.904 404.538
627.189 421.263
627.475 415.428
627.760 403.195
628.045 385.523
628.331 354.086
628.616 349.011
628.902 381.028
629.187 385.030
629.472 370.802
629.758 376.599
630.043 393.773
630.329 381.764
630.614 377.649
630.899 398.459
631.185 416.523
631.470 421.721
631.756 416.433
632.041 409.797
632.326 401.425
632.612 381.290
632.897 356.155
633.183 350.697
633.468 358.532
633.753 350.304
634.039 344.070
634.324 334.520
634.610 328.033
634.895 311.529
635.180 316.958
635.466 334.321
635.751 333.388
636.037 326.757
636.322 332.514
636.607 351.869
636.893 354.781
637.178 354.181
637.463 342.276
637.749 336.668
638.034 311.091
638.320 298.708
638.605 344.849
638.890 394.174
639.176 416.220
639.461 411.742
639.747 406.807
640.032 383.862
640.317 376.923
640.603 378.983
640.888 386.132
641.174 371.627
641.459 350.389
641.744 344.325
642.030 359.627
642.315 390.249
642.601 392.482
642.886 382.190
643.171 379.734
643.457 376.227
643.742 371.003
644.028 405.746
644.313 424.601
644.598 395.549
644.884 371.788
645.169 367.507
645.455 367.344
645.740 370.793
646.025 368.778
646.311 368.079
646.596 368.580
646.881 333.795
647.167 304.621
647.452 328.687
647.738 347.948
648.023 338.722
648.308 358.044
648.594 391.664
648.879 381.514
649.165 364.056
649.450 364.163
649.735 369.629
650.021 379.800
650.306 400.473
650.592 402.959
650.877 382.559
651.162 353.601
651.448 330.052
651.733 317.261
652.019 324.694
652.304 357.433
652.589 372.752
652.875 375.644
653.160 364.636
653.446 350.285
653.731 336.868
654.016 339.849
654.302 329.409
654.587 331.085
654.873 360.045
655.158 365.517
655.443 364.328
655.729 401.055
656.014 428.415
656.299 408.096
656.585 395.237
656.870 396.018
657.156 368.958
657.441 326.634
657.726 311.523
658.012 302.200
658.297 309.903
658.583 333.288
658.868 358.846
659.153 365.391
659.439 395.287
659.724 403.627
660.010 376.394
660.295 370.611
660.580 386.416
660.866 378.682
661.151 372.539
661.437 377.805
661.722 371.842
662.007 376.529
662.293 374.662
662.578 374.932
662.864 379.521
663.149 396.104
663.434 380.896
663.720 366.960
664.005 349.318
664.290 338.853
664.576 340.890
664.861 350.059
665.147 350.495
665.432 352.387
665.717 341.041
666.003 307.269
666.288 294.954
666.574 316.908
666.859 347.168
667.144 361.651
667.430 373.480
667.715 389.486
668.001 388.444
668.286 385.319
668.571 408.371
668.857 429.589
669.142 420.331
669.428 406.884
669.713 387.234
669.998 371.966
670.284 365.696
670.569 401.798
670.855 402.600
671.140 399.921
671.425 394.964
671.711 395.369
671.996 356.772
672.282 344.701
672.567 329.404
672.852 329.064
673.138 340.762
673.423 341.284
673.708 344.413
673.994 345.515
674.279 335.345
674.565 337.003
674.850 331.334
675.135 332.859
675.421 362.653
675.706 378.124
675.992 365.567
676.277 376.000
676.562 389.272
676.848 382.749
677.133 381.921
677.419 370.772
677.704 367.931
677.989 378.508
678.275 380.477
678.560 384.415
678.846 408.331
679.131 431.256
679.416 430.109
679.702 433.596
679.987 404.234
680.273 374.778
680.558 339.403
680.843 314.513
681.129 316.325
681.414 354.033
681.700 376.070
681.985 400.778
682.270 407.623
682.556 390.453
682.841 386.564
683.126 389.599
683.412 391.415
683.697 429.652
683.983 460.722
684.268 468.126
684.553 477.963
684.839 482.724
685.124 452.531
685.410 441.514
685.695 454.844
685.980 434.858
686.266 399.681
686.551 384.779
686.837 344.892
687.122 312.765
687.407 350.553
687.693 385.101
687.978 397.159
688.264 430.896
688.549 452.392
688.834 443.813
689.120 439.023
689.405 429.916
689.691 413.327
689.976 404.412
690.261 375.658
690.547 380.137
690.832 402.272
691.118 427.108
691.403 442.200
691.688 454.420
691.974 429.977
692.259 429.778
692.544 428.669
692.830 406.733
693.115 405.499
693.401 443.493
693.686 428.414
693.971 395.951
694.257 414.420
694.542 442.571
694.828 421.480
695.113 456.522
695.398 499.441
695.684 492.895
695.969 485.404
696.255 541.886
696.540 550.357
696.834 541.699
697.127 530.936
697.421 498.702
697.715 439.767
698.008 408.135
698.302 419.054
698.596 476.313
698.889 558.028
699.183 635.484
699.477 690.667
699.771 743.577
700.064 772.521
700.358 790.173
700.652 798.476
700.945 809.244
701.239 809.666
701.533 821.281
701.826 853.016
702.120 878.190
702.414 910.985
702.707 919.250
703.001 925.628
703.295 909.296
703.588 903.358
703.882 940.724
704.176 996.758
704.469 1012.878
704.763 1032.127
705.057 1082.254
705.351 1079.181
705.644 1094.004
705.938 1115.372
706.232 1114.545
706.525 1117.692
706.819 1137.292
707.113 1132.981
707.406 1168.098
707.700 1220.634
707.994 1211.619
708.287 1217.211
708.581 1249.237
708.875 1242.101
709.168 1231.904
709.462 1262.032
709.756 1279.917
710.049 1268.329
710.343 1282.414
710.637 1328.847
710.931 1375.562
711.224 1400.504
711.518 1409.040
711.812 1426.416
712.105 1420.680
712.399 1425.383
712.693 1448.415
712.986 1499.378
713.280 1544.509
713.574 1591.052
713.867 1608.872
714.161 1631.251
714.455 1659.240
714.748 1680.601
715.042 1720.145
715.336 1757.400
715.629 1801.554
715.923 1862.301
716.217 1914.444
716.511 1930.350
716.804 1968.522
717.098 2006.369
717.392 2032.211
717.685 2058.465
717.979 2102.694
718.273 2160.187
718.566 2222.396
718.860 2278.690
719.154 2349.795
719.447 2426.699
719.741 2475.941
720.035 2540.612
720.328 2600.193
720.622 2676.928
720.916 2765.399
721.209 2837.344
721.503 2880.866
721.797 2943.636
722.091 2978.995
722.384 3011.310
722.678 3077.480
722.972 3148.556
723.265 3236.179
723.559 3356.322
723.853 3485.803
724.146 3636.476
724.440 3790.273
724.734 3904.835
725.027 3986.257
725.321 4058.396
725.615 4098.171
725.908 4139.097
726.202 4186.418
726.496 4241.204
726.789 4309.780
727.083 4385.756
727.377 4471.582
727.671 4580.412
727.964 4703.588
728.258 4813.177
728.552 4945.245
728.845 5055.759
729.139 5192.236
729.433 5335.872
729.726 5458.779
730.020 5572.662
730.314 5700.596
730.607 5794.848
730.901 5891.325
731.195 6008.824
731.488 6115.600
731.782 6239.368
732.076 6363.678
732.369 6473.915
732.663 6591.047
732.957 6734.482
733.251 6890.399
733.544 7040.947
733.838 7208.940
734.132 7358.533
734.425 7509.497
734.719 7657.457
735.013 7803.470
735.306 7947.042
735.600 8090.209
735.894 8236.205
736.187 8370.727
736.481 8524.641
736.775 8676.788
737.068 8843.490
737.362 9010.632
737.656 9168.969
737.949 9356.795
738.243 9557.179
738.537 9769.834
738.831 9976.462
739.124 10174.989
739.418 10344.529
739.712 10495.674
740.005 10636.716
740.299 10780.667
740.593 10952.601
740.886 11158.481
741.180 11413.608
741.474 11661.068
741.767 11898.745
742.061 12119.601
742.355 12344.378
742.648 12565.205
742.942 12783.628
743.236 13000.451
743.529 13249.475
743.823 13483.264
744.117 13732.755
744.411 14035.438
744.704 14316.311
744.998 14598.135
745.292 14847.229
745.585 15075.532
745.879 15322.948
746.173 15612.798
746.466 15892.057
746.760 16220.112
747.054 16518.549
747.347 16783.752
747.641 17060.084
747.935 17347.112
748.228 17638.899
748.522 17956.956
748.816 18294.777
749.109 18684.115
749.403 19014.067
749.697 19336.734
749.991 19638.504
750.284 19967.840
750.578 20297.626
750.872 20669.554
751.165 21039.836
751.459 21449.133
751.753 21834.441
752.046 22206.757
752.340 22597.607
752.634 22971.713
752.927 23348.436
753.221 23739.980
753.515 24082.603
753.808 24444.870
754.102 24876.777
754.396 25310.069
754.689 25717.116
754.983 26184.068
755.277 26651.215
755.571 27097.841
755.864 27539.451
756.158 27977.568
756.452 28366.467
756.745 28768.794
757.039 29165.685
757.333 29597.725
757.626 30091.994
757.920 30571.218
758.214 31063.181
758.507 31541.098
758.801 31930.956
759.095 32276.531
759.388 32713.387
759.682 33142.076
759.976 33577.588
760.269 34088.400
760.563 34574.144
760.857 34928.329
761.151 35284.041
761.444 35645.440
761.738 35991.645
762.032 36390.964
762.325 36865.159
762.619 37295.963
762.913 37689.095
763.206 38137.443
763.500 38597.396
763.798 38916.795
764.097 39195.677
764.395 39461.757
764.693 39644.029
764.992 39730.823
765.290 39947.605
765.588 40172.323
765.887 40409.071
766.185 40615.938
766.483 40810.789
766.782 40974.230
767.080 41174.163
767.378 41325.680
767.677 41404.027
767.975 41471.925
768.273 41487.656
768.571 41456.307
768.870 41398.911
769.168 41328.760
769.466 41233.901
769.765 41100.902
770.063 40972.724
770.361 40815.127
770.660 40684.454
770.958 40539.104
771.256 40386.740
771.555 40161.674
771.853 39925.405
772.151 39662.336
772.450 39328.143
772.748 39003.599
773.046 38695.716
773.345 38391.916
773.643 38041.154
773.941 37659.173
774.240 37306.361
774.538 36924.250
774.836 36417.201
775.135 35927.398
775.433 35447.223
775.731 34896.455
776.030 34322.077
776.328 33780.110
776.626 33200.600
776.925 32631.480
777.223 32048.640
777.521 31462.586
777.819 30924.349
778.118 30371.793
778.416 29801.980
778.714 29190.826
779.013 28575.156
779.311 27898.315
779.609 27257.770
779.908 26638.348
780.206 26023.420
780.504 25403.147
780.803 24793.487
781.101 24139.379
781.399 23499.201
781.698 22862.975
781.996 22198.009
782.294 21588.227
782.593 21006.850
782.891 20360.204
783.189 19749.402
783.488 19160.911
783.786 18567.532
784.084 18009.688
784.383 17466.156
784.681 16919.162
784.979 16370.009
785.278 15845.640
785.576 15335.455
785.874 14873.349
786.173 14391.038
786.471 13914.262
786.769 13406.149
787.068 12912.327
787.366 12468.323
787.664 12063.785
787.962 11712.449
788.261 11351.491
788.559 10996.199
788.857 10638.333
789.156 10245.239
789.454 9857.973
789.752 9561.771
790.051 9260.930
790.349 8933.014
790.647 8667.160
790.946 8401.252
791.244 8099.916
791.542 7811.797
791.841 7564.002
792.139 7308.403
792.437 7037.581
792.736 6792.178
793.034 6559.138
793.332 6325.163
793.631 6111.150
793.929 5929.562
794.227 5741.739
794.526 5548.351
794.824 5341.933
795.122 5158.029
795.421 4982.964
795.719 4843.177
796.017 4700.867
796.316 4548.195
796.614 4388.242
796.912 4254.888
797.211 4105.640
797.509 3956.428
797.807 3839.403
798.105 3734.105
798.404 3642.871
798.702 3540.531
799.000 3424.906
799.299 3338.410
799.597 3254.022
799.895 3134.198
800.194 3037.519
800.492 2948.309
800.790 2852.436
801.089 2741.492
801.387 2633.861
801.685 2551.901
801.984 2501.437
802.282 2416.882
802.580 2350.735
802.879 2316.858
803.177 2276.872
803.475 2221.695
803.774 2184.781
804.072 2139.536
804.370 2069.761
804.669 1950.901
804.967 1871.128
805.265 1823.076
805.564 1779.013
805.862 1714.770
806.160 1665.038
806.459 1652.506
806.757 1628.812
807.055 1582.061
807.353 1566.333
807.652 1563.192
807.950 1534.536
808.248 1503.672
808.547 1500.261
808.845 1474.112
809.143 1475.719
809.442 1428.685
809.740 1380.915
810.038 1336.492
810.337 1291.384
810.635 1233.350
810.933 1176.337
811.232 1131.517
811.530 1099.863
811.831 1099.478
812.132 1070.790
812.432 1066.850
812.733 1056.527
813.034 1027.731
813.335 940.127
813.636 894.239
813.936 830.344
814.237 766.140
814.538 712.435
814.839 695.662
815.140 662.662
815.440 618.302
815.741 578.753
816.042 549.046
816.343 539.523
816.644 561.566
816.945 590.247
817.245 597.573
817.546 576.477
817.847 573.517
818.148 540.454
818.449 514.617
818.749 503.016
819.050 517.694
819.351 488.889
819.652 451.827
819.953 457.326
820.253 454.265
820.554 433.927
820.855 441.267
821.156 479.678
821.457 457.621
821.757 450.183
822.058 460.828
822.359 463.907
822.660 465.336
822.961 478.656
823.261 459.085
823.562 428.763
823.863 412.732
824.164 366.393
824.465 319.095
824.765 317.439
825.066 342.988
825.367 362.425
825.668 383.002
825.969 414.474
826.269 425.149
826.570 426.791
826.871 434.815
827.172 423.719
827.473 420.169
827.774 413.197
828.074 387.377
828.375 364.849
828.676 364.697
828.977 349.489
829.278 382.224
829.578 425.594
829.879 410.946
830.180 407.238
830.481 408.096
830.782 391.446
831.082 376.809
831.383 394.469
831.684 405.433
831.985 424.422
832.286 424.993
832.586 411.874
832.887 400.832
833.188 412.658
833.489 409.752
833.790 374.947
834.090 359.777
834.391 350.394
834.692 307.445
834.993 287.526
835.294 298.502
835.594 315.456
835.895 297.214
836.196 289.447
836.497 310.942
836.798 331.003
837.099 322.438
837.399 341.505
837.700 360.021
838.001 341.687
838.302 337.050
838.603 364.521
838.903 379.710
839.204 411.790
839.505 446.312
839.806 463.877
840.107 470.584
840.407 493.253
840.708 486.671
841.009 459.350
841.310 428.484
841.611 388.701
841.911 355.970
842.212 350.965
842.513 370.064
842.814 408.152
843.115 417.996
843.415 403.197
843.716 373.139
844.017 349.787
844.318 326.193
844.619 328.843
844.919 367.302
845.220 400.907
845.521 434.524
845.822 458.522
846.123 448.684
846.423 429.812
846.724 426.397
847.025 416.935
847.326 400.351
847.627 431.356
847.928 476.988
848.228 501.033
848.529 502.339
848.830 507.409
849.131 488.891
849.432 440.469
849.732 400.891
850.033 370.344
850.334 362.776
850.635 356.658
850.936 361.738
851.236 373.424
851.537 384.010
851.838 370.468
852.139 350.150
852.440 333.590
852.740 310.479
853.041 327.461
853.342 354.426
853.643 384.577
853.944 419.319
854.244 480.689
854.545 483.088
854.846 468.052
855.147 452.701
855.448 438.429
855.748 402.274
856.049 369.673
856.350 342.284
856.651 349.123
856.952 346.964
857.253 334.004
857.553 324.850
857.854 349.803
858.155 377.564
858.456 378.360
858.757 370.117
859.057 413.687
859.358 409.296
859.659 384.227
859.960 402.845
860.261 423.154
860.561 408.712
860.862 415.427
861.163 420.428
861.464 396.151
861.765 373.433
862.065 358.379
862.366 342.215
862.667 323.508
862.968 327.952
863.269 354.105
863.569 370.500
863.870 387.003
864.171 386.096
864.472 379.809
864.773 372.673
865.073 388.218
865.374 387.532
865.675 377.583
865.976 366.149
866.277 348.882
866.577 335.702
866.878 334.507
867.179 356.396
867.480 372.874
867.781 371.712
868.082 358.028
868.382 349.074
868.683 333.532
868.984 323.921
869.285 336.467
869.586 337.038
869.886 317.132
870.187 335.174
870.488 343.328
870.789 332.092
871.090 336.331
871.390 345.946
871.691 315.919
871.992 299.108
872.293 308.501
872.594 297.428
872.894 286.518
873.195 302.311
873.496 308.524
873.797 293.589
874.098 301.847
874.398 333.970
874.699 341.840
875.000 357.315
875.301 378.603
875.602 353.331
875.902 321.745
876.203 320.526
876.504 320.068
876.805 329.954
877.106 378.992
877.407 382.393
877.707 362.959
878.008 344.463
878.309 330.876
878.610 301.808
878.911 295.904
879.211 292.998
879.512 294.818
879.813 270.173
880.114 250.690
880.415 270.425
880.715 295.552
881.016 310.250
881.317 333.794
881.618 332.288
881.919 317.156
882.219 307.908
882.520 287.908
882.821 259.914
883.122 265.037
883.423 268.726
883.723 281.737
884.024 288.390
884.325 305.460
884.626 324.668
884.927 338.537
885.227 319.158
885.528 302.469
885.829 295.012
886.130 295.680
886.431 290.799
886.731 298.519
887.032 317.213
887.333 348.672
887.634 358.770
887.935 339.207
888.236 337.890
888.536 342.590
888.837 327.653
889.138 319.736
889.439 350.000
889.740 357.237
890.040 350.364
890.341 343.608
890.642 327.983
890.943 304.036
891.244 302.361
891.544 321.178
891.845 358.745
892.146 395.168
892.447 430.372
892.748 420.428
893.048 404.460
893.349 382.328
893.650 361.003
893.951 355.887
894.252 378.723
894.552 388.170
894.853 368.932
895.154 361.373
895.455 340.236
895.756 311.156
896.056 289.639
896.357 274.823
896.658 254.510
896.959 257.981
897.260 283.967
897.561 305.924
897.861 321.783
898.162 333.527
898.463 341.098
898.764 335.050
899.065 324.891
899.365 325.483
899.666 333.842
899.967 326.839
900.268 317.959
900.569 316.780
900.869 319.604
901.170 331.300
901.471 351.757
901.772 376.871
902.073 391.901
902.373 395.217
902.674 377.380
902.975 350.518
903.276 348.306
903.577 370.057
903.877 371.964
904.178 382.590
904.479 390.717
904.780 402.727
905.081 391.690
905.381 385.276
905.682 368.318
905.983 358.230
906.284 324.311
906.585 301.757
906.885 324.347
907.186 362.327
907.487 365.966
907.788 371.223
908.089 383.881
908.390 358.007
908.690 328.151
908.991 335.085
909.292 356.817
909.593 356.141
909.894 371.832
910.194 411.889
910.495 421.925
910.796 390.150
911.097 382.528
911.398 417.698
911.698 442.503
911.999 490.912
912.300 525.347
912.607 538.558
912.915 544.094
913.222 542.483
913.529 507.883
913.837 549.884
914.144 613.529
914.451 636.720
914.759 680.830
915.066 758.173
915.374 775.841
915.681 745.241
915.988 760.438
916.296 770.672
916.603 792.209
916.910 805.467
917.218 849.350
917.525 897.545
917.832 973.094
918.140 982.685
918.447 1016.685
918.754 1116.012
919.062 1163.600
919.369 1151.146
919.677 1210.241
919.984 1271.579
920.291 1249.245
920.599 1212.357
920.906 1216.199
921.213 1198.362
921.521 1181.270
921.828 1216.874
922.135 1278.271
922.443 1334.731
922.750 1378.393
923.057 1396.724
923.365 1398.328
923.672 1408.572
923.980 1410.854
924.287 1421.957
924.594 1464.447
924.902 1496.510
925.209 1538.209
925.516 1560.183
925.824 1588.913
926.131 1613.103
926.438 1648.833
926.746 1633.797
927.053 1652.611
927.360 1664.688
927.668 1682.117
927.975 1698.710
928.283 1753.646
928.590 1806.784
928.897 1846.699
929.205 1838.033
929.512 1832.349
929.819 1817.643
930.127 1751.738
930.434 1720.154
930.741 1736.724
931.049 1764.493
931.356 1793.928
931.663 1840.748
931.971 1860.164
932.278 1860.953
932.586 1861.594
932.893 1879.642
933.200 1895.037
933.508 1947.993
933.815 2000.533
934.122 2010.246
934.430 2019.838
934.737 2033.248
935.044 2021.475
935.352 2012.838
935.659 2036.762
935.966 2030.824
936.274 2005.923
936.581 1995.154
936.889 2014.753
937.196 1982.841
937.503 1964.035
937.811 1981.160
938.118 1964.654
938.425 1942.209
938.733 1954.739
939.040 1952.425
939.347 1953.637
939.655 1990.323
939.962 2021.063
940.269 2052.009
940.577 2067.645
940.884 2065.700
941.191 2060.142
941.499 2034.578
941.806 1991.522
942.114 1971.287
942.421 1978.720
942.728 1993.700
943.036 1998.918
943.343 2009.422
943.650 2027.606
943.958 2012.729
944.265 1946.028
944.572 1891.350
944.880 1856.474
945.187 1804.568
945.494 1769.814
945.802 1796.318
946.109 1790.021
946.417 1773.226
946.724 1774.775
947.031 1747.760
947.339 1717.142
947.646 1728.379
947.953 1719.731
948.261 1703.441
948.568 1701.838
948.875 1657.241
949.183 1588.823
949.490 1525.496
949.797 1504.417
950.105 1493.468
950.412 1504.887
950.720 1534.957
951.027 1528.035
951.334 1507.536
951.642 1502.613
951.949 1444.659
952.256 1407.597
952.564 1438.651
952.871 1431.750
953.178 1424.649
953.486 1413.896
953.793 1389.311
954.100 1352.990
954.408 1346.250
954.715 1298.518
955.023 1310.681
955.330 1260.334
955.637 1195.884
955.945 1134.073
956.252 1089.226
956.559 1030.359
956.867 1005.392
957.174 975.362
957.481 990.488
957.789 1024.945
958.096 995.870
958.403 955.227
958.711 972.653
959.018 922.461
959.326 836.756
959.633 819.176
959.940 818.939
960.248 780.603
960.555 761.102
960.862 735.436
961.170 664.959
961.477 611.897
961.784 574.259
962.092 548.803
962.399 523.759
962.706 558.260
963.014 606.467
963.321 632.303
963.629 651.294
963.936 708.926
964.243 765.687
964.551 762.246
964.858 776.439
965.165 774.702
965.473 677.423
965.780 585.388
966.092 572.293
966.404 535.654
966.716 487.512
967.028 534.501
967.340 588.446
967.652 557.996
967.964 513.300
968.276 487.378
968.588 465.352
968.900 409.925
969.212 412.621
969.524 442.126
969.836 436.943
970.148 413.944
970.460 397.972
970.772 365.746
971.084 347.594
971.396 375.269
971.708 411.279
972.020 419.091
972.332 425.816
972.644 419.077
972.956 399.483
973.268 405.001
973.580 430.087
973.892 432.694
974.204 438.599
974.516 442.340
974.828 391.923
975.140 339.163
975.452 331.672
975.764 317.231
976.076 286.987
976.388 288.807
976.700 293.100
977.012 291.140
977.324 302.541
977.636 325.353
977.948 339.692
978.260 366.123
978.572 364.000
978.884 358.648
979.196 360.782
979.508 325.569
979.820 295.247
980.132 295.485
980.444 283.676
980.756 276.333
981.068 294.066
981.380 307.616
981.692 329.110
982.004 356.949
982.316 340.676
982.628 341.880
982.940 346.271
983.252 326.095
983.564 307.025
983.876 310.634
984.188 305.442
984.500 303.191
984.812 303.033
985.124 320.344
985.436 330.066
985.748 328.362
986.060 339.530
986.372 369.660
986.684 367.056
986.996 358.825
987.308 386.248
987.620 397.702
987.932 386.206
988.244 392.481
988.556 398.092
988.868 388.433
989.180 368.790
989.492 366.302
989.804 360.310
990.116 371.165
990.428 357.941
990.740 343.103
991.052 333.142
991.364 339.082
991.676 345.113
991.988 353.146
992.300 351.992
992.612 339.667
992.924 324.124
993.236 329.933
993.548 343.830
993.860 373.488
994.172 400.675
994.484 408.299
994.796 390.566
995.108 400.183
995.420 427.975
995.732 422.763
996.044 410.896
996.356 402.745
996.668 367.060
996.980 323.021
997.292 328.584
997.604 350.796
997.916 381.364
998.228 415.578
998.540 434.001
998.852 442.936
999.164 423.644
999.476 409.644
999.788 413.362
1000.100 411.246
1000.412 381.532
1000.724 372.620
1001.036 365.549
1001.348 334.339
1001.660 316.540
1001.972 312.600
1002.284 316.334
1002.596 329.006
1002.908 351.798
1003.220 359.485
1003.532 362.808
1003.844 373.045
1004.156 372.504
1004.468 362.660
1004.780 363.070
1005.092 380.416
1005.404 380.019
1005.716 367.055
1006.028 352.333
1006.340 359.367
1006.652 354.197
1006.964 329.003
1007.276 339.820
1007.588 368.912
1007.900 358.890
1008.212 373.285
1008.524 396.157
1008.836 387.548
1009.148 374.003
1009.460 363.068
1009.772 339.066
1010.084 323.459
1010.396 332.544
1010.708 343.215
1011.020 343.496
1011.332 337.176
1011.644 322.931
1011.956 308.122
1012.268 278.766
1012.580 255.792
1012.892 251.920
1013.204 266.141
1013.516 260.672
1013.828 269.526
1014.140 304.520
1014.452 317.855
1014.764 328.156
1015.076 338.941
1015.388 354.716
1015.700 363.900
1016.012 376.888
1016.324 370.352
1016.636 390.257
1016.948 421.205
1017.260 397.647
1017.572 363.301
1017.884 369.963
1018.196 354.429
1018.508 299.317
1018.820 306.049
1019.132 335.495
1019.444 326.652
1019.756 289.902
1020.068 295.544
1020.380 313.579
1020.692 305.795
1021.004 294.170
1021.316 319.922
1021.628 333.664
1021.940 335.793
1022.252 365.618
1022.564 389.330
1022.876 379.456
1023.188 340.426
1023.500 292.872
1023.812 256.880
1024.124 247.247
1024.436 267.266
1024.748 305.994
1025.060 329.064
1025.372 333.914
1025.684 335.776
1025.996 307.979
1026.308 287.427
1026.620 307.338
1026.932 303.629
1027.244 307.950
1027.556 346.046
1027.868 358.335
1028.180 345.903
1028.492 348.650
1028.804 351.685
1029.116 338.269
1029.428 336.557
1029.740 325.501
1030.052 314.214
1030.364 301.247
1030.676 288.731
1030.988 251.556
1031.300 245.125
1031.612 251.567
1031.924 253.960
1032.236 247.387
1032.548 257.790
1032.860 240.716
1033.172 241.353
1033.484 264.870
1033.796 276.386
1034.108 303.464
1034.420 355.753
1034.732 359.763
1035.044 339.173
1035.356 341.982
1035.668 343.790
1035.980 358.599
1036.292 379.606
1036.604 394.813
1036.916 401.820
1037.228 374.426
1037.540 334.232
1037.852 312.637
1038.164 286.842
1038.476 268.046
1038.788 295.249
1039.100 328.853
1039.412 366.455
1039.724 389.857
1040.036 381.259
1040.348 363.060
1040.660 340.261
1040.972 292.461
1041.284 254.060
1041.596 249.059
1041.908 250.058
1042.220 237.056
1042.532 242.053
1042.844 267.650
1043.156 291.647
1043.468 306.042
1043.780 303.638
1044.092 311.433
1044.404 290.027
1044.716 275.821
1045.028 276.614
1045.340 282.207
1045.652 299.599
1045.964 329.990
1046.276 342.782
1046.588 332.172
1046.900 322.162
1047.212 284.352
1047.524 266.941
1047.836 262.329
1048.148 258.117
1048.460 272.704
1048.772 308.491
1049.084 315.277
1049.396 302.662
1049.708 294.848
1050.020 296.232
1050.332 293.416
1050.644 286.399
1050.956 311.982
1051.268 358.364
1051.580 377.946
1051.892 357.527
1052.204 344.108
1052.516 308.688
1052.828 260.667
1053.140 234.446
1053.452 232.624
1053.764 244.202
1054.076 255.179
1054.388 266.556
1054.700 295.132
1055.012 317.307
1055.324 317.482
1055.636 322.256
1055.948 336.830
1056.260 313.203
1056.572 302.575
1056.884 309.347
1057.196 317.318
1057.508 315.689
1057.820 309.659
1058.132 299.828
1058.444 285.397
1058.756 274.565
1059.068 286.933
1059.380 318.100
1059.692 336.867
1060.004 352.632
1060.316 355.398
1060.628 326.962
1060.940 308.126
1061.252 304.090
1061.564 311.452
1061.876 314.415
1062.188 322.976
1062.500 332.737
1062.812 333.697
1063.124 319.257
1063.436 313.016
1063.748 325.975
1064.060 311.732
1064.372 292.290
1064.684 295.246
1064.996 297.202
1065.308 268.757
1065.620 265.112
1065.932 267.866
1066.244 287.819
1066.556 320.972
1066.868 338.324
1067.180 325.876
1067.492 302.226
1067.804 293.777
1068.116 289.126
1068.428 277.075
1068.740 268.223
1069.052 274.571
1069.364 249.518
1069.676 219.664
1069.988 232.009
1070.300 248.954
1070.612 262.699
1070.924 283.042
1071.236 278.185
1071.548 297.927
1071.860 342.269
1072.172 331.610
1072.484 308.950
1072.796 308.690
1073.108 286.829
1073.420 258.167
1073.732 270.704
1074.044 282.841
1074.356 301.778
1074.668 296.513
1074.980 285.248
1075.292 265.782
1075.604 266.915
1075.916 263.448
1076.228 250.380
1076.540 241.312
1076.852 252.042
1077.164 245.172
1077.476 243.902
1077.788 272.630
1078.100 280.758
1078.412 287.885
1078.724 291.212
1079.036 278.338
1079.348 262.063
1079.660 237.187
1079.972 229.311
1080.284 240.234
1080.596 256.556
1080.908 260.677
1081.220 284.598
1081.532 291.718
1081.844 263.638
1082.156 269.556
1082.468 293.474
1082.780 306.191
1083.092 295.308
1083.404 304.224
1083.716 290.939
1084.028 278.253
1084.340 288.566
1084.652 309.479
1084.964 317.991
1085.276 320.703
1085.588 317.413
1085.900 334.323
1086.212 345.232
1086.524 339.140
1086.836 307.448
1087.148 284.955
1087.460 233.061
1087.772 210.767
1088.084 206.471
1088.396 226.375
1088.708 251.478
1089.020 300.181
1089.332 333.082
1089.644 350.383
1089.956 374.683
1090.268 371.982
1090.580 334.081
1090.892 306.179
1091.204 297.076
1091.516 279.572
1091.828 273.868
1092.140 258.362
1092.464 262.256
1092.788 278.749
1093.112 304.442
1093.436 339.533
1093.760 367.624
1094.084 348.114
1094.408 338.404
1094.732 338.492
1095.056 338.580
1095.380 337.067
1095.703 337.753
1096.027 319.638
1096.351 282.323
1096.675 252.607
1096.999 221.890
1097.323 217.372
1097.647 233.453
1097.971 238.934
1098.295 200.414
1098.619 177.093
1098.943 167.171
1099.267 163.048
1099.591 151.725
1099.915 170.400
1100.239 179.875
1100.563 191.950
1100.887 189.623
1101.211 220.696
1101.535 243.367
1101.859 270.238
1102.182 289.708
1102.506 301.978
1102.830 287.646
1103.154 248.314
1103.478 248.580
1103.802 248.846
1104.126 239.712
1104.450 227.376
1104.774 247.440
1105.098 247.102
1105.422 241.364
1105.746 233.825
1106.070 221.685
1106.394 223.945
1106.718 226.403
1107.042 230.461
1107.366 266.518
1107.690 299.574
1108.014 314.629
1108.338 333.484
1108.662 331.537
1108.985 312.990
1109.309 307.442
1109.633 299.293
1109.957 280.943
1110.281 285.392
1110.605 272.241
1110.929 280.289
1111.253 295.535
1111.577 317.581
1111.901 306.826
1112.225 288.271
1112.549 286.314
1112.873 271.357
1113.197 245.198
1113.521 233.239
1113.845 227.279
1114.169 198.518
1114.493 186.956
1114.817 171.394
1115.141 161.030
1115.464 181.066
1115.788 198.701
1116.112 223.335
1116.436 238.568
1116.760 250.600
1117.084 251.432
1117.408 270.862
1117.732 275.492
1118.056 269.921
1118.380 308.749
1118.704 329.576
1119.028 319.602
1119.352 302.827
1119.676 306.052
1120.000 289.075
1120.324 294.898
1120.648 305.920
1120.972 314.341
1121.296 321.561
1121.620 290.580
1121.944 244.999
1122.267 220.616
1122.591 221.833
1122.915 229.049
1123.239 220.863
1123.563 222.877
1123.887 221.691
1124.211 198.703
1124.535 180.314
1124.859 225.325
1125.183 275.934
1125.507 296.743
1125.831 298.351
1126.155 280.958
1126.479 255.164
1126.803 230.569
1127.127 203.574
1127.451 189.377
1127.775 201.180
1128.099 213.782
1128.423 233.583
1128.746 236.783
1129.070 232.982
1129.394 240.980
1129.718 243.577
1130.042 221.774
1130.366 232.770
1130.690 255.364
1131.014 238.558
1131.338 220.751
1131.662 198.943
1131.986 170.735
1132.310 165.725
1132.634 173.715
1132.958 176.703
1133.282 176.691
1133.606 194.078
1133.930 198.664
1134.254 215.449
1134.578 270.633
1134.902 316.817
1135.226 351.999
1135.549 378.981
1135.873 386.562
1136.197 341.542
1136.521 309.921
1136.845 277.099
1137.169 236.876
1137.493 201.053
1137.817 199.028
1138.141 195.203
1138.465 193.577
1138.789 184.150
1139.113 190.722
1139.437 178.693
1139.761 164.864
1140.085 155.433
1140.409 182.402
1140.733 202.970
1141.057 218.337
1141.381 235.503
1141.705 240.868
1142.028 238.433
1142.352 246.797
1142.676 218.759
1143.000 212.721
1143.324 217.082
1143.648 225.243
1143.972 224.602
1144.296 227.361
1144.620 221.518
1144.944 215.875
1145.268 197.831
1145.592 177.787
1145.916 170.941
1146.240 177.695
1146.564 193.447
1146.888 200.199
1147.212 209.950
1147.536 246.701
1147.860 247.850
1148.184 239.399
1148.507 270.347
1148.831 279.294
1149.155 264.440
1149.479 250.185
1149.803 248.730
1150.127 199.874
1150.451 170.817
1150.775 162.559
1151.099 169.900
1151.423 163.441
1151.747 143.581
1152.071 144.720
1152.395 169.458
1152.719 189.995
1153.043 199.132
1153.367 245.868
1153.691 266.803
1154.015 258.338
1154.339 293.671
1154.663 323.804
1154.987 297.936
1155.310 273.467
1155.634 257.598
1155.958 207.528
1156.282 190.057
1156.606 217.585
1156.930 216.113
1157.254 225.240
1157.578 231.766
1157.902 210.691
1158.226 181.016
1158.550 175.940
1158.874 165.663
1159.198 155.186
1159.522 147.708
1159.846 161.829
1160.170 187.149
1160.494 197.269
1160.818 215.388
1161.142 241.106
1161.466 254.824
1161.790 270.741
1162.113 279.857
1162.437 271.173
1162.761 286.688
1163.085 299.802
1163.409 293.116
1163.733 287.429
1164.057 270.741
1164.381 229.453
1164.705 184.164
1165.029 159.274
1165.353 153.584
1165.677 172.493
1166.001 188.002
1166.325 184.910
1166.649 151.217
1166.973 133.524
1167.297 128.430
1167.621 115.336
1167.945 111.041
1168.269 127.945
1168.592 140.649
1168.916 145.152
1169.240 139.455
1169.564 178.357
1169.888 226.259
1170.212 215.360
1170.536 198.460
1170.860 209.360
1171.184 183.860
1171.508 159.359
1171.832 168.857
1172.156 151.755
1172.480 146.253
1172.804 168.350
1173.128 162.246
1173.452 144.742
1173.776 161.838
1174.100 171.333
1174.424 166.627
1174.748 189.121
1175.072 212.015
1175.395 215.509
1175.719 200.201
1176.043 199.694
1176.367 178.986
1176.691 162.078
1177.015 159.969
1177.339 156.260
1177.663 121.550
1177.987 121.840
1178.311 141.730
1178.635 138.819
1178.959 145.308
1179.283 176.997
1179.607 197.686
1179.931 181.374
1180.255 176.861
1180.579 179.349
1180.903 145.236
1181.227 120.523
1181.551 141.609
1181.874 132.496
1182.198 104.182
1182.522 118.067
1182.846 112.353
1183.170 79.638
1183.494 97.523
1183.818 123.408
1184.142 119.893
1184.466 123.178
1184.790 133.862
1185.114 117.946
1185.438 123.230
1185.762 136.314
1186.086 154.797
1186.410 185.281
1186.734 208.164
1187.058 212.448
1187.382 194.531
1187.706 164.414
1188.030 147.097
1188.353 150.580
1188.677 149.663
1189.001 173.746
1189.325 183.028
1189.649 176.311
1189.973 160.194
1190.297 174.877
1190.621 166.159
1190.945 141.042
1191.269 125.525
1191.593 119.808
1191.917 97.291
1192.241 112.973
1192.565 150.256
1192.889 173.940
1193.213 207.023
1193.537 213.106
1193.861 207.190
1194.185 232.873
1194.509 224.957
1194.833 189.241
1195.156 170.925
1195.480 161.409
1195.804 123.693
1196.128 125.178
1196.452 144.863
1196.776 157.148
1197.100 142.033
1197.424 123.319
1197.748 104.805
1198.072 71.291
1198.396 43.377
1198.720 21.664
1199.044 33.151
1199.368 53.439
1199.692 61.726
1200.016 78.215
1200.340 92.303
1200.664 91.592
1200.988 86.681
1201.312 111.771
1201.635 128.061
1201.959 146.352
1202.283 158.043
1202.607 145.735
1202.931 153.827
1203.255 156.920
1203.579 162.013
1203.903 150.506
1204.227 144.401
1204.551 116.096
1204.875 84.591
1205.199 64.087
1205.523 45.783
1205.847 62.881
1206.171 79.979
1206.495 85.677
1206.819 96.976
1207.143 130.476
1207.467 139.177
1207.791 124.478
1208.115 123.780
1208.438 141.883
1208.762 179.587
1209.086 167.291
1209.410 165.996
1209.734 177.302
1210.058 153.209
1210.382 116.317
1210.706 138.825
1211.030 164.735
1211.354 171.245
1211.678 153.156
1212.002 144.068
1212.326 142.181
1212.650 123.095
1212.974 103.410
1213.298 145.926
1213.622 175.244
1213.946 154.162
1214.270 152.081
1214.594 184.201
1214.917 180.922
1215.241 159.645
1215.565 160.568
1215.889 176.493
1216.213 178.018
1216.537 146.345
1216.861 130.073
1217.185 135.203
1217.509 134.133
1217.833 114.265
1218.157 105.198
1218.481 99.132
1218.805 86.268
1219.129 64.404
1219.453 33.743
1219.777 57.482
1220.101 70.623
1220.425 60.565
1220.749 32.309
1221.073 23.254
1221.397 9.800
1221.720 -9.652
1222.044 -13.302
1222.368 18.648
1222.692 45.801
1223.016 40.755
1223.340 46.310
1223.664 62.067
1223.988 55.225
1224.312 69.386
1224.636 73.547
1224.960 62.311
1225.284 61.075
1225.608 81.842
1225.932 75.610
1226.256 92.780
1226.580 131.952
1226.904 142.926
1227.228 133.901
1227.552 118.478
1227.876 105.456
1228.199 87.037
1228.523 75.819
1228.847 65.203
1229.171 78.390
1229.495 82.377
1229.819 92.567
1230.143 96.159
1230.467 105.953
1230.791 106.348
1231.115 92.946
1231.439 85.545
1231.763 79.395
1232.087 67.279
