181.241 14.468
181.495 7.301
181.749 3.601
182.003 0.601
182.257 -0.599
182.511 -1.400
182.765 -4.800
183.019 -5.600
183.273 -0.600
183.528 3.000
183.782 2.200
184.036 5.600
184.290 8.000
184.544 5.600
184.798 5.600
185.052 6.999
185.306 12.199
185.560 20.799
185.814 18.799
186.068 11.799
186.322 10.399
186.576 9.399
186.830 3.599
187.084 -0.401
187.339 4.398
187.593 10.198
187.847 13.598
188.101 17.598
188.355 26.398
188.609 24.398
188.863 20.998
189.117 20.398
189.371 16.998
189.625 12.797
189.879 16.397
190.133 20.997
190.387 25.797
190.641 27.997
190.895 28.997
191.150 22.197
191.404 16.197
191.658 11.997
191.912 10.997
192.166 8.196
192.420 17.796
192.674 27.796
192.928 30.796
193.182 32.596
193.436 39.196
193.690 32.596
193.944 17.996
194.198 13.396
194.452 6.795
194.706 -0.605
194.961 1.595
195.215 6.795
195.469 9.995
195.723 18.795
195.977 20.795
196.231 13.595
196.485 11.795
196.739 6.994
196.993 2.194
197.247 6.994
197.501 16.594
197.755 20.594
198.009 23.194
198.263 22.194
198.517 25.394
198.772 28.194
199.026 26.394
199.280 26.793
199.534 29.393
199.788 26.593
200.042 23.993
200.296 25.793
200.550 25.193
200.804 22.393
201.058 23.793
201.312 30.793
201.566 35.792
201.820 37.392
202.074 41.392
202.328 41.192
202.583 34.992
202.837 32.792
203.091 31.592
203.345 29.192
203.599 24.992
203.853 21.591
204.107 17.191
204.361 20.191
204.615 21.791
204.869 26.191
205.123 33.591
205.377 30.791
205.631 23.391
205.885 17.791
206.139 9.790
206.394 -0.610
206.648 -1.010
206.902 -4.210
207.156 -4.410
207.410 0.990
207.664 2.390
207.918 2.590
208.172 7.790
208.426 10.789
208.680 11.389
208.934 9.989
209.188 10.789
209.442 14.589
209.696 18.189
209.950 9.789
210.205 8.789
210.459 11.788
210.713 7.388
210.967 4.388
211.221 16.388
211.475 22.188
211.729 24.988
211.983 33.188
212.237 38.588
212.491 36.988
212.745 41.387
212.999 40.187
213.253 33.187
213.507 30.587
213.761 26.187
214.016 15.987
214.270 15.587
214.524 22.787
214.778 24.587
215.032 31.186
215.286 40.386
215.540 46.986
215.794 41.786
216.048 34.786
216.302 26.786
216.556 29.786
216.810 22.786
217.064 20.786
217.318 24.385
217.572 23.785
217.827 13.385
218.081 16.585
218.335 19.985
218.589 16.785
218.843 16.585
219.097 18.185
219.351 10.184
219.605 2.784
219.859 3.184
220.113 6.584
220.367 8.784
220.621 14.184
220.875 18.184
221.129 25.584
221.383 26.384
221.638 23.583
221.892 23.783
222.146 32.583
222.400 31.183
222.654 31.783
222.908 37.383
223.162 35.983
223.416 20.183
223.670 10.782
223.924 9.982
224.178 3.382
224.432 6.382
224.686 16.982
224.940 26.182
225.195 25.582
225.449 23.982
225.703 19.182
225.957 18.981
226.211 22.181
226.465 23.781
226.719 28.781
226.973 35.581
227.227 31.981
227.481 21.981
227.735 19.181
227.989 14.380
228.243 8.180
228.497 9.580
228.751 10.980
229.006 9.380
229.260 11.180
229.514 14.180
229.768 16.180
230.022 24.979
230.276 32.179
230.530 34.379
230.784 28.179
231.038 25.779
231.292 19.379
231.546 15.179
231.800 23.579
232.054 35.178
232.308 44.178
232.562 47.378
232.817 47.578
233.071 37.978
233.325 27.778
233.579 16.378
233.833 12.378
234.087 12.978
234.341 18.377
234.595 22.977
234.849 26.577
235.103 23.577
235.357 20.177
235.611 13.777
235.865 11.577
236.119 8.177
236.373 13.976
236.628 22.576
236.882 27.776
237.136 33.576
237.390 38.776
237.644 36.376
237.898 29.176
238.152 28.776
238.406 25.375
238.660 29.575
238.914 33.775
239.168 41.175
239.422 45.975
239.676 49.975
239.930 46.775
240.184 47.375
240.439 40.774
240.693 32.174
240.947 23.374
241.201 17.774
241.455 15.774
241.709 20.574
241.963 27.574
242.217 32.174
242.471 31.973
242.725 28.773
242.979 24.373
243.233 18.773
243.487 18.373
243.741 27.173
243.995 31.773
244.250 32.773
244.504 38.572
244.758 44.372
245.012 39.572
245.266 35.772
245.520 39.172
245.774 32.772
246.028 19.972
246.282 15.372
246.536 13.971
246.790 9.571
247.044 15.171
247.298 18.371
247.552 17.571
247.806 16.171
248.061 14.371
248.315 10.371
248.569 14.370
248.823 19.370
249.077 28.170
249.331 27.770
249.585 19.170
249.839 14.970
250.093 16.170
250.347 11.169
250.601 9.769
250.855 9.569
251.109 4.769
251.363 -1.831
251.617 -1.031
251.872 7.769
252.126 20.769
252.380 32.768
252.634 34.968
252.888 26.368
253.142 12.968
253.396 8.368
253.650 11.768
253.904 16.768
254.159 28.368
254.413 40.567
254.667 40.567
254.922 35.567
255.176 34.167
255.431 31.567
255.685 31.367
255.939 36.167
256.194 36.966
256.448 33.766
256.702 29.766
256.957 26.366
257.211 19.366
257.465 14.966
257.720 16.966
257.974 21.366
258.228 20.165
258.483 22.565
258.737 24.765
258.992 25.165
259.246 27.965
259.500 33.365
259.755 34.965
260.009 33.164
260.263 36.364
260.518 35.964
260.772 35.764
261.026 38.964
261.281 45.564
261.535 40.364
261.789 29.964
262.044 30.363
262.298 25.963
262.553 21.163
262.807 22.163
263.061 25.963
263.316 23.563
263.570 26.763
263.824 28.762
264.079 30.762
264.333 30.562
264.587 24.362
264.842 11.762
265.096 5.562
265.351 7.562
265.605 15.362
265.859 23.961
266.114 35.361
266.368 39.761
266.622 37.161
266.877 31.561
267.131 21.361
267.385 13.761
267.640 13.560
267.894 15.760
268.148 17.360
268.403 20.360
268.657 26.760
268.912 29.560
269.166 34.160
269.420 34.759
269.675 36.759
269.929 33.759
270.183 26.759
270.438 22.959
270.692 20.959
270.946 22.959
271.201 26.559
271.455 32.358
271.709 33.358
271.964 37.758
272.218 38.558
272.473 32.358
272.727 26.358
272.981 20.758
273.236 25.157
273.490 31.557
273.744 36.157
273.999 41.557
274.253 48.557
274.507 39.357
274.762 33.357
275.016 37.556
275.271 38.556
275.525 34.556
275.779 37.356
276.034 33.756
276.288 33.756
276.542 31.756
276.797 28.555
277.051 26.355
277.305 22.355
277.560 16.355
277.814 12.955
278.068 9.755
278.323 9.755
278.577 15.354
278.832 17.754
279.086 16.354
279.340 15.754
279.595 10.554
279.849 3.754
280.103 0.754
280.358 3.353
280.612 13.353
280.866 22.953
281.121 32.953
281.375 44.753
281.629 51.553
281.884 50.353
282.138 48.752
282.393 47.152
282.647 41.152
282.901 42.752
283.156 46.952
283.410 45.752
283.664 48.752
283.919 50.551
284.173 40.751
284.427 30.551
284.682 28.551
284.936 21.751
285.191 15.951
285.445 22.751
285.699 32.350
285.954 38.550
286.208 44.550
286.462 46.550
286.717 44.950
286.971 37.950
287.225 34.950
287.480 34.749
287.734 32.949
287.988 34.749
288.243 39.949
288.497 41.949
288.752 36.549
289.006 36.149
289.260 27.548
289.515 19.748
289.769 13.748
290.023 12.748
290.278 13.748
290.532 23.948
290.786 31.948
291.041 33.147
291.295 36.947
291.549 42.747
291.804 37.947
292.058 29.547
292.313 27.947
292.567 22.946
292.821 17.546
293.076 20.346
293.330 24.946
293.584 24.346
293.839 24.946
294.093 24.346
294.347 20.945
294.602 15.145
294.856 15.745
295.111 21.345
295.365 27.345
295.619 31.945
295.874 37.145
296.128 33.744
296.382 25.944
296.637 17.144
296.891 14.144
297.145 10.744
297.400 13.144
297.654 21.743
297.908 27.343
298.163 21.543
298.417 26.343
298.672 30.143
298.926 24.143
299.180 21.543
299.435 28.142
299.689 29.742
299.943 29.742
300.198 30.342
300.452 33.542
300.706 38.942
300.961 42.341
301.215 45.741
301.469 47.741
301.724 45.341
301.978 39.341
302.233 30.341
302.487 22.141
302.741 27.540
302.996 35.340
303.250 39.140
303.504 47.140
303.759 53.140
304.013 48.140
304.267 42.739
304.522 38.139
304.776 32.939
305.031 31.339
305.285 27.739
305.539 26.939
305.794 31.339
306.048 32.538
306.302 30.938
306.557 32.138
306.811 31.338
307.065 25.938
307.320 22.738
307.574 25.537
307.828 33.337
308.083 35.537
308.337 36.137
308.592 33.737
308.846 26.737
309.100 20.937
309.355 14.336
309.609 13.336
309.863 20.736
310.118 32.936
310.372 34.936
310.626 37.736
310.881 38.935
311.135 36.935
311.389 34.335
311.644 31.535
311.898 31.335
312.153 31.135
312.407 32.334
312.661 30.734
312.916 31.934
313.170 32.934
313.429 32.734
313.688 35.734
313.947 33.133
314.206 29.333
314.465 33.733
314.724 37.133
314.983 30.533
315.242 30.333
315.501 30.133
315.760 23.332
316.019 23.932
316.278 28.132
316.536 29.132
316.795 29.932
317.054 29.532
317.313 26.531
317.572 29.131
317.831 35.731
318.090 38.731
318.349 42.531
318.608 43.331
318.867 34.730
319.126 26.330
319.385 31.330
319.644 33.330
319.903 33.130
320.162 43.730
320.421 52.529
320.680 48.129
320.939 47.929
321.198 53.529
321.457 48.529
321.716 39.329
321.975 37.928
322.234 33.528
322.493 25.328
322.752 24.528
323.010 24.528
323.269 22.328
323.528 20.927
323.787 18.927
324.046 20.327
324.305 23.127
324.564 22.127
324.823 22.327
325.082 28.926
325.341 28.126
325.600 34.126
325.859 41.726
326.118 42.726
326.377 42.126
326.636 39.925
326.895 34.525
327.154 34.725
327.413 38.725
327.672 38.325
327.931 42.925
328.190 47.524
328.449 43.124
328.708 45.124
328.967 42.924
329.226 35.724
329.485 33.924
329.743 36.323
330.002 27.923
330.261 29.323
330.520 35.723
330.779 30.923
331.038 31.923
331.297 34.922
331.556 26.922
331.815 20.322
332.074 17.722
332.333 9.322
332.592 14.522
332.851 18.521
333.110 20.321
333.369 23.921
333.628 25.521
333.887 17.721
334.146 15.121
334.405 14.920
334.664 21.520
334.923 28.720
335.182 34.720
335.441 41.320
335.700 46.720
335.959 44.519
336.217 38.919
336.476 33.119
336.735 31.119
336.994 28.119
337.253 24.918
337.512 30.718
337.771 36.718
338.030 36.718
338.289 37.918
338.548 44.318
338.807 42.917
339.066 38.717
339.325 38.517
339.584 37.117
339.843 27.717
340.102 26.917
340.361 30.916
340.620 38.916
340.879 37.916
341.138 40.316
341.397 42.516
341.656 38.515
341.915 29.715
342.174 32.915
342.433 39.115
342.691 35.715
342.950 32.915
343.209 36.914
343.468 39.314
343.727 35.314
343.986 29.714
344.245 30.914
344.504 30.914
344.763 28.113
345.022 27.313
345.281 34.713
345.540 38.313
345.799 37.713
346.058 35.312
346.317 35.912
346.576 35.912
346.835 30.312
347.094 27.512
347.353 25.512
347.612 20.311
347.871 17.711
348.130 21.511
348.389 24.311
348.648 27.911
348.907 29.310
349.166 28.910
349.424 31.310
349.683 29.710
349.942 25.510
350.201 28.510
350.460 32.309
350.719 29.109
350.978 32.709
351.237 36.109
351.496 28.309
351.755 16.308
352.014 16.308
352.273 15.508
352.532 16.108
352.791 25.708
353.050 34.308
353.309 32.307
353.568 24.707
353.827 21.107
354.086 12.107
354.345 10.507
354.604 14.706
354.863 22.706
355.122 33.306
355.381 46.506
355.640 50.906
355.898 54.306
356.157 51.305
356.416 43.705
356.675 36.505
356.934 34.105
357.193 35.505
357.452 34.104
357.711 31.104
357.970 36.704
358.229 42.504
358.488 38.104
358.747 38.903
359.006 39.703
359.265 29.503
359.524 15.703
359.783 16.503
360.042 21.503
360.301 21.302
360.560 26.902
360.819 40.902
361.078 40.502
361.337 35.502
361.596 39.701
361.855 38.301
362.114 31.501
362.372 30.501
362.631 35.101
362.890 33.300
363.149 32.700
363.408 37.500
363.667 37.100
363.926 34.300
364.185 33.499
364.444 32.699
364.703 28.299
364.962 30.499
365.221 36.899
365.480 38.299
365.741 38.898
366.002 40.898
366.264 42.098
366.525 39.498
366.786 39.698
367.047 39.297
367.308 38.297
367.570 34.897
367.831 30.297
368.092 25.097
368.353 28.496
368.614 29.296
368.876 25.696
369.137 20.496
369.398 26.296
369.659 29.695
369.920 25.295
370.182 28.695
370.443 34.895
370.704 36.095
370.965 34.494
371.226 44.494
371.488 47.894
371.749 50.294
372.010 49.094
372.271 45.693
372.532 40.093
372.794 40.293
373.055 39.693
373.316 44.693
373.577 52.692
373.838 64.292
374.100 73.092
374.361 79.892
374.622 76.492
374.883 69.891
375.144 64.291
375.406 61.691
375.667 61.691
375.928 69.491
376.189 78.490
376.450 76.490
376.712 72.290
376.973 73.090
377.234 73.490
377.495 77.489
377.756 92.689
378.018 110.489
378.279 120.689
378.540 129.089
378.801 130.688
379.062 133.288
379.324 131.688
379.585 132.088
379.846 140.888
380.107 157.687
380.368 164.687
380.630 175.487
380.891 194.287
381.152 213.887
381.413 233.686
381.674 256.486
381.936 281.086
382.197 304.086
382.458 320.686
382.719 338.085
382.980 364.685
383.242 392.285
383.503 421.085
383.764 455.685
384.025 495.684
384.286 535.284
384.548 571.484
384.809 612.884
385.070 655.884
385.331 698.283
385.592 744.283
385.854 806.283
386.115 866.883
386.376 931.883
386.637 1004.082
386.898 1073.082
387.160 1143.282
387.421 1223.882
387.682 1303.681
387.943 1390.881
388.204 1494.281
388.466 1612.081
388.727 1731.481
388.988 1858.280
389.249 1989.680
389.510 2122.080
389.772 2253.680
390.033 2403.680
390.294 2573.079
390.555 2745.679
390.816 2939.879
391.078 3143.479
391.339 3350.479
391.600 3564.678
391.861 3795.078
392.122 4032.878
392.384 4276.478
392.645 4533.877
392.906 4796.877
393.167 5072.077
393.428 5372.877
393.690 5693.877
393.951 6037.476
394.212 6410.476
394.473 6817.476
394.734 7232.076
394.996 7657.476
395.257 8095.675
395.518 8572.675
395.779 9078.875
396.040 9607.675
396.302 10185.074
396.563 10812.074
396.824 11453.274
397.085 12119.874
397.346 12827.074
397.608 13576.473
397.869 14360.673
398.130 15197.073
398.391 16088.273
398.652 17045.073
398.914 18064.072
399.175 19118.272
399.436 20201.072
399.697 21307.672
399.958 22438.871
400.220 23604.071
400.481 24829.671
400.742 26108.271
401.003 27394.071
401.264 28666.670
401.526 29938.070
401.787 31183.870
402.048 32378.670
402.309 33572.669
402.570 34765.869
402.832 35878.869
403.093 36923.069
403.354 37911.669
403.615 38793.468
403.876 39540.468
404.138 40192.468
404.399 40728.468
404.660 41136.867
404.931 41387.067
405.202 41503.667
405.473 41456.467
405.745 41289.067
406.016 40996.666
406.287 40605.866
406.558 40096.666
406.829 39494.666
407.100 38774.865
407.371 37956.665
407.642 37053.065
407.914 36099.865
408.185 35082.865
408.456 34019.064
408.727 32911.864
408.998 31798.064
409.269 30639.464
409.540 29519.663
409.811 28418.263
410.083 27333.463
410.354 26285.063
410.625 25310.262
410.896 24338.862
411.167 23411.462
411.438 22530.062
411.709 21687.662
411.981 20908.861
412.252 20187.861
412.523 19510.461
412.794 18879.261
413.065 18277.860
413.336 17692.460
413.607 17152.860
413.878 16634.060
414.150 16163.460
414.421 15718.459
414.692 15293.259
414.963 14902.859
415.234 14530.059
415.505 14150.058
415.776 13787.258
416.047 13430.658
416.319 13046.658
416.590 12673.057
416.861 12312.657
417.132 11963.857
417.403 11611.457
417.674 11245.256
417.945 10872.256
418.217 10512.856
418.488 10129.456
418.759 9755.056
419.030 9415.655
419.301 9082.855
419.572 8739.655
419.843 8426.055
420.114 8118.654
420.386 7814.054
420.657 7516.054
420.928 7223.254
421.199 6924.453
421.470 6642.453
421.741 6366.253
422.012 6096.053
422.283 5848.252
422.555 5611.652
422.826 5386.452
423.097 5176.252
423.368 4979.452
423.639 4781.851
423.910 4594.651
424.181 4422.651
424.453 4259.651
424.724 4103.450
424.995 3954.650
425.266 3824.850
425.537 3709.450
425.808 3601.449
426.079 3493.049
426.350 3393.649
426.622 3299.249
426.893 3193.248
427.164 3089.048
427.435 2999.248
427.706 2915.648
427.977 2834.847
428.248 2755.847
428.519 2674.447
428.791 2597.647
429.062 2524.446
429.333 2448.446
429.604 2371.446
429.875 2302.846
430.146 2232.245
430.417 2158.045
430.689 2093.045
430.960 2032.445
431.231 1969.844
431.502 1914.244
431.773 1852.444
432.044 1783.644
432.315 1723.044
432.586 1670.843
432.858 1611.243
433.129 1558.643
433.400 1514.843
433.671 1464.042
433.942 1409.242
434.213 1361.442
434.484 1314.242
434.755 1259.841
435.027 1208.041
435.298 1156.241
435.569 1107.441
435.840 1075.840
436.114 1043.640
436.388 1009.840
436.663 978.040
436.937 939.239
437.211 891.639
437.485 855.839
437.759 823.239
438.034 791.838
438.308 767.838
438.582 744.238
438.856 716.038
439.130 695.037
439.405 674.037
439.679 654.637
439.953 632.436
440.227 611.836
440.501 593.636
440.776 569.636
441.050 552.635
441.324 541.835
441.598 529.635
441.872 504.635
442.147 491.634
442.421 478.034
442.695 459.234
442.969 439.834
443.244 431.633
443.518 421.833
443.792 411.633
444.066 407.833
444.340 404.432
444.615 399.232
444.889 386.232
445.163 374.032
445.437 358.231
445.711 343.231
445.986 328.631
446.260 322.631
446.534 306.030
446.808 295.230
447.082 295.230
447.357 290.030
447.631 278.229
447.905 276.229
448.179 274.629
448.453 264.628
448.728 254.628
449.002 243.028
449.276 230.028
449.550 218.227
449.824 204.799
450.099 199.474
450.373 204.278
450.647 208.882
450.921 206.483
451.195 207.877
451.470 201.753
451.744 189.536
452.018 183.167
452.292 177.616
452.566 171.713
452.841 166.632
453.115 162.323
453.389 155.668
453.663 150.407
453.937 147.304
454.212 146.797
454.486 148.478
454.760 139.611
455.034 127.840
455.308 114.469
455.583 107.967
455.857 97.345
456.131 93.609
456.405 101.583
456.680 108.614
456.954 107.092
457.228 112.015
457.502 114.927
457.776 110.650
458.051 106.196
458.325 105.433
458.599 100.349
458.873 97.116
459.147 91.868
459.422 88.770
459.696 88.809
459.970 85.558
460.244 82.644
460.518 87.819
460.793 89.458
461.067 85.187
461.341 85.838
461.615 89.827
461.889 94.055
462.164 89.793
462.438 85.135
462.712 79.266
462.986 75.197
463.260 64.027
463.535 59.523
463.809 65.549
464.083 73.747
464.357 75.016
464.631 75.286
464.906 87.698
465.180 87.134
465.454 81.624
465.728 77.889
466.002 78.532
466.277 75.049
466.551 78.399
466.825 78.072
467.099 74.517
467.373 68.363
467.648 57.937
467.922 45.288
468.196 44.304
468.470 45.933
468.744 49.394
469.019 54.867
469.293 56.716
469.567 59.769
469.841 67.920
470.116 74.403
470.390 80.699
470.664 87.978
470.938 89.019
471.212 87.129
471.487 82.059
471.761 70.314
472.035 62.207
472.309 54.694
472.583 47.647
472.858 41.578
473.132 46.812
473.406 50.207
473.680 51.417
473.954 55.425
474.229 55.989
474.503 56.926
474.777 61.103
475.051 66.264
475.325 69.200
475.600 72.567
475.874 66.309
476.148 58.444
476.422 53.383
476.696 40.924
476.971 37.881
477.245 34.465
477.519 29.850
477.793 23.837
478.067 26.374
478.342 27.463
478.616 30.982
478.890 35.682
479.164 39.593
479.438 39.553
479.713 36.194
479.987 34.970
480.261 33.552
480.535 38.018
480.809 46.368
481.084 48.472
481.358 53.500
481.632 58.324
481.906 56.302
482.180 48.857
482.455 47.652
482.729 48.758
483.003 51.634
483.277 51.227
483.551 48.884
483.826 51.002
484.100 43.426
484.374 29.263
484.648 27.503
484.923 27.294
485.197 27.267
485.471 32.087
485.745 40.791
486.019 42.525
486.294 43.491
486.568 46.583
486.842 47.366
487.116 42.908
487.390 39.421
487.665 41.355
487.939 41.378
488.213 39.250
488.487 47.395
488.761 56.118
489.036 56.723
489.310 53.652
489.584 51.938
489.858 39.937
490.132 30.852
490.407 32.034
490.681 37.694
490.955 43.751
491.229 47.254
491.503 47.658
491.778 44.964
492.052 35.252
492.326 31.179
492.600 33.539
492.874 34.141
493.149 39.629
493.423 50.211
493.697 53.773
493.971 55.563
494.245 53.430
494.520 48.580
494.794 33.710
495.068 27.258
495.342 28.265
495.616 30.834
495.891 36.138
496.165 50.509
496.439 56.642
496.713 60.219
496.987 61.414
497.262 51.798
497.536 39.204
497.810 36.248
498.084 33.871
498.359 35.061
498.633 40.982
498.907 43.748
499.181 41.200
499.455 40.036
499.730 38.852
500.004 39.640
500.278 41.417
500.552 38.653
500.826 35.302
501.101 30.966
501.375 21.895
501.649 18.348
501.923 22.510
502.197 29.241
502.472 36.765
502.746 42.510
503.020 44.284
503.294 40.328
503.568 33.607
503.843 29.459
504.117 25.895
504.391 25.311
504.665 25.904
504.939 21.548
505.214 16.791
505.488 20.744
505.762 26.070
506.036 27.837
506.310 35.729
506.585 43.623
506.859 45.197
507.133 39.062
507.407 33.729
507.681 24.645
507.956 16.938
508.230 18.850
508.504 18.630
508.778 26.475
509.052 40.185
509.327 45.245
509.601 38.537
509.875 47.884
510.149 51.488
510.423 46.500
510.698 43.923
510.972 44.860
511.246 38.921
511.520 31.692
511.795 25.458
512.069 35.421
512.343 45.728
512.617 48.351
512.891 51.358
513.166 53.815
513.440 45.865
513.714 34.141
513.988 28.174
514.262 27.729
514.537 31.467
514.811 29.903
515.085 30.258
515.359 32.316
515.633 32.836
515.908 29.597
516.182 28.451
516.456 29.947
516.730 29.942
517.004 32.782
517.279 35.240
517.553 32.416
517.827 33.553
518.101 33.558
518.375 22.415
518.650 18.465
518.924 22.629
519.198 24.365
519.472 27.223
519.746 27.603
520.021 31.221
520.295 34.288
520.569 36.031
520.843 38.558
521.117 48.094
521.392 47.179
521.666 48.547
521.940 50.889
522.214 51.134
522.488 53.302
522.763 53.158
523.037 48.612
523.311 41.568
523.585 31.434
523.859 21.669
524.134 14.566
524.408 14.398
524.682 20.618
524.956 27.595
525.231 28.774
525.505 37.688
525.779 42.562
526.053 31.928
526.327 30.023
526.602 32.945
526.876 28.123
527.150 24.078
527.424 28.959
527.698 33.683
527.973 36.645
528.247 44.660
528.521 51.728
528.795 52.534
529.069 49.045
529.344 44.970
529.618 34.432
529.892 22.891
530.166 18.984
530.440 16.644
530.715 19.613
530.989 25.127
531.263 31.831
531.537 31.249
531.811 30.475
532.086 27.143
532.360 23.215
532.634 19.484
532.908 26.411
533.182 34.940
533.457 38.726
533.731 42.095
534.005 46.856
534.279 44.488
534.553 31.617
534.828 27.261
535.102 29.065
535.376 33.462
535.650 41.212
535.924 49.149
536.199 53.324
536.473 53.712
536.747 46.760
537.021 36.049
537.295 28.707
537.570 22.944
537.844 21.173
538.118 17.992
538.392 15.607
538.666 20.368
538.941 23.140
539.215 22.333
539.489 25.296
539.763 27.075
540.038 25.880
540.312 25.280
540.586 28.046
540.860 31.808
541.134 36.956
541.409 41.290
541.683 43.065
541.957 40.280
542.231 31.563
542.505 27.984
542.780 28.379
543.054 26.775
543.328 26.762
543.602 33.064
543.876 40.346
544.151 41.884
544.425 41.292
544.699 36.359
544.973 33.197
545.247 26.093
545.522 18.802
545.796 19.372
546.070 28.800
546.351 34.896
546.632 36.469
546.912 34.893
547.193 36.266
547.474 29.183
547.755 23.656
548.036 21.476
548.317 19.711
548.597 20.676
548.878 23.418
549.159 22.821
549.440 23.991
549.721 32.601
550.001 37.485
550.282 36.305
550.563 34.156
550.844 33.760
551.125 31.405
551.406 23.181
551.686 24.935
551.967 31.571
552.248 32.346
552.529 35.074
552.810 34.675
553.090 30.765
553.371 30.773
553.652 34.093
553.933 30.577
554.214 34.894
554.495 38.621
554.775 39.412
555.056 34.149
555.337 29.072
555.618 21.440
555.899 18.107
556.179 18.508
556.460 19.091
556.741 25.156
557.022 30.635
557.303 30.442
557.584 23.199
557.864 24.193
558.145 22.450
558.426 16.976
558.707 15.419
558.988 13.854
559.268 4.807
559.549 2.461
559.830 3.447
560.111 5.810
560.392 4.036
560.673 7.586
560.953 10.345
561.234 16.064
561.515 23.190
561.796 33.465
562.077 41.179
562.357 41.001
562.638 38.862
562.919 31.572
563.200 27.268
563.481 23.138
563.762 22.769
564.042 20.797
564.323 20.808
564.604 15.628
564.885 14.629
565.166 16.614
565.446 18.999
565.727 18.792
566.008 24.363
566.289 25.756
566.570 15.208
566.851 5.045
567.131 0.262
567.412 -7.112
567.693 -7.680
567.974 0.727
568.255 11.556
568.535 23.218
568.816 39.526
569.097 47.581
569.378 47.571
569.659 46.143
569.940 46.691
570.220 43.197
570.501 40.938
570.782 43.934
571.063 44.535
571.344 36.332
571.624 32.566
571.905 28.194
572.186 21.789
572.467 22.445
572.748 25.315
573.029 28.848
573.309 32.545
573.590 29.501
573.871 22.215
574.152 25.072
574.433 23.232
574.713 23.814
574.994 30.499
575.275 41.818
575.556 36.511
575.837 24.950
576.118 17.852
576.398 18.058
576.679 10.186
576.960 12.438
577.245 22.585
577.531 24.233
577.816 23.661
578.102 27.351
578.387 25.753
578.672 26.006
578.958 29.064
579.243 29.452
579.529 32.854
579.814 35.023
580.099 31.460
580.385 26.534
580.670 23.050
580.956 19.697
581.241 16.623
581.526 12.400
581.812 13.980
582.097 18.563
582.382 18.164
582.668 15.782
582.953 15.185
583.239 11.409
583.524 5.434
583.809 3.789
584.095 10.434
584.380 20.182
584.666 29.132
584.951 38.251
585.236 46.336
585.522 49.754
585.807 43.694
586.093 38.831
586.378 38.070
586.663 34.210
586.949 26.269
587.234 24.908
587.520 28.001
587.805 19.837
588.090 6.647
588.376 4.703
588.661 8.179
588.947 4.878
589.232 6.037
589.517 13.004
589.803 16.482
590.088 15.896
590.374 13.958
590.659 9.323
590.944 8.161
591.230 8.354
591.515 8.546
591.800 11.630
592.086 15.490
592.371 15.682
592.657 18.566
592.942 21.255
593.227 28.957
593.513 45.142
593.798 54.957
594.084 48.783
594.369 38.175
594.654 27.961
594.940 17.171
595.225 20.071
595.511 32.016
595.796 43.370
596.081 44.521
596.367 44.894
596.652 37.361
596.938 23.489
597.223 13.488
597.508 14.829
597.794 13.290
598.079 12.339
598.365 19.832
598.650 25.406
598.935 23.294
599.221 23.486
599.506 20.983
599.792 19.451
600.077 22.339
600.362 23.114
600.648 21.963
600.933 22.348
601.218 21.005
601.504 19.086
601.789 20.049
602.075 24.291
602.360 22.558
602.645 20.056
602.931 23.521
603.216 26.417
603.502 24.875
603.787 29.898
604.072 34.340
604.358 37.466
604.643 41.719
604.929 42.310
605.214 44.635
605.499 41.548
605.785 31.501
606.070 30.759
606.356 34.263
606.641 34.676
606.926 40.885
607.212 44.575
607.497 35.675
607.783 21.333
608.068 9.889
608.353 -1.361
608.639 -7.571
608.924 -6.787
609.210 0.222
609.495 6.853
609.780 15.827
610.066 22.275
610.351 21.893
610.636 18.966
610.922 14.473
611.207 14.302
611.493 14.717
611.778 15.903
612.063 19.044
612.349 21.993
612.634 23.395
612.920 27.536
613.205 29.122
613.490 26.573
613.776 22.242
614.061 14.367
614.347 4.930
614.632 5.728
614.917 10.479
615.203 15.621
615.488 21.368
615.774 26.922
616.059 25.366
616.344 19.429
616.630 18.449
616.915 19.658
617.201 25.654
617.486 29.044
617.771 29.840
618.057 29.449
618.342 25.084
618.627 9.951
618.913 2.189
619.198 5.977
619.484 10.383
619.769 13.587
620.054 17.781
620.340 18.781
620.625 23.812
620.911 27.833
621.196 31.871
621.481 34.683
621.767 30.665
622.052 16.421
622.338 7.207
622.623 -0.822
622.908 -7.855
623.194 -6.050
623.479 1.798
623.765 9.472
624.050 12.504
624.335 19.561
624.621 26.425
624.906 28.455
625.192 30.080
625.477 37.584
625.762 43.883
626.048 47.951
626.333 50.189
626.619 41.913
626.904 34.442
627.189 29.602
627.475 19.060
627.760 7.487
628.045 4.442
628.331 -1.661
628.616 -7.359
628.902 -4.506
629.187 -1.658
629.472 -1.454
629.758 7.291
630.043 16.012
630.329 16.805
630.614 20.452
630.899 21.461
631.185 21.349
631.470 18.408
631.756 24.519
632.041 27.051
632.326 35.117
632.612 38.671
632.897 41.081
633.183 36.810
633.468 30.326
633.753 19.154
634.039 10.111
634.324 8.580
634.610 12.458
634.895 25.153
635.180 35.553
635.466 35.325
635.751 32.014
636.037 28.499
636.322 23.468
636.607 17.962
636.893 17.750
637.178 17.870
637.463 18.162
637.749 12.425
638.034 12.027
638.320 16.365
638.605 15.237
638.890 14.648
639.176 19.534
639.461 24.571
639.747 25.803
640.032 30.843
640.317 34.246
640.603 34.769
640.888 28.450
641.174 23.935
641.459 20.331
641.744 19.796
642.030 23.419
642.315 25.774
642.601 26.871
642.886 27.428
643.171 23.478
643.457 17.351
643.742 17.001
644.028 15.013
644.313 10.119
644.598 12.329
644.884 10.520
645.169 7.792
645.455 8.354
645.740 10.185
646.025 7.100
646.311 7.291
646.596 8.581
646.881 15.613
647.167 25.060
647.452 28.225
647.738 33.802
648.023 37.525
648.308 34.982
648.594 30.582
648.879 21.299
649.165 15.553
649.450 17.081
649.735 16.931
650.021 12.846
650.306 14.885
650.592 11.512
650.877 3.277
651.162 -2.890
651.448 -4.761
651.733 0.141
652.019 5.041
652.304 6.166
652.589 5.978
652.875 4.841
653.160 4.289
653.446 4.687
653.731 10.589
654.016 17.064
654.302 22.981
654.587 20.128
654.873 18.612
655.158 21.524
655.443 16.967
655.729 12.963
656.014 16.427
656.299 20.677
656.585 20.339
656.870 24.597
657.156 22.477
657.441 11.468
657.726 2.586
658.012 -1.830
658.297 0.140
658.583 9.851
658.868 15.642
659.153 16.794
659.439 23.048
659.724 15.291
660.010 4.595
660.295 9.470
660.580 13.569
660.866 7.352
661.151 10.882
661.437 13.616
661.722 14.415
662.007 12.264
662.293 9.324
662.578 6.192
662.864 8.360
663.149 8.571
663.434 9.558
663.720 10.943
664.005 18.059
664.290 29.363
664.576 33.945
664.861 33.949
665.147 29.789
665.432 22.480
665.717 9.016
666.003 4.270
666.288 7.055
666.574 11.429
666.859 12.825
667.144 13.225
667.430 14.626
667.715 10.449
668.001 2.070
668.286 0.277
668.571 2.281
668.857 -1.898
669.142 1.300
669.428 8.487
669.713 11.290
669.998 12.699
670.284 14.504
670.569 10.700
670.855 15.517
671.140 18.331
671.425 17.532
671.711 18.545
671.996 23.769
672.282 14.530
672.567 6.700
672.852 3.090
673.138 3.101
673.423 1.095
673.708 10.361
673.994 20.034
674.279 22.658
674.565 17.613
674.850 16.003
675.135 8.135
675.421 6.130
675.706 5.529
675.992 7.955
676.277 13.016
676.562 25.764
676.848 24.358
677.133 24.560
677.419 24.157
677.704 14.021
677.989 2.683
678.275 2.488
678.560 8.589
678.846 14.065
679.131 19.952
679.416 17.309
679.702 17.931
679.987 15.913
680.273 9.625
680.558 9.221
680.843 13.898
681.129 16.135
681.414 18.178
681.700 23.473
681.985 27.958
682.270 29.797
682.556 29.811
682.841 28.588
683.126 25.125
683.412 16.357
683.697 16.761
683.983 18.586
684.268 19.205
684.553 23.908
684.839 30.231
685.124 31.453
685.410 25.953
685.695 17.594
685.980 10.241
686.266 11.256
686.551 8.809
686.837 1.268
687.122 -1.383
687.407 5.541
687.693 6.758
687.978 7.159
688.264 8.792
688.549 8.387
688.834 2.683
689.120 -2.613
689.405 -6.072
689.691 0.226
689.976 10.990
690.261 12.613
690.547 14.642
690.832 19.303
691.118 20.717
691.403 17.062
691.688 14.626
691.974 13.808
692.259 12.990
692.544 12.569
692.830 10.941
693.115 15.592
693.401 20.634
693.686 19.210
693.971 13.958
694.257 12.542
694.542 14.141
694.828 13.932
695.113 17.568
695.398 17.367
695.684 16.962
695.969 15.943
696.255 14.312
696.540 15.488
696.834 27.939
697.127 32.360
697.421 31.742
697.715 31.135
698.008 23.505
698.302 11.456
698.596 7.834
698.889 7.425
699.183 10.426
699.477 14.225
699.771 23.616
700.064 32.204
700.358 29.998
700.652 22.384
700.945 23.782
701.239 21.576
701.533 16.771
701.826 11.187
702.120 7.399
702.414 4.597
702.707 3.979
703.001 4.770
703.295 14.320
703.588 25.658
703.882 35.186
704.176 32.190
704.469 23.635
704.763 19.258
705.057 16.663
705.351 7.519
705.644 4.542
705.938 7.319
706.232 10.088
706.525 12.266
706.819 14.841
707.113 15.431
707.406 16.419
707.700 12.260
707.994 8.489
708.287 5.909
708.581 -0.020
708.875 -2.195
709.168 0.566
709.462 -0.621
709.756 4.110
710.049 15.756
710.343 19.900
710.637 23.050
710.931 25.014
711.224 21.066
711.518 16.525
711.812 15.928
712.105 10.804
712.399 11.394
712.693 7.255
712.986 4.301
713.280 4.692
713.574 7.052
713.867 2.918
714.161 -0.030
714.455 0.363
714.748 3.711
715.042 6.073
715.336 12.568
715.629 20.838
715.923 22.019
716.217 14.932
716.511 9.221
716.804 9.036
717.098 7.851
717.392 8.246
717.685 21.284
717.979 33.338
718.273 30.780
718.566 29.997
718.860 30.791
719.154 23.893
719.447 13.423
719.741 8.274
720.035 9.266
720.328 13.424
720.622 9.257
720.916 8.662
721.209 8.860
721.503 5.089
721.797 -0.852
722.091 2.740
722.384 6.933
722.678 15.509
722.972 28.057
723.265 33.845
723.559 35.645
723.853 36.248
724.146 33.657
724.440 28.702
724.734 26.713
725.027 25.520
725.321 24.524
725.615 17.728
725.908 10.128
726.202 7.126
726.496 6.930
726.789 6.129
727.083 9.528
727.377 5.327
727.671 1.726
727.964 -6.274
728.258 -13.679
728.552 -12.676
728.845 -5.872
729.139 -1.668
729.433 1.130
729.726 10.555
730.020 11.164
730.314 12.169
730.607 15.181
730.901 13.167
731.195 12.167
731.488 12.973
731.782 8.754
732.076 5.945
732.369 15.200
732.663 14.398
732.957 19.025
733.251 24.665
733.544 24.665
733.838 22.259
734.132 20.852
734.425 11.996
734.719 11.999
735.013 15.427
735.306 13.009
735.600 10.187
735.894 14.226
736.187 14.027
736.481 10.199
736.775 14.860
737.068 24.575
737.362 27.225
737.656 26.023
737.949 20.337
738.243 13.656
738.537 10.028
738.831 8.414
739.124 0.073
739.418 4.340
739.712 9.832
740.005 10.053
740.299 15.366
740.593 27.388
740.886 33.497
741.180 32.488
741.474 26.376
741.767 13.113
742.061 6.180
742.355 6.592
742.648 0.880
742.942 1.288
743.236 9.267
743.529 9.878
743.823 0.285
744.117 3.146
744.411 6.417
744.704 -0.133
744.998 -3.621
745.292 -0.964
745.585 -2.192
745.879 -3.008
746.173 2.314
746.466 0.678
746.760 1.906
747.054 3.543
747.347 1.906
747.641 2.934
747.935 12.984
748.228 16.684
748.522 22.234
748.816 27.778
749.109 30.663
749.403 34.358
749.697 39.506
749.991 34.571
750.284 25.740
750.578 17.930
750.872 10.949
751.165 3.944
751.459 1.074
751.753 2.920
752.046 8.468
752.340 11.545
752.634 15.667
752.927 19.563
753.221 19.151
753.515 15.450
753.808 16.693
754.102 12.986
754.396 14.226
754.689 15.868
754.983 14.018
755.277 11.544
755.571 13.798
755.864 7.427
756.158 4.960
756.452 11.330
756.745 7.424
757.039 3.521
757.333 3.929
757.626 6.599
757.920 2.072
758.214 2.892
758.507 0.633
758.801 1.866
759.095 0.633
759.388 5.140
759.682 11.703
759.976 15.795
760.269 19.069
760.563 23.162
760.857 12.510
761.151 0.831
761.444 -5.513
761.738 -10.628
762.032 -8.601
762.325 -1.036
762.619 6.317
762.913 12.038
763.206 15.096
763.500 11.008
763.798 12.223
764.097 14.862
764.395 10.384
764.693 5.711
764.992 4.488
765.290 6.100
765.588 6.888
765.887 13.379
766.185 21.289
766.483 25.745
766.782 24.107
767.080 18.027
767.378 17.204
767.677 10.921
767.975 4.845
768.273 3.419
768.571 7.455
768.870 10.675
769.168 24.790
769.466 35.647
769.765 40.259
770.063 41.844
770.361 35.785
770.660 17.867
770.958 7.016
771.256 6.793
771.555 6.370
771.853 8.965
772.151 19.580
772.450 25.175
772.748 23.750
773.046 26.932
773.345 26.328
773.643 20.528
773.941 19.923
774.240 16.531
774.538 6.751
774.836 -0.036
775.135 2.952
775.433 4.736
775.731 6.323
776.030 10.108
776.328 12.504
776.626 10.908
776.925 8.709
777.223 7.307
777.521 7.698
777.819 12.475
778.118 14.061
778.416 13.066
778.714 16.044
779.013 13.060
779.311 4.509
779.609 -1.454
779.908 -3.045
780.206 -2.450
780.504 3.899
780.803 16.403
781.101 17.395
781.399 15.602
781.698 13.626
781.996 8.071
782.294 -0.266
782.593 -1.464
782.891 -1.664
783.189 -4.854
783.488 2.906
783.786 11.660
784.084 21.808
784.383 26.196
784.681 27.398
784.979 22.831
785.278 13.867
785.576 8.898
785.874 10.103
786.173 16.893
786.471 21.508
786.769 26.714
787.068 27.517
787.366 18.498
787.664 9.304
787.962 4.709
788.261 1.705
788.559 -0.702
788.857 11.151
789.156 17.794
789.454 19.824
789.752 22.449
790.051 21.640
790.349 10.767
790.647 3.309
790.946 1.105
791.244 5.388
791.542 12.075
791.841 23.630
792.139 25.652
792.437 21.803
792.736 20.800
793.034 23.452
793.332 19.606
793.631 22.662
793.929 24.700
794.227 21.250
794.526 16.181
794.824 15.992
795.122 15.392
795.421 19.893
795.719 18.268
796.017 8.853
796.316 4.762
796.614 6.626
796.912 8.515
797.211 8.109
797.509 18.176
797.807 21.680
798.105 18.603
798.404 13.473
798.702 13.479
799.000 12.466
799.299 10.825
799.597 12.912
799.895 13.961
800.194 16.251
800.492 17.718
800.790 28.586
801.089 30.490
801.387 28.427
801.685 29.075
801.984 27.628
802.282 13.213
802.580 8.829
802.879 5.894
803.177 3.605
803.475 5.520
803.774 15.223
804.072 18.826
804.370 22.629
804.669 22.215
804.967 17.573
805.265 8.694
805.564 1.699
805.862 -1.906
806.160 3.225
806.459 10.291
806.757 15.428
807.055 24.427
807.353 26.136
807.652 18.871
807.950 14.175
808.248 16.790
808.547 11.869
808.845 13.830
809.143 27.908
809.442 37.468
809.740 40.551
810.038 41.873
810.337 43.859
810.635 34.799
810.933 25.278
811.232 23.199
811.530 28.962
811.831 29.457
812.132 30.172
812.432 40.166
812.733 34.921
813.034 29.900
813.335 26.385
813.636 24.868
813.936 17.623
814.237 11.808
814.538 1.072
814.839 4.238
815.140 6.512
815.440 1.355
815.741 9.456
816.042 21.832
816.343 19.371
816.644 17.145
816.945 26.235
817.245 30.343
817.546 31.034
817.847 34.439
818.148 39.669
818.449 36.012
818.749 33.048
819.050 36.422
819.351 38.216
819.652 34.097
819.953 34.994
820.253 31.358
820.554 24.570
820.855 22.061
821.156 25.853
821.457 26.914
821.757 23.989
822.058 27.088
822.359 26.352
822.660 20.267
822.961 24.014
823.261 29.366
823.562 26.219
823.863 26.207
824.164 26.408
824.465 15.920
824.765 18.069
825.066 21.118
825.367 15.352
825.668 8.536
825.969 7.214
826.269 8.236
826.570 11.214
826.871 22.734
827.172 33.608
827.473 34.693
827.774 28.994
828.074 20.499
828.375 9.002
828.676 6.790
828.977 10.208
829.278 16.578
829.578 24.653
829.879 31.888
830.180 32.259
830.481 35.612
830.782 34.471
831.082 27.223
831.383 21.268
831.684 18.484
831.985 12.524
832.286 8.461
832.586 13.643
832.887 21.757
833.188 21.939
833.489 23.573
833.790 30.722
834.090 27.967
834.391 23.945
834.692 27.802
834.993 35.120
835.294 31.358
835.594 35.785
835.895 39.781
836.196 42.130
836.497 38.155
836.798 38.645
837.099 37.305
837.399 36.567
837.700 33.235
838.001 29.951
838.302 31.791
838.603 28.538
838.903 18.613
839.204 18.788
839.505 17.608
839.806 9.527
840.107 5.784
840.407 8.747
840.708 6.642
841.009 9.944
841.310 10.383
841.611 10.174
841.911 9.566
842.212 7.586
842.513 0.613
842.814 -4.612
843.115 -9.512
843.415 -6.525
843.716 -1.762
844.017 6.615
844.318 14.345
844.619 21.632
844.919 22.161
845.220 12.816
845.521 2.779
845.822 -0.257
846.123 3.609
846.423 8.864
846.724 22.765
847.025 37.829
847.326 43.059
847.627 37.904
847.928 27.981
848.228 19.673
848.529 9.756
848.830 11.870
849.131 19.435
849.432 24.001
849.732 23.775
850.033 25.145
850.334 24.667
850.635 24.170
850.936 20.964
851.236 17.085
851.537 10.932
851.838 0.672
852.139 2.418
852.440 4.220
852.740 1.755
853.041 5.836
853.342 10.349
853.643 1.967
853.944 -0.737
854.244 7.778
854.545 3.771
854.846 -2.016
855.147 -1.376
855.448 8.086
855.748 11.723
856.049 23.980
856.350 33.382
856.651 32.906
856.952 29.281
857.253 24.407
857.553 15.242
857.854 15.755
858.155 23.969
858.456 31.236
858.757 35.804
859.057 40.193
859.358 39.436
859.659 28.467
859.960 19.126
860.261 17.929
860.561 16.799
860.862 13.421
861.163 12.433
861.464 10.148
861.765 7.008
862.065 3.336
862.366 -0.697
862.667 7.883
862.968 17.402
863.269 19.310
863.569 21.275
863.870 30.119
864.171 30.209
864.472 22.211
864.773 17.465
865.073 15.121
865.374 10.764
865.675 9.885
865.976 8.894
866.277 5.456
866.577 6.986
866.878 7.137
867.179 6.490
867.480 11.365
867.781 19.110
868.082 23.402
868.382 27.296
868.683 27.062
868.984 22.524
869.285 24.165
869.586 25.426
869.886 20.906
870.187 21.214
870.488 25.429
870.789 22.406
871.090 13.691
871.390 13.309
871.691 10.525
871.992 7.024
872.293 6.465
872.594 12.708
872.894 16.349
873.195 17.982
873.496 21.081
873.797 22.706
874.098 19.947
874.398 14.826
874.699 12.625
875.000 8.590
875.301 4.023
875.602 0.015
875.902 2.557
876.203 7.281
876.504 11.465
876.805 15.103
877.106 18.373
877.407 15.099
877.707 11.997
878.008 9.071
878.309 6.521
878.610 5.250
878.911 4.707
879.211 4.696
879.512 7.784
879.813 10.143
880.114 16.309
880.415 23.751
880.715 22.843
881.016 17.029
881.317 13.938
881.618 2.684
881.919 -2.950
882.219 2.147
882.520 8.492
882.821 16.272
883.122 28.237
883.423 32.572
883.723 25.478
884.024 21.124
884.325 12.977
884.626 9.708
884.927 13.142
885.227 19.474
885.528 12.957
885.829 8.616
886.130 0.657
886.431 -6.034
886.731 -10.193
887.032 -7.673
887.333 0.109
887.634 8.797
887.935 9.339
888.236 16.390
888.536 23.811
888.837 22.354
889.138 19.993
889.439 19.812
889.740 8.049
890.040 5.888
890.341 8.248
890.642 13.159
890.943 18.240
891.244 19.315
891.544 14.594
891.845 12.418
892.146 6.959
892.447 -1.394
892.748 -1.399
893.048 -1.039
893.349 -1.761
893.650 0.972
893.951 7.901
894.252 21.570
894.552 32.520
894.853 30.691
895.154 24.480
895.455 23.954
895.756 21.646
896.056 19.146
896.357 23.188
896.658 25.563
896.959 22.637
897.260 12.543
897.561 4.249
897.861 3.338
898.162 7.959
898.463 6.861
898.764 11.498
899.065 18.000
899.365 21.351
899.666 22.483
899.967 26.985
900.268 26.655
900.569 25.187
900.869 23.931
901.170 24.347
901.471 24.555
901.772 24.940
902.073 21.764
902.373 13.872
902.674 5.225
902.975 -2.111
903.276 -6.435
903.577 -11.181
903.877 -3.998
904.178 1.876
904.479 -0.230
904.780 -0.037
905.081 6.817
905.381 12.177
905.682 20.558
905.983 33.744
906.284 42.756
906.585 48.523
906.885 40.710
907.186 32.164
907.487 25.101
907.788 12.613
908.089 2.619
908.390 5.526
908.690 4.574
908.991 2.454
909.292 7.484
909.593 8.056
909.894 0.669
910.194 -2.252
910.495 2.446
910.796 6.983
911.097 14.615
911.398 26.399
911.698 35.247
911.999 36.653
912.300 34.518
912.607 33.204
912.915 26.718
913.222 19.831
913.529 18.294
913.837 24.308
914.144 18.562
914.451 18.968
914.759 19.767
915.066 17.397
915.374 13.637
915.681 16.235
915.988 11.233
916.296 12.858
916.603 11.273
916.910 6.285
917.218 9.328
917.525 15.392
917.832 13.990
918.140 16.632
918.447 15.830
918.754 12.006
919.062 12.829
919.369 14.464
919.677 11.016
919.984 12.657
920.291 19.598
920.599 17.568
920.906 11.425
921.213 8.963
921.521 9.587
921.828 4.105
922.135 2.266
922.443 10.290
922.750 21.598
923.057 24.711
923.365 28.233
923.672 32.995
923.980 34.674
924.287 31.823
924.594 23.758
924.902 19.431
925.209 19.878
925.516 17.213
925.824 21.215
926.131 38.060
926.438 46.410
926.746 43.502
927.053 41.845
927.360 28.074
927.668 9.943
927.975 -1.758
928.283 -6.164
928.590 -4.027
928.897 -0.046
929.205 2.886
929.512 9.201
929.819 17.027
930.127 11.955
930.434 9.410
930.741 9.194
931.049 1.576
931.356 -0.301
931.663 9.104
931.971 11.223
932.278 12.077
932.586 20.225
932.893 21.576
933.200 13.675
933.508 14.110
933.815 9.956
934.122 5.681
934.430 1.380
934.737 4.943
935.044 8.526
935.352 14.495
935.659 12.730
935.966 16.410
936.274 19.767
936.581 20.113
936.889 16.944
937.196 19.035
937.503 15.215
937.811 1.307
938.118 -10.425
938.425 -7.338
938.733 -6.561
939.040 -9.436
939.347 -0.593
939.655 8.496
939.962 11.785
940.269 21.300
940.577 29.477
940.884 35.058
941.191 38.612
941.499 29.635
941.806 14.422
942.114 9.978
942.421 6.301
942.728 8.399
943.036 16.236
943.343 21.285
943.650 22.293
943.958 16.945
944.265 12.366
944.572 9.322
944.880 3.267
945.187 -0.288
945.494 -2.305
945.802 -5.358
946.109 -5.632
946.417 -0.602
946.724 2.392
947.031 11.405
947.339 24.784
947.646 35.147
947.953 41.547
948.261 45.439
948.568 43.587
948.875 37.039
949.183 31.005
949.490 29.406
949.797 28.062
950.105 28.913
950.412 24.956
950.720 24.627
951.027 20.239
951.334 15.882
951.642 17.443
951.949 18.569
952.256 16.114
952.564 22.618
952.871 27.023
953.178 26.212
953.486 31.465
953.793 31.653
954.100 24.869
954.408 22.266
954.715 15.980
955.023 9.210
955.330 3.929
955.637 8.681
955.945 11.365
956.252 9.550
956.559 7.044
956.867 14.947
957.174 7.917
957.481 3.366
957.789 12.731
958.096 10.948
958.403 6.423
958.711 14.632
959.018 20.379
959.326 17.008
959.633 17.460
959.940 16.568
960.248 10.127
960.555 1.940
960.862 -6.212
961.170 -4.891
961.477 -2.271
961.784 4.288
962.092 15.845
962.399 31.564
962.706 36.756
963.014 39.542
963.321 44.286
963.629 38.585
963.936 29.607
964.243 31.999
964.551 27.655
964.858 17.625
965.165 15.660
965.473 10.272
965.780 7.997
966.092 8.197
966.404 5.822
966.716 6.014
967.028 11.157
967.340 8.394
967.652 7.744
967.964 6.045
968.276 -0.534
968.588 0.512
968.900 7.076
969.212 10.453
969.524 16.593
969.836 21.030
970.148 12.541
970.460 7.020
970.772 7.867
971.084 7.217
971.396 9.528
971.708 17.754
972.020 16.458
972.332 7.154
972.644 -0.651
972.956 2.920
973.268 10.448
973.580 15.710
973.892 28.324
974.204 41.797
974.516 46.169
974.828 40.966
975.140 30.842
975.452 23.066
975.764 19.061
976.076 4.977
976.388 -0.313
976.700 7.467
977.012 7.884
977.324 2.194
977.636 9.358
977.948 12.712
978.260 4.108
978.572 2.420
978.884 5.567
979.196 0.517
979.508 -1.158
979.820 3.245
980.132 2.812
980.444 -1.194
980.756 -0.783
981.068 -3.319
981.380 -0.357
981.692 6.219
982.004 10.460
982.316 14.473
982.628 17.440
982.940 18.500
983.252 15.730
983.564 14.873
983.876 10.632
984.188 6.174
984.500 2.132
984.812 5.330
985.124 7.240
985.436 13.410
985.748 25.320
986.060 35.794
986.372 36.414
986.684 32.152
986.996 29.804
987.308 22.773
987.620 12.507
987.932 8.900
988.244 10.384
988.556 9.526
988.868 13.793
989.180 23.374
989.492 26.570
989.804 28.067
990.116 25.507
990.428 17.178
990.740 6.949
991.052 2.034
991.364 -3.751
991.676 -5.258
991.988 -4.410
992.300 -1.004
992.612 4.300
992.924 6.646
993.236 4.312
993.548 3.030
993.860 0.037
994.172 -1.249
994.484 12.332
994.796 20.202
995.108 18.701
995.420 20.423
995.732 14.248
996.044 2.584
996.356 3.465
996.668 13.090
996.980 7.939
997.292 5.145
997.604 3.642
997.916 -1.304
998.228 -11.396
998.540 -10.979
998.852 -3.247
999.164 -0.037
999.476 4.916
999.788 3.619
1000.100 4.893
1000.412 15.205
1000.724 21.922
1001.036 15.881
1001.348 21.684
1001.660 28.163
1001.972 16.342
1002.284 13.092
1002.596 22.581
1002.908 34.078
1003.220 33.629
1003.532 37.279
1003.844 34.014
1004.156 25.582
1004.468 16.686
1004.780 14.735
1005.092 7.834
1005.404 3.734
1005.716 10.192
1006.028 12.745
1006.340 13.821
1006.652 14.674
1006.964 15.966
1007.276 14.041
1007.588 7.135
1007.900 1.953
1008.212 2.802
1008.524 3.655
1008.836 2.954
1009.148 4.665
1009.460 10.008
1009.772 15.735
1010.084 15.941
1010.396 13.374
1010.708 15.046
1011.020 13.302
1011.332 9.239
1011.644 5.008
1011.956 1.633
1012.268 5.583
1012.580 7.666
1012.892 10.369
1013.204 22.122
1013.516 28.620
1013.828 20.872
1014.140 17.280
1014.452 14.313
1014.764 6.118
1015.076 5.230
1015.388 6.265
1015.700 9.123
1016.012 9.096
1016.324 10.109
1016.636 8.456
1016.948 5.993
1017.260 1.054
1017.572 -1.006
1017.884 -8.818
1018.196 -9.650
1018.508 -1.293
1018.820 3.795
1019.132 6.441
1019.444 11.592
1019.756 15.036
1020.068 19.023
1020.380 18.999
1020.692 21.810
1021.004 31.344
1021.316 31.536
1021.628 23.254
1021.940 18.180
1022.252 13.511
1022.564 9.642
1022.876 12.051
1023.188 12.041
1023.500 10.224
1023.812 12.654
1024.124 13.853
1024.436 9.406
1024.748 7.170
1025.060 11.792
1025.372 13.960
1025.684 15.530
1025.996 15.912
1026.308 15.300
1026.620 17.525
1026.932 16.955
1027.244 9.300
1027.556 6.671
1027.868 10.302
1028.180 13.088
1028.492 15.250
1028.804 20.280
1029.116 18.271
1029.428 13.044
1029.740 8.405
1030.052 5.165
1030.364 1.128
1030.676 8.319
1030.988 15.500
1031.300 13.490
1031.612 9.687
1031.924 9.079
1032.236 9.471
1032.548 14.011
1032.860 15.985
1033.172 19.177
1033.484 17.969
1033.796 11.972
1034.108 2.226
1034.420 -2.761
1034.732 -5.568
1035.044 -4.576
1035.356 -3.183
1035.668 -0.590
1035.980 4.002
1036.292 6.595
1036.604 10.387
1036.916 17.380
1037.228 18.972
1037.540 16.165
1037.852 12.357
1038.164 7.750
1038.476 2.342
1038.788 4.935
1039.100 9.127
1039.412 10.119
1039.724 12.312
1040.036 10.504
1040.348 13.096
1040.660 15.089
1040.972 17.881
1041.284 20.473
1041.596 17.865
1041.908 9.657
1042.220 6.650
1042.532 9.442
1042.844 15.434
1043.156 24.626
1043.468 28.418
1043.780 25.610
1044.092 16.202
1044.404 10.594
1044.716 8.186
1045.028 6.778
1045.340 7.770
1045.652 12.962
1045.964 8.754
1046.276 2.346
1046.588 -0.262
1046.900 4.930
1047.212 13.122
1047.524 18.914
1047.836 21.506
1048.148 23.697
1048.460 22.289
1048.772 13.481
1049.084 9.873
1049.396 11.664
1049.708 12.056
1050.020 7.048
1050.332 7.639
1050.644 11.431
1050.956 13.623
1051.268 13.614
1051.580 20.206
1051.892 26.397
1052.204 20.189
1052.516 11.580
1052.828 4.572
1053.140 2.563
1053.452 -3.845
1053.764 -3.654
1054.076 -0.263
1054.388 11.329
1054.700 13.120
1055.012 17.511
1055.324 21.303
1055.636 22.094
1055.948 15.085
1056.260 9.276
1056.572 3.868
1056.884 3.859
1057.196 5.850
1057.508 9.041
1057.820 14.832
1058.132 13.623
1058.444 14.414
1058.756 21.405
1059.068 24.996
1059.380 22.787
1059.692 25.178
1060.004 22.369
1060.316 12.960
1060.628 7.151
1060.940 5.142
1061.252 -1.467
1061.564 -2.076
1061.876 -0.086
1062.188 5.305
1062.500 12.096
1062.812 22.887
1063.124 32.877
1063.436 39.268
1063.748 34.859
1064.060 29.849
1064.372 21.440
1064.684 6.631
1064.996 -0.779
1065.308 0.212
1065.620 4.802
1065.932 13.793
1066.244 17.383
1066.556 16.174
1066.868 16.564
1067.180 14.554
1067.492 11.545
1067.804 16.935
1068.116 23.125
1068.428 20.916
1068.740 8.306
1069.052 4.096
1069.364 2.086
1069.676 2.677
1069.988 6.667
1070.300 14.857
1070.612 12.647
1070.924 15.837
1071.236 16.627
1071.548 13.817
1071.860 17.607
1072.172 19.197
1072.484 9.787
1072.796 -0.023
1073.108 -5.633
1073.420 -10.643
1073.732 -8.053
1074.044 0.936
1074.356 9.126
1074.668 9.316
1074.980 2.306
1075.292 0.695
1075.604 4.485
1075.916 7.675
1076.228 17.264
1076.540 32.454
1076.852 39.644
1077.164 31.433
1077.476 18.223
1077.788 12.212
1078.100 8.202
1078.412 3.591
1078.724 2.381
1079.036 8.770
1079.348 12.759
1079.660 17.349
1079.972 23.138
1080.284 24.327
1080.596 24.117
1080.908 21.306
1081.220 7.895
1081.532 -0.516
1081.844 4.873
1082.156 7.662
1082.468 6.451
1082.780 17.241
1083.092 26.030
1083.404 19.019
1083.716 16.408
1084.028 19.197
1084.340 14.985
1084.652 5.174
1084.964 2.563
1085.276 0.752
1085.588 0.341
1085.900 3.930
1086.212 16.718
1086.524 23.307
1086.836 23.896
1087.148 22.484
1087.460 22.473
1087.772 13.262
1088.084 8.050
1088.396 8.439
1088.708 9.627
1089.020 6.216
1089.332 9.204
1089.644 13.193
1089.956 18.781
1090.268 20.169
1090.580 19.158
1090.892 14.946
1091.204 18.334
1091.516 13.523
1091.828 9.911
1092.140 12.099
1092.464 17.487
1092.788 16.275
1093.112 18.663
1093.436 21.452
1093.760 21.440
1094.084 22.228
1094.408 21.016
1094.732 22.204
1095.056 21.991
1095.380 16.979
1095.703 10.367
1096.027 3.355
1096.351 -3.857
1096.675 -4.869
1096.999 0.318
1097.323 7.906
1097.647 14.294
1097.971 18.281
1098.295 15.869
1098.619 10.457
1098.943 6.844
1099.267 3.032
1099.591 0.219
1099.915 -1.193
1100.239 -1.806
1100.563 -6.219
1100.887 -3.231
1101.211 2.156
1101.535 5.143
1101.859 2.931
1102.182 1.918
1102.506 -1.095
1102.830 -9.108
1103.154 -9.120
1103.478 5.267
1103.802 11.454
1104.126 10.641
1104.450 20.028
1104.774 26.415
1105.098 15.602
1105.422 12.989
1105.746 14.176
1106.070 5.962
1106.394 -1.851
1106.718 0.336
1107.042 6.323
1107.366 17.910
1107.690 23.496
1108.014 22.083
1108.338 21.870
1108.662 14.056
1108.985 1.643
1109.309 -1.571
1109.633 2.216
1109.957 -0.798
1110.281 -1.811
1110.605 3.575
1110.929 5.561
1111.253 6.148
1111.577 13.534
1111.901 21.120
1112.225 21.307
1112.549 23.893
1112.873 22.679
1113.197 21.265
1113.521 16.451
1113.845 14.437
1114.169 13.423
1114.493 12.609
1114.817 6.995
1115.141 4.181
1115.464 4.767
1115.788 3.953
1116.112 5.939
1116.436 6.325
1116.760 4.711
1117.084 2.096
1117.408 4.682
1117.732 5.868
1118.056 6.053
1118.380 8.439
1118.704 10.024
1119.028 -1.190
1119.352 -3.204
1119.676 3.181
1120.000 10.166
1120.324 15.552
1120.648 19.737
1120.972 19.523
1121.296 16.108
1121.620 10.293
1121.944 4.078
1122.267 5.264
1122.591 10.849
1122.915 15.234
1123.239 23.619
1123.563 23.404
1123.887 23.189
1124.211 18.174
1124.535 10.759
1124.859 3.544
1125.183 5.729
1125.507 9.314
1125.831 14.899
1126.155 19.483
1126.479 14.268
1126.803 11.853
1127.127 10.638
1127.451 5.022
1127.775 0.007
1128.099 0.592
1128.423 -1.224
1128.746 -0.039
1129.070 7.345
1129.394 17.730
1129.718 21.314
1130.042 19.098
1130.366 17.483
1130.690 12.067
1131.014 2.051
1131.338 3.236
1131.662 14.020
1131.986 16.204
1132.310 13.588
1132.634 16.972
1132.958 17.956
1133.282 11.741
1133.606 2.325
1133.930 -1.891
1134.254 -6.907
1134.578 -16.524
1134.902 -15.140
1135.226 -2.556
1135.549 -2.972
1135.873 -3.988
1136.197 -0.004
1136.521 -4.821
1136.845 -7.637
1137.169 0.147
1137.493 6.130
1137.817 7.714
1138.141 8.297
1138.465 3.481
1138.789 -3.336
1139.113 -8.152
1139.437 -14.769
1139.761 -16.185
1140.085 -19.002
1140.409 -23.219
1140.733 -24.835
1141.057 -24.652
1141.381 -25.869
1141.705 -19.486
1142.028 -13.303
1142.352 -10.719
1142.676 1.264
1143.000 7.847
1143.324 4.030
1143.648 7.613
1143.972 17.396
1144.296 19.979
1144.620 19.161
1144.944 22.144
1145.268 24.527
1145.592 21.310
1145.916 11.893
1146.240 3.275
1146.564 -2.942
1146.888 -7.359
1147.212 -8.777
1147.536 -6.194
1147.860 2.589
1148.184 7.171
1148.507 7.154
1148.831 2.936
1149.155 4.319
1149.479 6.701
1149.803 5.883
1150.127 3.266
1150.451 9.248
1150.775 9.430
1151.099 11.213
1151.423 20.595
1151.747 24.777
1152.071 23.359
1152.395 22.341
1152.719 12.124
1153.043 1.706
1153.367 -1.112
1153.691 -5.530
1154.015 -3.748
1154.339 3.834
1154.663 6.216
1154.987 5.798
1155.310 7.779
1155.634 4.361
1155.958 1.943
1156.282 3.125
1156.606 7.507
1156.930 14.088
1157.254 19.470
1157.578 16.652
1157.902 13.633
1158.226 10.815
1158.550 1.597
1158.874 -6.222
1159.198 -4.040
1159.522 -0.859
1159.846 -4.477
1160.170 -3.096
1160.494 -2.114
1160.818 -2.533
1161.142 -0.352
1161.466 4.430
1161.790 5.611
1162.113 5.792
1162.437 4.174
1162.761 -5.445
1163.085 -10.464
1163.409 -10.283
1163.733 -7.302
1164.057 0.279
1164.381 7.061
1164.705 12.442
1165.029 15.223
1165.353 14.004
1165.677 10.385
1166.001 7.766
1166.325 8.147
1166.649 12.928
1166.973 14.909
1167.297 15.490
1167.621 20.070
1167.945 16.851
1168.269 8.432
1168.592 8.813
1168.916 11.594
1169.240 14.774
1169.564 16.955
1169.888 11.736
1170.212 6.717
1170.536 -1.903
1170.860 -10.122
1171.184 -11.141
1171.508 -8.961
1171.832 -11.380
1172.156 -11.600
1172.480 -11.219
1172.804 -17.838
1173.128 -12.658
1173.452 1.523
1173.776 9.103
1174.100 14.084
1174.424 22.064
1174.748 17.844
1175.072 7.425
1175.395 3.205
1175.719 -1.614
1176.043 -9.034
1176.367 -7.054
1176.691 -2.873
1177.015 -1.893
1177.339 1.087
1177.663 3.468
1177.987 1.648
1178.311 0.828
1178.635 1.208
1178.959 -2.411
1179.283 1.769
1179.607 10.949
1179.931 9.929
1180.255 6.510
1180.579 9.090
1180.903 14.870
1181.227 12.050
1181.551 14.430
1181.874 19.010
1182.198 17.590
1182.522 11.571
1182.846 9.751
1183.170 0.131
1183.494 -8.689
1183.818 -5.709
1184.142 -4.729
1184.466 -9.549
1184.790 0.431
1185.114 10.411
1185.438 3.391
1185.762 1.171
1186.086 2.751
1186.410 0.331
1186.734 -0.089
1187.058 8.091
1187.382 8.471
1187.706 6.651
1188.030 4.431
1188.353 2.411
1188.677 1.591
1189.001 8.571
1189.325 17.751
1189.649 21.531
1189.973 22.111
1190.297 18.091
1190.621 7.671
1190.945 6.451
1191.269 7.631
1191.593 4.211
1191.917 12.391
1192.241 20.771
1192.565 21.151
1192.889 23.731
1193.213 23.711
1193.537 13.891
1193.861 10.271
1194.185 7.051
1194.509 2.431
1194.833 9.812
1195.156 20.592
1195.480 18.772
1195.804 19.152
1196.128 15.932
1196.452 5.912
1196.776 -6.908
1197.100 -3.928
1197.424 -5.548
1197.748 -9.168
1198.072 -2.988
1198.396 1.192
1198.720 -0.427
1199.044 -0.247
1199.368 10.933
1199.692 8.113
1200.016 7.093
1200.340 5.474
1200.664 7.854
1200.988 11.634
1201.312 20.614
1201.635 26.995
1201.959 29.175
1202.283 23.555
1202.607 4.736
1202.931 -14.884
1203.255 -23.704
1203.579 -26.723
1203.903 -25.743
1204.227 -13.762
1204.551 0.018
1204.875 11.999
1205.199 17.579
1205.523 21.360
1205.847 18.540
1206.171 14.121
1206.495 3.501
1206.819 -2.518
1207.143 -6.337
1207.467 -12.557
1207.791 -7.776
1208.115 -4.795
1208.438 -3.014
1208.762 1.166
1209.086 10.347
1209.410 12.128
1209.734 14.909
1210.058 16.690
1210.382 20.071
1210.706 23.052
1211.030 24.833
1211.354 23.014
1211.678 18.795
1212.002 9.976
1212.326 2.157
1212.650 -8.062
1212.974 -13.480
1213.298 -10.299
1213.622 -8.118
1213.946 -4.936
1214.270 5.245
1214.594 13.027
1214.917 15.408
1215.241 16.590
1215.565 13.571
1215.889 7.153
1216.213 4.534
1216.537 -3.084
1216.861 -5.902
1217.185 -4.120
1217.509 1.662
1217.833 0.243
1218.157 -1.775
1218.481 -2.993
1218.805 -0.611
1219.129 -3.429
1219.453 -2.046
1219.777 5.336
1220.101 8.518
1220.425 6.900
1220.749 8.483
1221.073 16.665
1221.397 22.448
1221.720 23.230
1222.044 26.413
1222.368 23.795
1222.692 15.178
1223.016 7.561
1223.340 6.343
1223.664 2.326
1223.988 6.909
1224.312 11.492
1224.636 18.875
1224.960 21.458
1225.284 19.842
1225.608 12.425
1225.932 5.208
1226.256 -3.408
1226.580 -4.425
1226.904 -3.042
1227.228 3.942
1227.552 6.926
1227.876 7.109
1228.199 5.293
1228.523 9.677
1228.847 6.461
1229.171 5.245
1229.495 7.429
1229.819 9.613
1230.143 7.197
1230.467 2.982
1230.791 1.766
1231.115 -0.850
1231.439 -0.065
1231.763 -3.373
1232.087 -1.214
