181.241 -13.234
181.495 -11.150
181.749 -13.900
182.003 -19.300
182.257 -21.300
182.511 -22.300
182.765 -19.500
183.019 -7.100
183.273 7.500
183.528 14.100
183.782 14.300
184.036 5.300
184.290 -10.700
184.544 -26.700
184.798 -34.700
185.052 -37.700
185.306 -35.500
185.560 -32.700
185.814 -31.300
186.068 -32.699
186.322 -31.099
186.576 -27.499
186.830 -19.099
187.084 -7.299
187.339 1.501
187.593 3.701
187.847 8.901
188.101 10.701
188.355 8.901
188.609 10.501
188.863 7.701
189.117 0.701
189.371 -7.499
189.625 -8.499
189.879 -17.699
190.133 -16.099
190.387 -11.099
190.641 -6.299
190.895 -5.498
191.150 1.702
191.404 0.902
191.658 -5.298
191.912 -5.098
192.166 -4.498
192.420 -2.898
192.674 -0.698
192.928 -0.898
193.182 -0.698
193.436 -5.098
193.690 -5.098
193.944 -4.698
194.198 -2.098
194.452 -11.698
194.706 -15.898
194.961 -26.898
195.215 -34.898
195.469 -40.898
195.723 -40.297
195.977 -34.697
196.231 -22.297
196.485 -20.097
196.739 -18.497
196.993 -13.497
197.247 -18.897
197.501 -24.897
197.755 -13.697
198.009 -6.897
198.263 -6.897
198.517 -4.697
198.772 -4.297
199.026 -7.497
199.280 -14.097
199.534 -18.697
199.788 -21.297
200.042 -20.697
200.296 -17.696
200.550 -9.096
200.804 -0.096
201.058 9.904
201.312 12.104
201.566 5.104
201.820 0.104
202.074 -5.896
202.328 -13.096
202.583 -10.896
202.837 -0.696
203.091 4.904
203.345 5.904
203.599 9.304
203.853 0.304
204.107 -7.496
204.361 -7.496
204.615 -12.096
204.869 -18.095
205.123 -10.695
205.377 -12.095
205.631 -10.095
205.885 4.705
206.139 7.705
206.394 7.505
206.648 10.505
206.902 7.305
207.156 0.705
207.410 1.505
207.664 0.105
207.918 -0.095
208.172 3.905
208.426 6.505
208.680 8.305
208.934 8.705
209.188 5.905
209.442 -5.094
209.696 -15.894
209.950 -13.294
210.205 -7.894
210.459 -1.894
210.713 2.306
210.967 11.506
211.221 10.706
211.475 -0.894
211.729 -10.894
211.983 -8.094
212.237 -8.694
212.491 -10.294
212.745 -6.094
212.999 -0.894
213.253 -3.294
213.507 -5.094
213.761 -4.494
214.016 -3.693
214.270 -5.093
214.524 -2.093
214.778 -6.893
215.032 -17.293
215.286 -18.693
215.540 -14.093
215.794 -20.293
216.048 -23.293
216.302 -11.693
216.556 -3.293
216.810 -5.893
217.064 -9.693
217.318 -6.093
217.572 -8.693
217.827 -12.093
218.081 -11.893
218.335 -7.692
218.589 -4.692
218.843 -9.492
219.097 -14.692
219.351 -16.492
219.605 -18.292
219.859 -17.892
220.113 -9.892
220.367 -1.492
220.621 -1.692
220.875 2.308
221.129 9.108
221.383 8.108
221.638 -1.492
221.892 -6.692
222.146 -12.092
222.400 -23.292
222.654 -29.691
222.908 -25.491
223.162 -17.491
223.416 -12.891
223.670 -15.091
223.924 -17.291
224.178 -23.891
224.432 -28.091
224.686 -19.891
224.940 -3.691
225.195 7.909
225.449 15.509
225.703 17.509
225.957 9.109
226.211 -0.091
226.465 -11.091
226.719 -17.891
226.973 -16.290
227.227 -12.490
227.481 -12.290
227.735 -6.090
227.989 -1.090
228.243 -3.490
228.497 -2.690
228.751 0.310
229.006 3.310
229.260 1.510
229.514 3.510
229.768 2.310
230.022 1.910
230.276 9.110
230.530 18.310
230.784 15.110
231.038 8.711
231.292 4.111
231.546 -16.089
231.800 -30.689
232.054 -25.689
232.308 -18.089
232.562 -16.289
232.817 -9.689
233.071 -4.889
233.325 -11.689
233.579 -17.889
233.833 -23.489
234.087 -30.089
234.341 -29.889
234.595 -33.089
234.849 -32.289
235.103 -22.089
235.357 -12.888
235.611 -15.288
235.865 -16.088
236.119 -19.488
236.373 -26.888
236.628 -27.488
236.882 -28.088
237.136 -29.488
237.390 -25.288
237.644 -21.488
237.898 -20.688
238.152 -19.888
238.406 -16.688
238.660 -18.888
238.914 -22.288
239.168 -28.288
239.422 -30.087
239.676 -25.287
239.930 -14.287
240.184 -6.487
240.439 1.313
240.693 6.313
240.947 9.513
241.201 -2.487
241.455 -12.487
241.709 -18.887
241.963 -17.087
242.217 -18.087
242.471 -13.487
242.725 -6.087
242.979 1.513
243.233 -0.887
243.487 -10.286
243.741 -15.486
243.995 -14.486
244.250 -14.086
244.504 -8.886
244.758 -1.686
245.012 -0.686
245.266 -0.286
245.520 -2.686
245.774 -12.286
246.028 -14.286
246.282 -11.686
246.536 -10.086
246.790 -4.286
247.044 3.314
247.298 8.114
247.552 7.915
247.806 -4.285
248.061 -17.285
248.315 -20.485
248.569 -28.485
248.823 -36.485
249.077 -34.085
249.331 -25.885
249.585 -22.485
249.839 -7.485
250.093 2.915
250.347 2.315
250.601 -7.085
250.855 -17.085
251.109 -31.485
251.363 -34.084
251.617 -28.684
251.872 -16.484
252.126 -3.684
252.380 4.916
252.634 10.916
252.888 8.716
253.142 2.316
253.396 -3.084
253.650 -10.484
253.904 -19.084
254.159 -15.484
254.413 -9.284
254.667 -7.884
254.922 -3.284
255.176 3.116
255.431 -3.283
255.685 -13.083
255.939 -19.883
256.194 -30.883
256.448 -34.283
256.702 -28.883
256.957 -29.283
257.211 -31.883
257.465 -20.883
257.720 -16.683
257.974 -14.483
258.228 -12.483
258.483 -10.083
258.737 -15.283
258.992 -22.283
259.246 -30.082
259.500 -26.882
259.755 -21.282
260.009 -19.882
260.263 -17.082
260.518 -16.682
260.772 -25.282
261.026 -30.482
261.281 -26.282
261.535 -23.682
261.789 -21.682
262.044 -8.082
262.298 2.518
262.553 9.518
262.807 17.318
263.061 15.119
263.316 6.719
263.570 -0.081
263.824 -7.881
264.079 -12.681
264.333 -6.681
264.587 2.319
264.842 13.519
265.096 15.119
265.351 3.719
265.605 0.719
265.859 -5.681
266.114 -22.681
266.368 -32.481
266.622 -31.680
266.877 -26.080
267.131 -21.880
267.385 -12.480
267.640 -3.680
267.894 0.120
268.148 -7.680
268.403 -15.880
268.657 -13.880
268.912 -11.680
269.166 -8.480
269.420 -7.080
269.675 -7.880
269.929 -18.280
270.183 -18.480
270.438 -15.879
270.692 -18.879
270.946 -14.679
271.201 -9.479
271.455 -17.079
271.709 -23.079
271.964 -13.279
272.218 -11.479
272.473 -8.479
272.727 -1.479
272.981 -4.079
273.236 -10.479
273.490 -15.079
273.744 -21.679
273.999 -16.678
274.253 -6.078
274.507 -2.878
274.762 6.522
275.016 14.122
275.271 12.922
275.525 9.122
275.779 3.122
276.034 -7.278
276.288 -10.278
276.542 -14.078
276.797 -17.278
277.051 -13.678
277.305 -1.678
277.560 5.122
277.814 3.323
278.068 4.723
278.323 3.723
278.577 -4.277
278.832 -11.277
279.086 -14.077
279.340 -13.277
279.595 -7.277
279.849 -8.877
280.103 -13.477
280.358 -9.077
280.612 -12.277
280.866 -17.477
281.121 -14.877
281.375 -13.076
281.629 -21.076
281.884 -18.076
282.138 -15.276
282.393 -20.476
282.647 -21.076
282.901 -12.076
283.156 -5.676
283.410 -6.676
283.664 4.324
283.919 17.124
284.173 24.124
284.427 22.324
284.682 25.724
284.936 14.925
285.191 3.925
285.445 -9.875
285.699 -16.875
285.954 -25.075
286.208 -23.875
286.462 -16.875
286.717 -4.475
286.971 2.325
287.225 9.925
287.480 10.925
287.734 7.125
287.988 -0.675
288.243 -9.274
288.497 -17.674
288.752 -13.274
289.006 -9.674
289.260 -4.074
289.515 -0.474
289.769 -2.674
290.023 -4.474
290.278 -10.074
290.532 -20.674
290.786 -28.874
291.041 -23.674
291.295 -21.474
291.549 -16.074
291.804 -12.673
292.058 -7.873
292.313 -5.273
292.567 1.727
292.821 6.127
293.076 4.527
293.330 1.927
293.584 1.327
293.839 -3.673
294.093 -12.273
294.347 -7.873
294.602 -3.473
294.856 -13.873
295.111 -24.472
295.365 -24.472
295.619 -23.272
295.874 -17.472
296.128 2.528
296.382 16.528
296.637 18.328
296.891 12.328
297.145 5.728
297.400 -7.472
297.654 -12.072
297.908 -17.072
298.163 -13.672
298.417 -11.872
298.672 -12.471
298.926 -14.271
299.180 -9.071
299.435 -8.271
299.689 -11.271
299.943 -3.271
300.198 -8.871
300.452 -15.671
300.706 -13.871
300.961 -7.271
301.215 -10.471
301.469 -1.471
301.724 10.729
301.978 10.530
302.233 7.930
302.487 6.930
302.741 7.730
302.996 0.530
303.250 -3.670
303.504 1.930
303.759 3.130
304.013 -1.070
304.267 10.330
304.522 17.530
304.776 7.530
305.031 0.730
305.285 -1.269
305.539 -8.069
305.794 -7.269
306.048 -3.469
306.302 2.131
306.557 2.331
306.811 -8.269
307.065 -20.869
307.320 -20.269
307.574 -20.269
307.828 -20.469
308.083 -13.469
308.337 -2.668
308.592 5.132
308.846 11.332
309.100 16.732
309.355 19.532
309.609 18.932
309.863 9.532
310.118 3.332
310.372 -0.868
310.626 -7.468
310.881 -11.668
311.135 -4.068
311.389 0.732
311.644 5.133
311.898 12.333
312.153 12.733
312.407 9.133
312.661 5.133
312.916 2.333
313.170 -6.867
313.429 -11.867
313.688 -15.267
313.947 -18.667
314.206 -23.867
314.465 -18.267
314.724 -11.467
314.983 -14.466
315.242 -14.266
315.501 -10.266
315.760 -10.666
316.019 -10.066
316.278 -4.866
316.536 -6.666
316.795 -9.666
317.054 -5.866
317.313 0.534
317.572 5.534
317.831 14.134
318.090 16.335
318.349 23.135
318.608 19.935
318.867 15.935
319.126 12.735
319.385 9.935
319.644 -0.465
319.903 -15.865
320.162 -28.865
320.421 -35.265
320.680 -40.465
320.939 -38.665
321.198 -27.064
321.457 -16.064
321.716 -12.064
321.975 -8.264
322.234 -11.264
322.493 -9.464
322.752 -5.064
323.010 -7.064
323.269 -9.464
323.528 -7.264
323.787 -11.864
324.046 -15.864
324.305 -3.663
324.564 13.537
324.823 13.537
325.082 13.937
325.341 7.337
325.600 -5.463
325.859 -13.063
326.118 -10.863
326.377 -9.463
326.636 -5.863
326.895 0.537
327.154 -8.463
327.413 -15.062
327.672 -11.462
327.931 -9.862
328.190 -17.662
328.449 -15.862
328.708 -19.062
328.967 -21.462
329.226 -21.662
329.485 -22.062
329.743 -18.462
330.002 -13.262
330.261 -17.262
330.520 -21.661
330.779 -18.661
331.038 -19.061
331.297 -13.061
331.556 -5.261
331.815 -1.261
332.074 -3.861
332.333 -5.661
332.592 -11.261
332.851 -19.661
333.110 -22.661
333.369 -18.861
333.628 -14.860
333.887 -10.660
334.146 -4.460
334.405 0.140
334.664 3.940
334.923 9.740
335.182 4.940
335.441 1.940
335.700 12.340
335.959 16.940
336.217 14.140
336.476 13.941
336.735 11.341
336.994 2.141
337.253 -4.659
337.512 -5.659
337.771 -1.859
338.030 6.141
338.289 7.741
338.548 9.341
338.807 5.941
339.066 -2.259
339.325 -8.059
339.584 -6.258
339.843 -1.458
340.102 2.742
340.361 12.342
340.620 18.342
340.879 19.342
341.138 18.742
341.397 21.142
341.656 23.342
341.915 23.142
342.174 20.542
342.433 22.943
342.691 13.343
342.950 6.943
343.209 3.343
343.468 -2.257
343.727 -13.457
343.986 -11.257
344.245 -9.457
344.504 -15.857
344.763 -13.857
345.022 -11.057
345.281 -12.857
345.540 -13.656
345.799 -4.256
346.058 -0.256
346.317 0.344
346.576 6.544
346.835 14.744
347.094 15.544
347.353 13.344
347.612 8.944
347.871 0.544
348.130 -10.656
348.389 -17.655
348.648 -20.255
348.907 -15.055
349.166 -5.855
349.424 -4.055
349.683 3.745
349.942 14.945
350.201 17.945
350.460 16.545
350.719 22.745
350.978 20.745
351.237 17.146
351.496 21.946
351.755 26.146
352.014 22.946
352.273 22.746
352.532 23.746
352.791 17.346
353.050 14.346
353.309 14.146
353.568 8.946
353.827 1.546
354.086 4.147
354.345 1.347
354.604 -5.453
354.863 -5.453
355.122 -7.053
355.381 -9.653
355.640 -6.253
355.898 -4.053
356.157 -2.453
356.416 -1.453
356.675 -3.452
356.934 -1.452
357.193 5.948
357.452 2.148
357.711 -3.052
357.970 2.948
358.229 -4.652
358.488 -11.252
358.747 2.548
359.006 14.748
359.265 15.548
359.524 23.549
359.783 27.749
360.042 25.349
360.301 21.549
360.560 14.949
360.819 8.949
361.078 8.349
361.337 2.549
361.596 8.349
361.855 15.949
362.114 18.549
362.372 22.150
362.631 24.950
362.890 14.350
363.149 9.350
363.408 18.150
363.667 15.150
363.926 12.150
364.185 21.550
364.444 23.150
364.703 15.150
364.962 13.551
365.221 13.951
365.480 4.351
365.741 -4.449
366.002 1.151
366.264 11.151
366.525 10.351
366.786 17.151
367.047 24.951
367.308 21.951
367.570 14.952
367.831 10.752
368.092 7.752
368.353 6.352
368.614 -4.448
368.876 -10.648
369.137 -3.648
369.398 3.352
369.659 7.952
369.920 19.752
370.182 28.152
370.443 33.153
370.704 32.353
370.965 28.553
371.226 22.953
371.488 21.353
371.749 22.953
372.010 26.953
372.271 30.553
372.532 35.753
372.794 32.953
373.055 16.354
373.316 3.354
373.577 -1.446
373.838 -2.446
374.100 -0.246
374.361 8.954
374.622 15.554
374.883 15.754
375.144 15.554
375.406 18.154
375.667 14.955
375.928 12.555
376.189 18.755
376.450 15.555
376.712 14.555
376.973 26.355
377.234 35.155
377.495 32.555
377.756 29.755
378.018 30.355
378.279 23.156
378.540 12.756
378.801 6.156
379.062 7.156
379.324 12.356
379.585 20.956
379.846 25.356
380.107 26.356
380.368 26.756
380.630 22.756
380.891 15.757
381.152 13.357
381.413 19.157
381.674 23.157
381.936 20.957
382.197 23.757
382.458 22.957
382.719 19.157
382.980 11.357
383.242 6.558
383.503 0.158
383.764 3.358
384.025 10.958
384.286 21.358
384.548 24.158
384.809 28.558
385.070 32.558
385.331 29.358
385.592 26.158
385.854 29.359
386.115 32.159
386.376 22.359
386.637 10.959
386.898 17.959
387.160 22.359
387.421 25.759
387.682 34.559
387.943 45.759
388.204 39.759
388.466 38.160
388.727 28.960
388.988 23.760
389.249 17.960
389.510 17.960
389.772 22.160
390.033 23.360
390.294 21.760
390.555 19.960
390.816 11.761
391.078 0.961
391.339 -0.239
391.600 8.361
391.861 20.161
392.122 29.361
392.384 33.761
392.645 34.961
392.906 25.961
393.167 15.761
393.428 15.562
393.690 14.362
393.951 19.162
394.212 22.562
394.473 27.362
394.734 33.962
394.996 36.762
395.257 27.962
395.518 31.162
395.779 35.363
396.040 30.963
396.302 26.963
396.563 33.563
396.824 34.163
397.085 35.963
397.346 31.963
397.608 29.763
397.869 28.763
398.130 29.764
398.391 25.764
398.652 28.764
398.914 30.964
399.175 27.164
399.436 29.764
399.697 30.764
399.958 22.764
400.220 17.764
400.481 14.965
400.742 11.165
401.003 9.165
401.264 8.965
401.526 12.965
401.787 12.965
402.048 4.565
402.309 8.965
402.570 23.165
402.832 24.366
403.093 24.566
403.354 25.566
403.615 26.166
403.876 28.166
404.138 36.966
404.399 45.366
404.660 59.566
404.931 64.366
405.202 53.967
405.473 45.567
405.745 50.767
406.016 45.767
406.287 35.567
406.558 39.167
406.829 44.567
407.100 42.967
407.371 45.767
407.642 49.168
407.914 46.168
408.185 41.968
408.456 35.968
408.727 32.368
408.998 27.968
409.269 32.368
409.540 35.168
409.811 41.968
410.083 48.169
410.354 54.769
410.625 54.969
410.896 56.569
411.167 47.969
411.438 47.969
411.709 46.369
411.981 39.569
412.252 40.169
412.523 47.970
412.794 43.770
413.065 47.770
413.336 53.770
413.607 46.570
413.878 34.370
414.150 30.970
414.421 29.170
414.692 32.770
414.963 37.371
415.234 41.771
415.505 43.971
415.776 43.371
416.047 39.371
416.319 36.571
416.590 37.771
416.861 36.571
417.132 34.572
417.403 35.172
417.674 41.572
417.945 49.972
418.217 46.772
418.488 44.572
418.759 44.772
419.030 41.772
419.301 36.572
419.572 43.573
419.843 42.573
420.114 44.573
420.386 47.773
420.657 55.373
420.928 56.173
421.199 65.973
421.470 66.773
421.741 59.174
422.012 48.174
422.283 42.774
422.555 41.174
422.826 36.174
423.097 40.774
423.368 45.974
423.639 42.774
423.910 32.374
424.181 39.175
424.453 39.575
424.724 35.975
424.995 36.575
425.266 40.375
425.537 36.975
425.808 40.575
426.079 50.375
426.350 52.776
426.622 46.376
426.893 37.176
427.164 24.776
427.435 8.176
427.706 9.376
427.977 13.976
428.248 27.376
428.519 42.777
428.791 52.777
429.062 51.977
429.333 51.377
429.604 41.177
429.875 28.177
430.146 22.977
430.417 24.777
430.689 23.178
430.960 28.778
431.231 38.578
431.502 43.978
431.773 45.778
432.044 57.978
432.315 65.378
432.586 63.978
432.858 60.778
433.129 60.979
433.400 54.579
433.671 49.179
433.942 52.179
434.213 53.179
434.484 51.179
434.755 51.379
435.027 51.179
435.298 51.580
435.569 52.380
435.840 51.780
436.114 65.380
436.388 75.780
436.663 79.380
436.937 80.180
437.211 84.580
437.485 81.381
437.759 76.181
438.034 70.581
438.308 71.981
438.582 76.581
438.856 78.581
439.130 80.581
439.405 83.582
439.679 82.982
439.953 81.582
440.227 77.782
440.501 72.982
440.776 74.182
441.050 78.982
441.324 82.982
441.598 90.183
441.872 95.583
442.147 90.583
442.421 91.183
442.695 90.583
442.969 83.783
443.244 82.983
443.518 94.583
443.792 106.384
444.066 119.584
444.340 133.384
444.615 138.784
444.889 141.784
445.163 138.584
445.437 125.984
445.711 117.384
445.986 127.185
446.260 127.585
446.534 130.185
446.808 139.185
447.082 139.585
447.357 137.785
447.631 147.585
447.905 152.386
448.179 156.786
448.453 156.986
448.728 148.786
449.002 147.586
449.276 152.186
449.550 151.986
449.824 166.757
450.099 184.030
450.373 196.403
450.647 201.430
450.921 206.050
451.195 202.300
451.470 205.060
451.744 201.517
452.018 206.198
452.292 219.359
452.566 235.528
452.841 239.636
453.115 240.359
453.389 237.780
453.663 236.746
453.937 237.086
454.212 244.531
454.486 264.361
454.760 279.931
455.034 288.884
455.308 297.524
455.583 303.667
455.857 306.600
456.131 313.581
456.405 321.082
456.680 335.926
456.954 349.158
457.228 357.501
457.502 369.546
457.776 381.928
458.051 387.749
458.325 391.936
458.599 398.387
458.873 406.229
459.147 418.138
459.422 435.550
459.696 458.080
459.970 478.523
460.244 499.144
460.518 518.578
460.793 530.183
461.067 540.718
461.341 549.999
461.615 557.021
461.889 563.774
462.164 580.537
462.438 600.409
462.712 623.957
462.986 650.883
463.260 671.640
463.535 683.798
463.809 695.796
464.083 703.500
464.357 710.375
464.631 719.646
464.906 742.953
465.180 770.358
465.454 804.874
465.728 841.664
466.002 879.343
466.277 903.609
466.551 921.468
466.825 936.021
467.099 954.032
467.373 973.880
467.648 996.991
467.922 1030.403
468.196 1059.218
468.470 1079.766
468.744 1100.589
469.019 1128.870
469.293 1152.621
469.567 1186.401
469.841 1225.180
470.116 1264.842
470.390 1296.262
470.664 1337.112
470.938 1366.778
471.212 1394.150
471.487 1432.671
471.761 1472.492
472.035 1500.369
472.309 1540.275
472.583 1577.701
472.858 1605.447
473.132 1643.040
473.406 1695.610
473.680 1743.239
473.954 1793.942
474.229 1846.294
474.503 1890.898
474.777 1927.907
475.051 1975.016
475.325 2021.023
475.600 2067.888
475.874 2116.837
476.148 2162.923
476.422 2218.916
476.696 2280.362
476.971 2340.708
477.245 2404.464
477.519 2464.173
477.793 2515.063
478.067 2573.314
478.342 2629.613
478.616 2694.580
478.890 2764.884
479.164 2830.290
479.438 2894.219
479.713 2970.944
479.987 3042.111
480.261 3111.697
480.535 3185.712
480.809 3259.038
481.084 3330.679
481.358 3396.726
481.632 3461.997
481.906 3538.909
482.180 3615.177
482.455 3683.451
482.729 3756.266
483.003 3840.897
483.277 3921.707
483.551 4011.220
483.826 4105.088
484.100 4210.842
484.374 4304.755
484.648 4392.223
484.923 4487.254
485.197 4588.343
485.471 4689.630
485.745 4805.001
486.019 4918.628
486.294 5028.686
486.568 5136.319
486.842 5234.564
487.116 5336.090
487.390 5441.574
487.665 5535.192
487.939 5647.034
488.213 5768.891
488.487 5897.190
488.761 6041.294
489.036 6196.904
489.310 6349.074
489.584 6496.668
489.858 6634.041
490.132 6764.936
490.407 6898.464
490.681 7020.313
490.955 7153.575
491.229 7291.295
491.503 7434.055
491.778 7589.308
492.052 7743.998
492.326 7899.874
492.600 8060.672
492.874 8219.112
493.149 8375.884
493.423 8543.029
493.697 8709.306
493.971 8878.228
494.245 9055.702
494.520 9239.718
494.794 9438.831
495.068 9627.857
495.342 9813.041
495.616 10006.207
495.891 10183.221
496.165 10368.995
496.439 10571.744
496.713 10779.326
496.987 10992.285
497.262 11227.280
497.536 11448.501
497.810 11659.339
498.084 11882.948
498.359 12086.784
498.633 12279.232
498.907 12481.976
499.181 12698.978
499.455 12919.828
499.730 13172.490
500.004 13410.558
500.278 13643.924
500.552 13880.647
500.826 14101.873
501.101 14299.649
501.375 14515.997
501.649 14737.395
501.923 14972.736
502.197 15203.698
502.472 15454.229
502.746 15734.999
503.020 15993.065
503.294 16221.947
503.568 16465.644
503.843 16724.252
504.117 16943.658
504.391 17187.611
504.665 17448.738
504.939 17721.610
505.214 17949.173
505.488 18184.892
505.762 18421.770
506.036 18651.799
506.310 18882.451
506.585 19118.700
506.859 19350.790
507.133 19588.706
507.407 19829.652
507.681 20051.067
507.956 20293.046
508.230 20541.829
508.504 20772.135
508.778 21010.560
509.052 21239.444
509.327 21418.087
509.601 21588.197
509.875 21799.295
510.149 22001.049
510.423 22187.364
510.698 22405.292
510.972 22632.781
511.246 22804.746
511.520 22985.722
511.795 23174.131
512.069 23374.667
512.343 23551.821
512.617 23726.535
512.891 23883.109
513.166 24047.189
513.440 24186.658
513.714 24316.400
513.988 24439.717
514.262 24581.168
514.537 24686.535
514.811 24775.228
515.085 24852.006
515.359 24951.128
515.633 25026.900
515.908 25123.507
516.182 25211.771
516.456 25311.149
516.730 25384.333
517.004 25436.322
517.279 25468.088
517.553 25546.932
517.827 25595.693
518.101 25619.771
518.375 25631.291
518.650 25663.941
518.924 25636.837
519.198 25641.457
519.472 25627.032
519.746 25583.883
520.021 25526.206
520.295 25472.613
520.569 25392.269
520.843 25314.791
521.117 25245.829
521.392 25167.652
521.666 25064.294
521.940 24970.313
522.214 24890.076
522.488 24790.791
522.763 24650.293
523.037 24514.817
523.311 24350.000
523.585 24186.467
523.859 24037.045
524.134 23924.019
524.408 23807.569
524.682 23691.323
524.956 23540.824
525.231 23384.425
525.505 23182.138
525.779 22991.426
526.053 22800.581
526.327 22639.279
526.602 22441.421
526.876 22274.040
527.150 22097.063
527.424 21915.964
527.698 21715.353
527.973 21508.148
528.247 21310.447
528.521 21114.351
528.795 20905.780
529.069 20700.184
529.344 20533.733
529.618 20347.167
529.892 20129.687
530.166 19917.115
530.440 19700.783
530.715 19470.166
530.989 19221.726
531.263 18996.900
531.537 18785.216
531.811 18560.100
532.086 18344.109
532.360 18141.378
532.634 17937.551
532.908 17714.562
533.182 17492.267
533.457 17275.951
533.731 17056.449
534.005 16843.588
534.279 16627.803
534.553 16431.186
534.828 16212.305
535.102 15993.422
535.376 15779.001
535.650 15567.375
535.924 15343.168
536.199 15134.776
536.473 14939.828
536.747 14751.546
537.021 14558.725
537.295 14373.804
537.570 14193.506
537.844 14008.220
538.118 13801.187
538.392 13609.882
538.666 13431.509
538.941 13255.929
539.215 13088.193
539.489 12904.465
539.763 12722.990
540.038 12532.286
540.312 12349.133
540.586 12162.247
540.860 12002.643
541.134 11844.425
541.409 11684.455
541.683 11531.931
541.957 11388.911
542.231 11227.590
542.505 11064.792
542.780 10901.946
543.054 10714.758
543.328 10523.781
543.602 10340.771
543.876 10171.821
544.151 10009.784
544.425 9868.897
544.699 9731.428
544.973 9609.315
545.247 9485.474
545.522 9363.184
545.796 9213.740
546.070 9056.379
546.351 8913.213
546.632 8768.474
546.912 8616.272
547.193 8485.359
547.474 8337.643
547.755 8173.570
548.036 8020.565
548.317 7887.097
548.597 7758.908
548.878 7645.686
549.159 7535.489
549.440 7406.182
549.721 7287.262
550.001 7170.126
550.282 7064.570
550.563 6964.037
550.844 6868.610
551.125 6756.764
551.406 6648.265
551.686 6532.162
551.967 6413.500
552.248 6302.244
552.529 6203.507
552.810 6093.679
553.090 5987.912
553.371 5890.978
553.652 5787.853
553.933 5675.939
554.214 5582.526
554.495 5492.910
554.775 5392.264
555.056 5297.002
555.337 5210.507
555.618 5131.842
555.899 5045.481
556.179 4958.154
556.460 4876.141
556.741 4776.328
557.022 4666.734
557.303 4587.180
557.584 4512.502
557.864 4439.691
558.145 4370.574
558.426 4290.064
558.707 4209.659
558.988 4132.523
559.268 4055.514
559.549 3985.625
559.830 3918.170
560.111 3830.470
560.392 3748.581
560.673 3669.094
560.953 3591.806
561.234 3533.226
561.515 3495.067
561.796 3444.741
562.077 3372.652
562.357 3308.864
562.638 3246.694
562.919 3169.693
563.200 3108.077
563.481 3070.266
563.762 3030.602
564.042 2981.904
564.323 2933.686
564.604 2888.268
564.885 2836.928
565.166 2779.824
565.446 2728.105
565.727 2674.843
566.008 2612.794
566.289 2571.998
566.570 2532.595
566.851 2479.879
567.131 2437.834
567.412 2411.942
567.693 2368.303
567.974 2312.797
568.255 2274.556
568.535 2238.755
568.816 2194.333
569.097 2140.933
569.378 2103.307
569.659 2069.699
569.940 2031.096
570.220 1982.280
570.501 1955.219
570.782 1919.146
571.063 1863.235
571.344 1809.864
571.624 1773.541
571.905 1737.512
572.186 1697.905
572.467 1674.560
572.748 1657.067
573.029 1637.786
573.309 1606.841
573.590 1583.847
573.871 1553.778
574.152 1525.778
574.433 1492.150
574.713 1465.262
574.994 1442.199
575.275 1426.084
575.556 1397.761
575.837 1372.797
576.118 1343.446
576.398 1313.566
576.679 1289.482
576.960 1271.009
577.245 1248.706
577.531 1227.207
577.816 1206.992
578.102 1179.610
578.387 1159.918
578.672 1141.979
578.958 1120.777
579.243 1099.320
579.529 1077.057
579.814 1048.220
580.099 1022.474
580.385 1006.610
580.670 1003.480
580.956 997.863
581.241 983.758
581.526 964.506
581.812 946.029
582.097 915.555
582.382 892.470
582.668 874.930
582.953 862.220
583.239 851.379
583.524 845.527
583.809 837.611
584.095 834.415
584.380 834.639
584.666 826.694
584.951 809.384
585.236 786.591
585.522 765.609
585.807 746.564
586.093 736.117
586.378 733.493
586.663 730.664
586.949 720.071
587.234 707.525
587.520 686.691
587.805 670.504
588.090 662.546
588.376 656.419
588.661 653.063
588.947 655.327
589.232 645.538
589.517 636.126
589.803 627.114
590.088 605.731
590.374 582.697
590.659 568.101
590.944 559.949
591.230 555.504
591.515 553.379
591.800 549.803
592.086 546.321
592.371 532.132
592.657 513.204
592.942 504.894
593.227 504.601
593.513 504.601
593.798 505.563
594.084 506.627
594.369 504.313
594.654 502.480
594.940 498.241
595.225 491.788
595.511 493.908
595.796 489.971
596.081 475.642
596.367 468.528
596.652 465.372
596.938 456.529
597.223 448.920
597.508 449.028
597.794 450.951
598.079 451.320
598.365 449.313
598.650 449.916
598.935 450.963
599.221 447.502
599.506 443.460
599.792 442.967
600.077 444.397
600.362 439.947
600.648 435.799
600.933 432.720
601.218 424.911
601.504 421.147
601.789 415.560
602.075 406.780
602.360 394.076
602.645 392.996
602.931 391.072
603.216 391.727
603.502 394.040
603.787 409.501
604.072 413.899
604.358 407.843
604.643 404.446
604.929 405.180
605.214 404.878
605.499 405.152
605.785 410.255
606.070 419.966
606.356 425.622
606.641 425.683
606.926 426.894
607.212 424.804
607.497 418.534
607.783 417.315
608.068 411.236
608.353 412.536
608.639 426.388
608.924 434.421
609.210 438.461
609.495 447.178
609.780 444.192
610.066 430.183
610.351 435.422
610.636 442.142
610.922 443.387
611.207 453.123
611.493 462.268
611.778 449.866
612.063 445.046
612.349 447.570
612.634 446.161
612.920 452.039
613.205 467.452
613.490 471.950
613.776 476.370
614.061 486.017
614.347 484.522
614.632 479.975
614.917 480.354
615.203 482.526
615.488 481.240
615.774 483.090
616.059 486.817
616.344 495.143
616.630 505.087
616.915 514.727
617.201 521.274
617.486 524.053
617.771 523.871
618.057 521.809
618.342 518.651
618.627 521.350
618.913 521.247
619.198 524.637
619.484 526.763
619.769 528.975
620.054 527.783
620.340 529.481
620.625 526.614
620.911 523.429
621.196 513.621
621.481 513.530
621.767 524.185
622.052 527.315
622.338 530.856
622.623 536.687
622.908 532.671
623.194 531.485
623.479 530.199
623.765 525.198
624.050 528.944
624.335 537.014
624.621 534.721
624.906 524.933
625.192 517.970
625.477 508.176
625.762 498.073
626.048 492.523
626.333 490.896
626.619 479.647
626.904 466.224
627.189 462.550
627.475 453.809
627.760 442.074
628.045 437.071
628.331 431.294
628.616 411.375
628.902 393.906
629.187 388.158
629.472 383.708
629.758 384.405
630.043 388.422
630.329 384.295
630.614 378.920
630.899 378.544
631.185 372.148
631.470 361.665
631.756 359.590
632.041 357.837
632.326 346.919
632.612 339.016
632.897 335.435
633.183 325.144
633.468 310.369
633.753 294.719
634.039 274.149
634.324 254.357
634.610 235.322
634.895 211.208
635.180 188.271
635.466 168.003
635.751 151.812
636.037 135.555
636.322 124.366
636.607 118.649
636.893 115.285
637.178 108.009
637.463 102.157
637.749 101.860
638.034 101.550
638.320 102.011
638.605 102.138
638.890 98.897
639.176 91.331
639.461 81.582
639.747 68.832
640.032 61.005
640.317 62.379
640.603 62.875
640.888 62.684
641.174 67.365
641.459 74.777
641.744 72.448
642.030 67.955
642.315 68.363
642.601 66.792
642.886 53.458
643.171 44.468
643.457 49.056
643.742 51.479
644.028 46.249
644.313 46.102
644.598 49.966
644.884 48.954
645.169 43.005
645.455 43.608
645.740 47.691
646.025 53.455
646.311 58.685
646.596 63.556
646.881 67.855
647.167 73.122
647.452 76.378
647.738 70.958
648.023 69.021
648.308 71.883
648.594 71.240
648.879 62.037
649.165 57.440
649.450 53.596
649.735 46.947
650.021 44.971
650.306 46.154
650.592 48.456
650.877 49.829
651.162 51.205
651.448 49.594
651.733 45.699
652.019 39.147
652.304 43.568
652.589 51.400
652.875 46.353
653.160 45.626
653.446 43.744
653.731 32.207
654.016 24.287
654.302 29.487
654.587 35.636
654.873 41.187
655.158 42.740
655.443 42.808
655.729 43.462
656.014 42.384
656.299 43.785
656.585 46.703
656.870 46.948
657.156 45.837
657.441 44.533
657.726 42.643
658.012 39.970
658.297 39.820
658.583 39.118
658.868 33.140
659.153 32.007
659.439 38.657
659.724 33.446
660.010 24.509
660.295 28.428
660.580 33.526
660.866 32.024
661.151 36.745
661.437 40.283
661.722 36.980
662.007 32.119
662.293 24.481
662.578 16.839
662.864 17.449
663.149 16.676
663.434 12.557
663.720 15.134
664.005 16.915
664.290 19.720
664.576 28.459
664.861 28.068
665.147 23.325
665.432 25.920
665.717 26.938
666.003 24.985
666.288 35.724
666.574 44.688
666.859 50.879
667.144 47.720
667.430 46.146
667.715 40.205
668.001 28.047
668.286 23.286
668.571 24.912
668.857 27.544
669.142 38.556
669.428 57.550
669.713 54.160
669.998 51.771
670.284 41.372
670.569 24.773
670.855 11.580
671.140 17.004
671.425 17.411
671.711 19.422
671.996 28.669
672.282 31.493
672.567 35.745
672.852 36.776
673.138 35.372
673.423 24.314
673.708 20.091
673.994 17.698
674.279 19.327
674.565 21.757
674.850 28.217
675.135 35.088
675.421 29.655
675.706 31.695
675.992 36.751
676.277 39.797
676.562 32.931
676.848 27.071
677.133 20.803
677.419 13.323
677.704 7.459
677.989 16.600
678.275 26.538
678.560 24.119
678.846 27.365
679.131 31.426
679.416 20.868
679.702 17.031
679.987 24.766
680.273 39.428
680.558 46.372
680.843 50.852
681.129 52.887
681.414 46.583
681.700 30.921
681.985 19.721
682.270 18.710
682.556 14.648
682.841 17.907
683.126 18.111
683.412 17.703
683.697 17.700
683.983 18.716
684.268 6.898
684.553 -5.961
684.839 -5.960
685.124 -5.348
685.410 -12.476
685.695 -3.101
685.980 15.879
686.266 17.713
686.551 16.286
686.837 25.050
687.122 24.035
687.407 21.989
687.693 27.078
687.978 21.174
688.264 15.465
688.549 11.796
688.834 6.294
689.120 6.896
689.405 18.071
689.691 20.505
689.976 18.479
690.261 23.351
690.547 18.460
690.832 11.961
691.118 10.540
691.403 13.380
691.688 12.341
691.974 10.910
692.259 14.751
692.544 17.576
692.830 18.383
693.115 13.126
693.401 18.167
693.686 17.140
693.971 14.511
694.257 13.703
694.542 22.371
694.828 21.961
695.113 25.400
695.398 25.800
695.684 25.397
695.969 21.154
696.255 22.129
696.540 14.864
696.834 10.443
697.127 8.635
697.421 5.009
697.715 -3.022
698.008 -4.627
698.302 -3.621
698.596 -0.208
698.889 2.593
699.183 1.190
699.477 5.592
699.771 7.797
700.064 8.991
700.358 7.585
700.652 8.389
700.945 6.391
701.239 8.586
701.533 4.992
701.826 7.973
702.120 9.968
702.414 9.567
702.707 7.768
703.001 11.754
703.295 9.755
703.588 12.331
703.882 12.926
704.176 12.923
704.469 9.538
704.763 4.770
705.057 2.184
705.351 4.356
705.644 10.698
705.938 13.868
706.232 12.880
706.525 14.069
706.819 9.518
707.113 4.356
707.406 9.489
707.700 15.620
707.994 11.071
708.287 11.076
708.581 14.240
708.875 6.731
709.168 0.017
709.462 2.189
709.756 11.856
710.049 11.648
710.343 15.987
710.637 24.069
710.931 21.509
711.224 13.817
711.518 8.098
711.812 -2.737
712.105 -6.087
712.399 -4.512
712.693 -7.664
712.986 -3.136
713.280 2.180
713.574 -0.184
713.867 0.801
714.161 1.397
714.455 -7.456
714.748 -8.835
715.042 -14.543
715.336 -18.480
715.629 -20.457
715.923 -19.682
716.217 -16.532
716.511 -11.218
716.804 -6.688
717.098 1.202
717.392 6.726
717.685 6.336
717.979 9.892
718.273 8.906
718.566 8.328
718.860 12.887
719.154 13.287
719.447 10.918
719.741 13.105
720.035 9.937
720.328 3.799
720.622 7.574
720.916 12.148
721.209 9.962
721.503 11.953
721.797 14.737
722.091 18.346
722.384 20.163
722.678 22.758
722.972 28.338
723.265 29.547
723.559 23.168
723.853 19.180
724.146 16.385
724.440 3.617
724.734 -4.575
725.027 -5.371
725.321 -10.168
725.615 -13.968
725.908 -9.167
726.202 -1.770
726.496 -6.768
726.789 -12.568
727.083 -8.767
727.377 -1.367
727.671 5.837
727.964 18.237
728.258 26.038
728.552 24.635
728.845 23.654
729.139 12.452
729.433 6.658
729.726 16.097
730.020 29.358
730.314 28.160
730.607 27.357
730.901 22.339
731.195 9.283
731.488 -4.387
731.782 -14.230
732.076 -17.855
732.369 -17.251
732.663 -16.047
732.957 -12.223
733.251 -3.769
733.544 7.907
733.838 18.389
734.132 25.033
734.425 24.837
734.719 21.814
735.013 14.765
735.306 0.445
735.600 -9.440
735.894 -11.054
736.187 -8.225
736.481 -3.373
736.775 3.291
737.068 10.163
737.362 8.135
737.656 9.975
737.949 2.679
738.243 -4.022
738.537 -6.048
738.831 -4.223
739.124 -10.718
739.418 -3.799
739.712 3.724
740.005 8.203
740.299 10.649
740.593 10.241
740.886 2.095
741.180 -3.609
741.474 -11.352
741.767 -12.163
742.061 -11.552
742.355 -8.701
742.648 -4.418
742.942 7.015
743.236 4.765
743.529 4.354
743.823 4.350
744.117 5.169
744.411 0.065
744.704 -0.138
744.998 8.269
745.292 17.479
745.585 15.434
745.879 8.887
746.173 7.451
746.466 -1.368
746.760 -13.864
747.054 -11.612
747.347 -3.825
747.641 0.275
747.935 3.147
748.228 4.165
748.522 3.555
748.816 -0.547
749.109 -1.366
749.403 -0.544
749.697 3.979
749.991 1.109
750.284 1.725
750.578 2.135
750.872 10.154
751.165 14.255
751.459 10.344
751.753 -1.166
752.046 -4.657
752.340 -13.907
752.634 -22.534
752.927 -16.778
753.221 -5.472
753.515 -5.061
753.808 -2.384
754.102 12.215
754.396 21.054
754.689 26.804
754.983 36.252
755.277 33.166
755.571 24.531
755.864 16.309
756.158 6.860
756.452 1.319
756.745 3.578
757.039 9.738
757.333 10.358
757.626 15.906
757.920 17.745
758.214 15.898
758.507 6.659
758.801 3.375
759.095 1.324
759.388 2.349
759.682 8.297
759.976 9.528
760.269 6.869
760.563 3.185
760.857 -6.646
761.151 -11.369
761.444 -15.257
761.738 -7.893
762.032 4.773
762.325 13.768
762.619 18.248
762.913 22.953
763.206 16.224
763.500 3.583
763.798 4.798
764.097 3.768
764.395 5.591
764.693 9.462
764.992 14.141
765.290 9.252
765.588 2.747
765.887 -6.383
766.185 -11.859
766.483 -16.521
766.782 -15.711
767.080 -10.653
767.378 -3.758
767.677 3.336
767.975 10.618
768.273 9.606
768.571 8.186
768.870 1.121
769.168 -9.163
769.466 -15.005
769.765 -13.799
770.063 -11.803
770.361 -1.931
770.660 6.739
770.958 4.948
771.256 4.744
771.555 1.727
771.853 -5.087
772.151 -5.486
772.450 -4.877
772.748 -9.472
773.046 -16.460
773.345 -16.656
773.643 -20.248
773.941 -11.261
774.240 -1.873
774.538 5.710
774.836 12.098
775.135 16.888
775.433 13.292
775.731 12.279
776.030 10.883
776.328 2.128
776.626 -0.857
776.925 3.116
777.223 -1.069
777.521 -3.455
777.819 1.315
778.118 -2.454
778.416 -16.966
778.714 -21.931
779.013 -19.942
779.311 -20.137
779.609 -11.593
779.908 4.120
780.206 7.100
780.504 2.139
780.803 -1.232
781.101 -9.979
781.399 -17.342
781.698 -16.349
781.996 -17.755
782.294 -11.402
782.593 1.129
782.891 0.333
783.189 4.311
783.488 15.257
783.786 11.080
784.084 3.120
784.383 -1.872
784.681 -10.249
784.979 -13.827
785.278 -14.038
785.576 -19.246
785.874 -14.458
786.173 -13.254
786.471 -17.454
786.769 -22.869
787.068 -27.892
787.366 -23.882
787.664 -15.068
787.962 -12.868
788.261 -6.863
788.559 5.565
788.857 5.970
789.156 0.554
789.454 -3.480
789.752 -7.119
790.051 -7.117
790.349 -7.102
790.647 -11.748
790.946 -8.325
791.244 7.681
791.542 14.987
791.841 7.287
792.139 7.466
792.437 7.460
792.736 -10.626
793.034 -25.650
793.332 -18.943
793.631 -17.530
793.929 -15.085
794.227 -0.618
794.526 7.925
794.824 5.888
795.122 14.874
795.421 11.810
795.719 -5.181
796.017 -12.757
796.316 -9.677
796.614 -17.251
796.912 -17.880
797.211 -4.533
797.509 2.233
797.807 -2.908
798.105 -5.185
798.404 -11.402
798.702 -19.259
799.000 -19.462
799.299 -19.887
799.597 -15.550
799.895 -5.201
800.194 -0.850
800.492 -5.019
800.790 -5.037
801.089 -8.378
801.387 -13.178
801.685 -14.644
801.984 -11.729
802.282 -8.594
802.580 -1.260
802.879 1.878
803.177 -0.665
803.475 -4.467
803.774 -8.265
804.072 -18.380
804.370 -28.327
804.669 -29.627
804.967 -30.282
805.265 -33.284
805.564 -30.561
805.862 -20.401
806.160 -16.382
806.459 -18.794
806.757 -20.555
807.055 -27.226
807.353 -37.289
807.652 -39.026
807.950 -27.869
808.248 -18.859
808.547 -7.472
808.845 -2.606
809.143 -12.812
809.442 -21.900
809.740 -16.681
810.038 -14.925
810.337 -12.780
810.635 0.653
810.933 0.597
811.232 -5.481
811.530 -8.526
811.831 -5.026
812.132 -5.029
812.432 0.888
812.733 1.558
813.034 -0.887
813.335 -2.887
813.636 -3.784
813.936 -7.594
814.237 -10.055
814.538 -11.862
814.839 -15.473
815.140 -15.480
815.440 -14.379
815.741 -19.797
816.042 -18.697
816.343 -8.543
816.644 -4.466
816.945 -0.843
817.245 7.281
817.546 16.562
817.847 9.772
818.148 0.230
818.449 -3.170
818.749 -1.361
819.050 -11.997
819.351 -15.612
819.652 -16.251
819.953 -18.963
820.253 -22.802
820.554 -18.508
820.855 -11.048
821.156 0.679
821.457 5.434
821.757 4.090
822.058 4.313
822.359 4.065
822.660 -2.884
822.961 0.018
823.261 2.487
823.562 4.041
823.863 1.593
824.164 2.943
824.465 -6.803
824.765 -11.875
825.066 -16.514
825.367 -16.507
825.668 -9.489
825.969 5.008
826.269 15.756
826.570 22.533
826.871 21.888
827.172 12.948
827.473 2.496
827.774 -13.355
828.074 -26.334
828.375 -25.676
828.676 -18.992
828.977 -9.108
829.278 2.131
829.578 10.766
829.879 5.884
830.180 -3.065
830.481 -12.885
830.782 -16.701
831.082 -14.588
831.383 -9.063
831.684 -3.340
831.985 4.025
832.286 8.651
832.586 2.592
832.887 -2.820
833.188 -7.170
833.489 -20.859
833.790 -30.764
834.090 -29.478
834.391 -28.166
834.692 -29.139
834.993 -11.872
835.294 1.866
835.594 1.900
835.895 2.556
836.196 3.628
836.497 -12.596
836.798 -28.753
837.099 -25.706
837.399 -21.868
837.700 -22.586
838.001 -19.267
838.302 -14.152
838.603 -23.405
838.903 -24.788
839.204 -25.954
839.505 -25.973
839.806 -16.673
840.107 -10.618
840.407 -13.855
840.708 -8.534
841.009 -2.557
841.310 -4.277
841.611 -0.662
841.911 1.913
842.212 -4.372
842.513 -6.020
842.814 -7.206
843.115 -9.099
843.415 -5.302
843.716 4.395
844.017 4.592
844.318 -4.536
844.619 -10.271
844.919 -11.081
845.220 -12.765
845.521 -15.219
845.822 -11.600
846.123 -7.509
846.423 -12.655
846.724 -15.334
847.025 -11.094
847.326 -6.400
847.627 -4.845
847.928 -4.195
848.228 -6.493
848.529 -15.600
848.830 -25.207
849.131 -30.715
849.432 -35.312
849.732 -34.862
850.033 -22.541
850.334 -12.017
850.635 -3.090
850.936 3.096
851.236 -0.983
851.537 -8.503
851.838 -4.882
852.139 -3.540
852.440 -1.494
852.740 1.505
853.041 -5.911
853.342 -19.662
853.643 -36.987
853.944 -51.980
854.244 -56.380
854.545 -43.791
854.846 -28.609
855.147 -6.940
855.448 7.160
855.748 13.444
856.049 -0.328
856.350 -16.731
856.651 -31.375
856.952 -34.813
857.253 -30.695
857.553 -18.920
857.854 -9.353
858.155 1.366
858.456 6.925
858.757 -2.978
859.057 -4.026
859.358 -8.802
859.659 -23.175
859.960 -27.337
860.261 -20.990
860.561 -18.312
860.862 -6.386
861.163 11.488
861.464 21.637
861.765 20.261
862.065 12.025
862.366 0.724
862.667 -12.528
862.968 -20.405
863.269 -14.018
863.569 -5.656
863.870 1.279
864.171 7.428
864.472 6.071
864.773 3.301
865.073 2.114
865.374 -0.620
865.675 3.214
865.976 9.359
866.277 3.636
866.577 2.865
866.878 3.062
867.179 -6.256
867.480 -14.994
867.781 -7.964
868.082 -10.958
868.382 -19.943
868.683 -20.829
868.984 -23.023
869.285 -28.440
869.586 -31.948
869.886 -23.326
870.187 -22.690
870.488 -20.037
870.789 -18.517
871.090 -18.266
871.390 -15.683
871.691 -9.953
871.992 -11.057
872.293 -12.339
872.594 -3.696
872.894 -8.280
873.195 -13.587
873.496 -9.531
873.797 -4.941
874.098 -11.343
874.398 -12.805
874.699 -11.333
875.000 -11.513
875.301 -4.776
875.602 7.426
875.902 12.176
876.203 14.192
876.504 11.281
876.805 -2.374
877.106 -13.282
877.407 -14.008
877.707 -15.639
878.008 -16.532
878.309 -12.889
878.610 -13.057
878.911 -11.969
879.211 -4.351
879.512 -0.539
879.813 -0.718
880.114 3.631
880.415 5.089
880.715 1.467
881.016 -2.338
881.317 -3.961
881.618 -11.038
881.919 -13.399
882.219 -16.850
882.520 -20.838
882.821 -20.652
883.122 -12.488
883.423 -13.573
883.723 -13.927
884.024 -6.129
884.325 -5.954
884.626 -7.766
884.927 -5.956
885.227 -7.397
885.528 -9.203
885.829 -5.213
886.130 -9.914
886.431 -8.464
886.731 -0.308
887.032 1.134
887.333 0.048
887.634 3.665
887.935 2.400
888.236 2.030
888.536 6.376
888.837 11.442
889.138 11.806
889.439 11.264
889.740 5.659
890.040 -0.136
890.341 -4.294
890.642 -4.111
890.943 -5.924
891.244 -5.209
891.544 -7.749
891.845 -12.830
892.146 -17.725
892.447 -20.275
892.748 -23.916
893.048 -22.285
893.349 -22.858
893.650 -21.604
893.951 -15.591
894.252 -9.036
894.552 -7.410
894.853 -3.216
895.154 2.261
895.455 7.222
895.756 8.332
896.056 9.791
896.357 8.865
896.658 0.400
896.959 -14.660
897.260 -25.155
897.561 -24.046
897.861 -17.771
898.162 -12.058
898.463 -2.664
898.764 4.335
899.065 0.992
899.365 -3.074
899.666 -4.563
899.967 -10.908
900.268 -15.792
900.569 -12.437
900.869 -10.748
901.170 -8.891
901.471 -6.843
901.772 -4.039
902.073 -5.163
902.373 -8.732
902.674 -11.189
902.975 -13.480
903.276 -14.820
903.577 -18.050
903.877 -21.106
904.178 -19.414
904.479 -13.161
904.780 -7.475
905.081 0.532
905.381 1.273
905.682 -1.203
905.983 -4.832
906.284 -10.197
906.585 -17.856
906.885 -14.042
907.186 -13.887
907.487 -17.762
907.788 -18.760
908.089 -16.656
908.390 -18.786
908.690 -11.828
908.991 -1.773
909.292 2.476
909.593 -0.257
909.894 -0.669
910.194 -6.896
910.495 -15.477
910.796 -15.094
911.097 -7.085
911.398 -4.154
911.698 1.538
911.999 5.250
912.300 -1.267
912.607 -8.350
912.915 -9.536
913.222 -10.704
913.529 -2.974
913.837 5.330
914.144 2.730
914.451 -0.459
914.759 -6.030
915.066 -13.573
915.374 -17.167
915.681 -8.790
915.988 -9.637
916.296 -10.077
916.603 -7.465
916.910 -1.435
917.218 -3.025
917.525 0.578
917.832 7.241
918.140 4.209
918.447 -6.735
918.754 -8.758
919.062 -5.096
919.369 -2.638
919.677 0.620
919.984 11.009
920.291 9.988
920.599 5.908
920.906 -3.510
921.213 -14.166
921.521 -19.085
921.828 -20.958
922.135 -23.648
922.443 -13.560
922.750 1.229
923.057 11.552
923.365 16.506
923.672 20.831
923.980 14.863
924.287 5.795
924.594 -8.471
924.902 -14.299
925.209 -15.758
925.516 -12.013
925.824 -6.409
926.131 2.720
926.438 8.980
926.746 11.066
927.053 11.082
927.360 8.793
927.668 0.433
927.975 -1.866
928.283 0.032
928.590 -5.211
928.897 -9.431
929.205 -7.342
929.512 -5.446
929.819 -11.574
930.127 -12.204
930.434 -4.584
930.741 -2.274
931.049 -8.014
931.356 0.496
931.663 4.526
931.971 -3.584
932.278 -10.472
932.586 -8.358
932.893 -14.352
933.200 -17.365
933.508 -13.292
933.815 -6.859
934.122 -7.561
934.430 -8.468
934.737 -4.737
935.044 -6.084
935.352 -8.354
935.659 -4.153
935.966 3.273
936.274 9.063
936.581 11.310
936.889 10.508
937.196 13.827
937.503 12.829
937.811 7.669
938.118 6.261
938.425 12.114
938.733 6.466
939.040 -1.419
939.347 -8.893
939.655 -6.714
939.962 -0.716
940.269 5.462
940.577 9.353
940.884 11.492
941.191 8.262
941.499 2.861
941.806 -4.633
942.114 -9.967
942.421 -5.935
942.728 -7.736
943.036 -14.567
943.343 -17.086
943.650 -17.331
943.958 -20.128
944.265 -13.010
944.572 -15.298
944.880 -16.290
945.187 -10.704
945.494 -10.438
945.802 -13.237
946.109 -0.869
946.417 7.186
946.724 5.441
947.031 6.450
947.339 4.711
947.646 -3.274
947.953 -11.699
948.261 -14.624
948.568 -18.544
948.875 -18.280
949.183 -12.889
949.490 -5.015
949.797 -6.364
950.105 -10.355
950.412 -8.174
950.720 -16.830
951.027 -23.038
951.334 -21.036
951.642 -23.982
951.949 -32.266
952.256 -20.669
952.564 -4.476
952.871 -1.149
953.178 7.622
953.486 15.866
953.793 8.858
954.100 -3.268
954.408 1.106
954.715 7.320
955.023 9.803
955.330 11.870
955.637 8.927
955.945 -0.414
956.252 -7.469
956.559 -13.805
956.867 -20.344
957.174 -22.292
957.481 -20.197
957.789 -29.939
958.096 -37.251
958.403 -32.728
958.711 -26.474
959.018 -24.226
959.326 -15.742
959.633 -11.248
959.940 -14.988
960.248 -21.573
960.555 -19.143
960.862 -10.995
961.170 -4.375
961.477 -3.899
961.784 -10.011
962.092 -18.297
962.399 -25.732
962.706 -32.457
963.014 -35.880
963.321 -26.454
963.629 -25.750
963.936 -23.337
964.243 -15.104
964.551 -11.396
964.858 -13.966
965.165 -1.463
965.473 -0.812
965.780 -11.499
966.092 -16.600
966.404 -12.698
966.716 -18.071
967.028 -13.571
967.340 -3.776
967.652 8.406
967.964 16.273
968.276 14.155
968.588 9.663
968.900 6.259
969.212 -5.187
969.524 -17.692
969.836 -21.088
970.148 -25.734
970.460 -24.458
970.772 -20.228
971.084 -16.831
971.396 -21.224
971.708 -29.201
972.020 -38.056
972.332 -38.664
972.644 -36.341
972.956 -20.119
973.268 -3.500
973.580 9.789
973.892 10.857
974.204 6.439
974.516 1.171
974.828 -7.248
975.140 -13.992
975.452 -10.208
975.764 -7.258
976.076 -7.239
976.388 2.222
976.700 8.539
977.012 3.267
977.324 -0.110
977.636 -3.271
977.948 -6.402
978.260 -13.110
978.572 -13.080
978.884 -6.126
979.196 -1.495
979.508 1.465
979.820 9.495
980.132 13.689
980.444 7.359
980.756 -8.706
981.068 -19.916
981.380 -26.287
981.692 -24.590
982.004 -11.845
982.316 6.988
982.628 13.777
982.940 14.415
983.252 13.355
983.564 5.911
983.876 0.207
984.188 -6.563
984.500 -6.558
984.812 -4.213
985.124 -3.785
985.436 -2.504
985.748 3.419
986.060 5.765
986.372 4.276
986.684 -0.406
986.996 -4.876
987.308 -11.697
987.620 -21.276
987.932 -23.405
988.244 -20.208
988.556 -16.584
988.868 -8.478
989.180 -3.585
989.492 -6.571
989.804 -3.360
990.116 0.897
990.428 -0.593
990.740 3.669
991.052 14.985
991.364 26.554
991.676 32.359
991.988 40.023
992.300 47.277
992.612 43.000
992.924 29.516
993.236 15.632
993.548 6.911
993.860 -0.127
994.172 2.846
994.484 7.924
994.796 11.970
995.108 6.425
995.420 -0.646
995.732 -1.439
996.044 -5.019
996.356 -6.297
996.668 1.812
996.980 7.828
997.292 11.045
997.604 19.165
997.916 33.776
998.228 41.307
998.540 46.241
998.852 47.346
999.164 44.605
999.476 39.923
999.788 40.787
1000.100 41.045
1000.412 43.619
1000.724 48.224
1001.036 45.615
1001.348 36.586
1001.660 30.325
1001.972 24.984
1002.284 16.123
1002.596 14.860
1002.908 26.576
1003.220 35.211
1003.532 39.504
1003.844 46.799
1004.156 56.571
1004.468 56.804
1004.780 57.661
1005.092 58.287
1005.404 63.323
1005.716 62.149
1006.028 69.606
1006.340 85.153
1006.652 101.128
1006.964 103.019
1007.276 106.346
1007.588 107.948
1007.900 99.718
1008.212 99.276
1008.524 112.755
1008.836 123.582
1009.148 130.126
1009.460 147.103
1009.772 147.815
1010.084 141.935
1010.396 139.482
1010.708 133.282
1011.020 126.805
1011.332 125.551
1011.644 126.358
1011.956 131.373
1012.268 140.831
1012.580 144.901
1012.892 151.868
1013.204 162.309
1013.516 169.093
1013.828 172.443
1014.140 168.645
1014.452 161.432
1014.764 163.671
1015.076 173.967
1015.388 190.046
1015.700 210.884
1016.012 232.209
1016.324 243.400
1016.636 240.360
1016.948 224.549
1017.260 212.604
1017.572 211.076
1017.884 210.053
1018.196 215.209
1018.508 235.201
1018.820 246.871
1019.132 248.117
1019.444 245.800
1019.756 243.821
1020.068 242.981
1020.380 244.618
1020.692 254.218
1021.004 270.560
1021.316 283.091
1021.628 288.848
1021.940 298.148
1022.252 298.441
1022.564 290.673
1022.876 280.987
1023.188 275.602
1023.500 283.888
1023.812 295.829
1024.124 305.234
1024.436 330.701
1024.748 353.602
1025.060 364.125
1025.372 370.466
1025.684 374.907
1025.996 365.220
1026.308 356.170
1026.620 349.897
1026.932 350.103
1027.244 353.821
1027.556 364.061
1027.868 379.147
1028.180 387.438
1028.492 387.239
1028.804 382.792
1029.116 381.652
1029.428 378.548
1029.740 375.832
1030.052 377.459
1030.364 391.747
1030.676 397.559
1030.988 394.489
1031.300 393.515
1031.612 397.236
1031.924 391.289
1032.236 389.097
1032.548 389.117
1032.860 390.729
1033.172 393.492
1033.484 398.280
1033.796 402.843
1034.108 411.583
1034.420 413.280
1034.732 412.484
1035.044 409.488
1035.356 411.692
1035.668 419.295
1035.980 423.099
1036.292 416.303
1036.604 422.706
1036.916 425.310
1037.228 415.714
1037.540 406.718
1037.852 413.321
1038.164 416.925
1038.476 408.329
1038.788 408.533
1039.100 414.337
1039.412 413.140
1039.724 410.144
1040.036 417.348
1040.348 419.152
1040.660 417.356
1040.972 411.360
1041.284 406.763
1041.596 405.967
1041.908 404.971
1042.220 411.375
1042.532 424.379
1042.844 423.783
1043.156 418.387
1043.468 416.191
1043.780 410.595
1044.092 397.399
1044.404 394.403
1044.716 393.007
1045.028 388.811
1045.340 389.615
1045.652 393.419
1045.964 401.223
1046.276 399.627
1046.588 399.431
1046.900 399.035
1047.212 401.839
1047.524 393.243
1047.836 384.847
1048.148 379.851
1048.460 373.655
1048.772 355.660
1049.084 348.464
1049.396 350.668
1049.708 350.672
1050.020 352.276
1050.332 363.880
1050.644 365.885
1050.956 367.289
1051.268 365.893
1051.580 356.297
1051.892 346.501
1052.204 341.306
1052.516 330.710
1052.828 330.714
1053.140 336.918
1053.452 333.723
1053.764 331.927
1054.076 339.931
1054.388 338.736
1054.700 342.140
1055.012 359.544
1055.324 368.549
1055.636 355.553
1055.948 341.957
1056.260 326.362
1056.572 300.566
1056.884 289.771
1057.196 292.375
1057.508 291.579
1057.820 296.784
1058.132 305.188
1058.444 299.193
1058.756 294.597
1059.068 298.802
1059.380 294.606
1059.692 289.211
1060.004 288.615
1060.316 281.620
1060.628 285.624
1060.940 299.429
1061.252 301.034
1061.564 295.038
1061.876 294.843
1062.188 279.847
1062.500 262.652
1062.812 261.457
1063.124 269.261
1063.436 276.266
1063.748 282.871
1064.060 276.875
1064.372 270.880
1064.684 266.885
1064.996 263.689
1065.308 254.294
1065.620 254.099
1065.932 252.504
1066.244 243.908
1066.556 241.513
1066.868 249.118
1067.180 252.123
1067.492 252.128
1067.804 258.132
1068.116 260.137
1068.428 251.542
1068.740 243.747
1069.052 244.152
1069.364 244.157
1069.676 241.762
1069.988 244.767
1070.300 242.972
1070.612 236.377
1070.924 224.782
1071.236 212.186
1071.548 205.391
1071.860 203.396
1072.172 200.001
1072.484 203.806
1072.796 212.212
1073.108 212.217
1073.420 215.822
1073.732 219.427
1074.044 214.432
1074.356 205.237
1074.668 199.442
1074.980 199.847
1075.292 197.452
1075.604 200.057
1075.916 202.263
1076.228 206.868
1076.540 209.673
1076.852 207.678
1077.164 199.283
1077.476 190.489
1077.788 191.894
1078.100 183.299
1078.412 178.704
1078.724 179.710
1079.036 189.715
1079.348 185.720
1079.660 179.326
1079.972 177.331
1080.284 174.536
1080.596 168.742
1080.908 165.947
1081.220 165.353
1081.532 164.958
1081.844 169.963
1082.156 171.569
1082.468 175.174
1082.780 184.180
1083.092 182.585
1083.404 177.191
1083.716 176.796
1084.028 166.202
1084.340 145.007
1084.652 142.813
1084.964 144.818
1085.276 139.224
1085.588 140.230
1085.900 145.235
1086.212 147.041
1086.524 145.046
1086.836 148.252
1087.148 146.858
1087.460 147.463
1087.772 141.669
1088.084 135.075
1088.396 129.881
1088.708 124.686
1089.020 124.692
1089.332 127.498
1089.644 122.304
1089.956 116.709
1090.268 120.715
1090.580 121.721
1090.892 120.127
1091.204 120.733
1091.516 121.739
1091.828 119.545
1092.140 115.950
1092.464 115.956
1092.788 116.162
1093.112 117.568
1093.436 119.574
1093.760 116.980
1094.084 109.986
1094.408 108.192
1094.732 108.798
1095.056 104.404
1095.380 102.410
1095.703 107.216
1096.027 108.822
1096.351 100.829
1096.675 101.635
1096.999 110.241
1097.323 103.247
1097.647 99.253
1097.971 100.859
1098.295 99.265
1098.619 84.072
1098.943 79.878
1099.267 77.284
1099.591 73.490
1099.915 71.497
1100.239 78.303
1100.563 85.509
1100.887 96.116
1101.211 99.722
1101.535 94.928
1101.859 91.335
1102.182 88.541
1102.506 79.147
1102.830 80.154
1103.154 82.760
1103.478 84.967
1103.802 84.573
1104.126 80.980
1104.450 71.986
1104.774 64.793
1105.098 57.399
1105.422 50.606
1105.746 48.412
1106.070 53.219
1106.394 59.025
1106.718 66.832
1107.042 80.839
1107.366 87.245
1107.690 81.652
1108.014 73.059
1108.338 68.465
1108.662 63.872
1108.985 61.679
1109.309 57.285
1109.633 61.092
1109.957 60.099
1110.281 58.706
1110.605 58.712
1110.929 63.519
1111.253 64.726
1111.577 61.333
1111.901 57.740
1112.225 61.547
1112.549 64.754
1112.873 63.361
1113.197 61.567
1113.521 57.374
1113.845 50.381
1114.169 38.788
1114.493 30.395
1114.817 36.002
1115.141 40.209
1115.464 37.416
1115.788 47.223
1116.112 54.631
1116.436 51.238
1116.760 42.245
1117.084 36.252
1117.408 32.459
1117.732 33.266
1118.056 36.873
1118.380 38.681
1118.704 36.088
1119.028 30.095
1119.352 31.702
1119.676 33.309
1120.000 30.717
1120.324 30.524
1120.648 33.731
1120.972 31.339
1121.296 20.346
1121.620 24.753
1121.944 34.561
1122.267 33.568
1122.591 37.376
1122.915 45.783
1123.239 39.590
1123.563 37.598
1123.887 43.205
1124.211 40.613
1124.535 36.220
1124.859 45.228
1125.183 51.636
1125.507 59.843
1125.831 61.651
1126.155 60.658
1126.479 57.466
1126.803 53.474
1127.127 38.281
1127.451 31.289
1127.775 25.097
1128.099 16.904
1128.423 10.512
1128.746 12.320
1129.070 15.327
1129.394 20.335
1129.718 28.743
1130.042 30.151
1130.366 30.759
1130.690 29.166
1131.014 30.774
1131.338 29.782
1131.662 33.390
1131.986 35.798
1132.310 34.206
1132.634 28.614
1132.958 25.622
1133.282 29.630
1133.606 23.438
1133.930 21.446
1134.254 29.854
1134.578 34.262
1134.902 29.670
1135.226 29.878
1135.549 29.486
1135.873 26.294
1136.197 24.102
1136.521 22.910
1136.845 26.119
1137.169 31.327
1137.493 29.735
1137.817 24.943
1138.141 27.751
1138.465 28.160
1138.789 24.568
1139.113 29.576
1139.437 39.784
1139.761 38.393
1140.085 37.201
1140.409 38.409
1140.733 28.018
1141.057 17.026
1141.381 20.834
1141.705 27.843
1142.028 22.651
1142.352 18.660
1142.676 16.868
1143.000 5.277
1143.324 -9.115
1143.648 -6.306
1143.972 5.302
1144.296 15.311
1144.620 17.919
1144.944 26.328
1145.268 26.936
1145.592 21.745
1145.916 15.154
1146.240 12.162
1146.564 5.971
1146.888 2.580
1147.212 5.788
1147.536 6.197
1147.860 4.406
1148.184 8.614
1148.507 12.023
1148.831 10.032
1149.155 9.241
1149.479 13.449
1149.803 17.858
1150.127 19.267
1150.451 19.276
1150.775 24.685
1151.099 33.494
1151.423 28.103
1151.747 29.111
1152.071 29.520
1152.395 21.329
1152.719 14.938
1153.043 16.347
1153.367 8.556
1153.691 6.365
1154.015 13.974
1154.339 9.983
1154.663 3.392
1154.987 1.001
1155.310 -1.990
1155.634 -7.381
1155.958 -7.572
1156.282 -2.362
1156.606 9.847
1156.930 20.656
1157.254 26.465
1157.578 33.074
1157.902 40.083
1158.226 34.893
1158.550 26.102
1158.874 17.511
1159.198 13.720
1159.522 4.929
1159.846 0.339
1160.170 3.748
1160.494 11.557
1160.818 14.567
1161.142 18.176
1161.466 21.385
1161.790 16.395
1162.113 14.004
1162.437 8.613
1162.761 3.023
1163.085 2.832
1163.409 4.641
1163.733 3.251
1164.057 0.260
1164.381 -1.330
1164.705 -5.521
1165.029 -10.111
1165.353 -13.502
1165.677 -8.092
1166.001 -5.283
1166.325 5.727
1166.649 18.336
1166.973 24.346
1167.297 28.355
1167.621 33.965
1167.945 26.174
1168.269 18.184
1168.592 15.194
1168.916 19.803
1169.240 23.013
1169.564 25.822
1169.888 31.232
1170.212 28.042
1170.536 15.651
1170.860 4.261
1171.184 -2.729
1171.508 -14.120
1171.832 -19.710
1172.156 -18.900
1172.480 -11.291
1172.804 -8.681
1173.128 -1.071
1173.452 3.939
1173.776 2.948
1174.100 -5.642
1174.424 -13.032
1174.748 -15.422
1175.072 -8.212
1175.395 -4.403
1175.719 -3.593
1176.043 2.817
1176.367 -0.773
1176.691 -8.563
1177.015 -10.354
1177.339 -14.744
1177.663 -13.334
1177.987 -3.724
1178.311 4.886
1178.635 6.096
1178.959 15.106
1179.283 20.316
1179.607 18.325
1179.931 12.135
1180.255 15.145
1180.579 17.555
1180.903 13.565
1181.227 8.975
1181.551 8.785
1181.874 0.795
1182.198 -2.995
1182.522 -3.385
1182.846 -5.975
1183.170 -6.565
1183.494 -4.155
1183.818 -2.945
1184.142 -8.136
1184.466 -5.726
1184.790 -5.316
1185.114 -4.306
1185.438 0.904
1185.762 13.714
1186.086 15.524
1186.410 12.134
1186.734 11.544
1187.058 8.554
1187.382 0.564
1187.706 3.574
1188.030 9.184
1188.353 14.594
1188.677 17.204
1189.001 18.414
1189.325 15.224
1189.649 14.634
1189.973 7.444
1190.297 2.254
1190.621 3.064
1190.945 1.474
1191.269 -0.916
1191.593 6.094
1191.917 11.504
1192.241 11.514
1192.565 10.124
1192.889 14.534
1193.213 13.344
1193.537 3.754
1193.861 1.364
1194.185 10.974
1194.509 10.184
1194.833 11.794
1195.156 23.004
1195.480 23.214
1195.804 17.224
1196.128 14.434
1196.452 8.444
1196.776 4.054
1197.100 11.664
1197.424 14.874
1197.748 17.684
1198.072 27.494
1198.396 25.304
1198.720 17.714
1199.044 7.924
1199.368 -3.866
1199.692 -15.257
1200.016 -18.247
1200.340 -15.237
1200.664 -9.227
1200.988 -0.817
1201.312 3.993
1201.635 0.203
1201.959 -7.987
1202.283 -8.578
1202.607 -6.168
1202.931 -5.958
1203.255 -1.748
1203.579 3.262
1203.903 4.871
1204.227 5.081
1204.551 3.891
1204.875 5.501
1205.199 12.310
1205.523 15.720
1205.847 11.730
1206.171 4.340
1206.495 1.749
1206.819 -4.641
1207.143 -13.031
1207.467 -12.422
1207.791 -3.812
1208.115 2.198
1208.438 -3.593
1208.762 -0.383
1209.086 4.626
1209.410 3.036
1209.734 0.646
1210.058 5.255
1210.382 4.665
1210.706 -0.926
1211.030 -0.916
1211.354 0.293
1211.678 2.703
1212.002 1.312
1212.326 0.121
1212.650 -0.269
1212.974 7.140
1213.298 13.149
1213.622 13.359
1213.946 7.368
1214.270 -4.423
1214.594 -15.013
1214.917 -22.004
1215.241 -21.395
1215.565 -11.386
1215.889 2.024
1216.213 -4.367
1216.537 -5.358
1216.861 3.451
1217.185 10.060
1217.509 7.269
1217.833 8.278
1218.157 4.287
1218.481 -7.904
1218.805 -16.095
1219.129 -16.486
1219.453 -8.077
1219.777 0.332
1220.101 7.141
1220.425 5.350
1220.749 -1.441
1221.073 -8.633
1221.397 -14.824
1221.720 -18.415
1222.044 -16.006
1222.368 -11.598
1222.692 -10.989
1223.016 -7.380
1223.340 -6.572
1223.664 -3.963
1223.988 4.245
1224.312 15.054
1224.636 16.462
1224.960 13.671
1225.284 13.479
1225.608 12.088
1225.932 8.896
1226.256 11.504
1226.580 15.313
1226.904 10.521
1227.228 8.529
1227.552 0.737
1227.876 -10.255
1228.199 -16.647
1228.523 -15.438
1228.847 -12.230
1229.171 -6.622
1229.495 2.786
1229.819 9.993
1230.143 5.601
1230.467 -3.791
1230.791 -5.583
1231.115 -10.575
1231.439 -18.567
1231.763 -16.564
1232.087 -13.226
