181.241 25.297
181.495 35.130
181.749 34.430
182.003 32.630
182.257 31.830
182.511 27.029
182.765 23.429
183.019 29.629
183.273 38.829
183.528 35.429
183.782 34.428
184.036 24.428
184.290 14.628
184.544 8.828
184.798 13.028
185.052 20.027
185.306 24.027
185.560 24.627
185.814 20.427
186.068 19.427
186.322 15.626
186.576 14.426
186.830 18.426
187.084 21.426
187.339 26.826
187.593 29.826
187.847 29.425
188.101 24.225
188.355 21.025
188.609 21.025
188.863 21.825
189.117 23.624
189.371 24.824
189.625 26.824
189.879 22.624
190.133 14.824
190.387 7.423
190.641 5.623
190.895 8.223
191.150 9.023
191.404 12.223
191.658 23.022
191.912 30.022
192.166 32.822
192.420 38.022
192.674 38.022
192.928 37.821
193.182 33.021
193.436 24.421
193.690 15.621
193.944 14.021
194.198 7.220
194.452 7.220
194.706 8.220
194.961 12.020
195.215 12.420
195.469 18.219
195.723 24.019
195.977 27.619
196.231 35.219
196.485 43.419
196.739 44.018
196.993 35.018
197.247 33.218
197.501 24.218
197.755 13.818
198.009 12.017
198.263 14.617
198.517 13.617
198.772 19.617
199.026 28.217
199.280 29.816
199.534 29.216
199.788 30.416
200.042 25.816
200.296 18.415
200.550 14.215
200.804 12.215
201.058 4.815
201.312 8.615
201.566 12.214
201.820 12.214
202.074 21.414
202.328 34.014
202.583 34.414
202.837 35.613
203.091 39.013
203.345 32.413
203.599 28.213
203.853 22.213
204.107 17.212
204.361 17.212
204.615 19.612
204.869 27.012
205.123 35.412
205.377 44.411
205.631 48.211
205.885 44.411
206.139 35.811
206.394 36.611
206.648 38.610
206.902 38.010
207.156 38.810
207.410 39.410
207.664 35.809
207.918 34.209
208.172 31.409
208.426 35.809
208.680 34.809
208.934 25.408
209.188 20.008
209.442 20.008
209.696 17.808
209.950 20.408
210.205 28.207
210.459 27.607
210.713 26.607
210.967 22.007
211.221 18.207
211.475 19.206
211.729 24.006
211.983 27.206
212.237 31.006
212.491 30.205
212.745 21.805
212.999 8.805
213.253 1.405
213.507 3.605
213.761 9.604
214.016 19.204
214.270 29.004
214.524 30.004
214.778 21.804
215.032 14.603
215.286 6.603
215.540 5.803
215.794 17.203
216.048 24.803
216.302 21.002
216.556 28.402
216.810 33.002
217.064 29.002
217.318 27.801
217.572 36.601
217.827 36.401
218.081 36.401
218.335 33.801
218.589 27.400
218.843 27.600
219.097 28.800
219.351 25.400
219.605 21.799
219.859 27.999
220.113 28.599
220.367 25.799
220.621 25.599
220.875 32.998
221.129 36.998
221.383 35.398
221.638 31.398
221.892 27.798
222.146 18.797
222.400 10.797
222.654 9.197
222.908 8.597
223.162 9.596
223.416 20.796
223.670 25.596
223.924 26.596
224.178 32.396
224.432 38.795
224.686 38.995
224.940 40.795
225.195 43.595
225.449 40.194
225.703 38.394
225.957 35.394
226.211 36.394
226.465 31.394
226.719 24.793
226.973 14.993
227.227 5.393
227.481 1.393
227.735 4.592
227.989 12.392
228.243 12.592
228.497 13.392
228.751 16.992
229.006 15.191
229.260 16.391
229.514 21.191
229.768 24.991
230.022 24.390
230.276 28.590
230.530 29.990
230.784 34.990
231.038 49.190
231.292 61.189
231.546 60.989
231.800 60.389
232.054 63.389
232.308 56.588
232.562 43.188
232.817 37.788
233.071 31.588
233.325 20.188
233.579 20.787
233.833 30.187
234.087 37.187
234.341 44.387
234.595 47.186
234.849 40.386
235.103 37.786
235.357 40.986
235.611 46.185
235.865 52.185
236.119 53.985
236.373 45.985
236.628 36.985
236.882 23.584
237.136 15.984
237.390 14.784
237.644 18.784
237.898 24.783
238.152 30.783
238.406 29.583
238.660 27.983
238.914 17.982
239.168 10.582
239.422 4.382
239.676 9.382
239.930 8.582
240.184 12.181
240.439 16.781
240.693 23.181
240.947 25.381
241.201 28.980
241.455 32.780
241.709 35.780
241.963 35.180
242.217 33.979
242.471 36.579
242.725 38.179
242.979 34.179
243.233 34.979
243.487 37.578
243.741 30.178
243.995 27.378
244.250 24.578
244.504 15.777
244.758 7.377
245.012 6.177
245.266 11.577
245.520 21.576
245.774 35.176
246.028 40.576
246.282 45.576
246.536 44.375
246.790 39.775
247.044 31.975
247.298 33.375
247.552 35.975
247.806 28.974
248.061 28.974
248.315 34.774
248.569 39.974
248.823 38.573
249.077 39.773
249.331 35.373
249.585 33.373
249.839 25.572
250.093 22.172
250.347 25.772
250.601 32.972
250.855 32.771
251.109 25.971
251.363 27.371
251.617 29.971
251.872 22.970
252.126 20.970
252.380 31.370
252.634 32.170
252.888 28.569
253.142 25.969
253.396 26.569
253.650 23.769
253.904 24.569
254.159 29.368
254.413 36.968
254.667 39.768
254.922 39.968
255.176 38.967
255.431 34.567
255.685 33.567
255.939 34.167
256.194 34.766
256.448 32.166
256.702 32.566
256.957 32.166
257.211 26.765
257.465 25.165
257.720 27.565
257.974 31.965
258.228 30.564
258.483 32.964
258.737 34.764
258.992 35.964
259.246 29.763
259.500 22.163
259.755 15.763
260.009 21.163
260.263 21.962
260.518 21.562
260.772 27.562
261.026 37.362
261.281 30.561
261.535 25.761
261.789 25.761
262.044 28.361
262.298 24.760
262.553 22.760
262.807 32.560
263.061 40.360
263.316 42.759
263.570 45.959
263.824 49.559
264.079 40.159
264.333 35.158
264.587 30.958
264.842 29.558
265.096 27.358
265.351 27.357
265.605 27.757
265.859 33.757
266.114 33.757
266.368 31.556
266.622 37.156
266.877 40.956
267.131 38.756
267.385 43.955
267.640 55.755
267.894 56.955
268.148 56.555
268.403 57.154
268.657 58.554
268.912 55.554
269.166 50.354
269.420 45.753
269.675 39.153
269.929 31.353
270.183 29.353
270.438 26.952
270.692 27.152
270.946 34.752
271.201 31.152
271.455 22.551
271.709 25.551
271.964 28.551
272.218 20.951
272.473 16.950
272.727 23.950
272.981 34.950
273.236 40.549
273.490 48.149
273.744 54.749
273.999 46.749
274.253 24.548
274.507 10.548
274.762 4.748
275.016 9.148
275.271 26.747
275.525 42.547
275.779 49.147
276.034 49.947
276.288 40.546
276.542 20.746
276.797 13.146
277.051 14.546
277.305 18.745
277.560 26.945
277.814 34.345
278.068 39.145
278.323 36.544
278.577 36.944
278.832 38.744
279.086 41.343
279.340 38.343
279.595 33.743
279.849 31.343
280.103 28.942
280.358 27.142
280.612 29.942
280.866 31.742
281.121 31.741
281.375 33.341
281.629 29.341
281.884 25.541
282.138 30.140
282.393 29.340
282.647 21.140
282.901 20.139
283.156 22.539
283.410 17.339
283.664 12.939
283.919 19.738
284.173 26.338
284.427 29.538
284.682 35.538
284.936 41.737
285.191 37.737
285.445 28.737
285.699 24.137
285.954 19.336
286.208 13.536
286.462 4.936
286.717 5.335
286.971 1.735
287.225 3.735
287.480 4.735
287.734 11.334
287.988 19.534
288.243 25.534
288.497 17.734
288.752 13.733
289.006 22.533
289.260 24.133
289.515 22.732
289.769 34.732
290.023 39.132
290.278 33.532
290.532 30.131
290.786 32.731
291.041 28.931
291.295 27.331
291.549 22.730
291.804 19.330
292.058 15.130
292.313 16.529
292.567 17.729
292.821 22.129
293.076 26.129
293.330 28.128
293.584 26.328
293.839 23.328
294.093 15.727
294.347 14.327
294.602 19.527
294.856 18.527
295.111 21.126
295.365 29.126
295.619 27.926
295.874 21.926
296.128 20.125
296.382 16.525
296.637 14.525
296.891 14.524
297.145 20.924
297.400 29.124
297.654 34.924
297.908 44.123
298.163 49.723
298.417 40.723
298.672 34.322
298.926 33.322
299.180 23.922
299.435 20.122
299.689 26.321
299.943 27.721
300.198 22.121
300.452 24.320
300.706 29.120
300.961 26.520
301.215 16.920
301.469 17.719
301.724 21.119
301.978 22.319
302.233 22.318
302.487 32.118
302.741 39.118
302.996 40.518
303.250 39.317
303.504 41.517
303.759 49.517
304.013 54.716
304.267 50.316
304.522 40.516
304.776 35.716
305.031 30.515
305.285 28.115
305.539 26.915
305.794 30.314
306.048 29.114
306.302 23.114
306.557 20.114
306.811 26.513
307.065 35.713
307.320 44.713
307.574 50.312
307.828 55.312
308.083 52.312
308.337 42.312
308.592 34.911
308.846 29.111
309.100 22.511
309.355 13.710
309.609 9.110
309.863 12.310
310.118 14.510
310.372 12.309
310.626 21.309
310.881 30.109
311.135 23.508
311.389 21.508
311.644 27.508
311.898 27.307
312.153 29.707
312.407 41.307
312.661 47.307
312.916 45.106
313.170 39.706
313.429 30.506
313.688 21.705
313.947 17.305
314.206 13.905
314.465 17.104
314.724 27.704
314.983 36.504
315.242 43.104
315.501 52.503
315.760 60.903
316.019 62.503
316.278 60.702
316.536 55.702
316.795 49.302
317.054 45.301
317.313 38.101
317.572 37.301
317.831 44.901
318.090 45.700
318.349 44.700
318.608 46.700
318.867 38.299
319.126 24.699
319.385 21.499
319.644 18.898
319.903 18.298
320.162 25.298
320.421 30.898
320.680 33.497
320.939 34.497
321.198 31.497
321.457 28.496
321.716 29.696
321.975 27.696
322.234 19.895
322.493 15.895
322.752 21.295
323.010 26.494
323.269 29.894
323.528 34.294
323.787 36.894
324.046 32.893
324.305 24.693
324.564 20.893
324.823 18.492
325.082 18.492
325.341 24.492
325.600 26.491
325.859 28.891
326.118 33.291
326.377 31.090
326.636 20.690
326.895 17.890
327.154 20.690
327.413 24.889
327.672 31.489
327.931 36.889
328.190 43.888
328.449 42.088
328.708 30.888
328.967 25.887
329.226 25.287
329.485 16.887
329.743 11.886
330.002 13.886
330.261 17.286
330.520 17.885
330.779 17.085
331.038 17.085
331.297 19.285
331.556 16.484
331.815 8.884
332.074 12.484
332.333 20.883
332.592 25.683
332.851 29.683
333.110 34.482
333.369 31.482
333.628 25.682
333.887 22.081
334.146 20.281
334.405 22.681
334.664 27.080
334.923 25.080
335.182 24.680
335.441 23.679
335.700 21.679
335.959 23.879
336.217 28.078
336.476 34.878
336.735 34.278
336.994 28.277
337.253 25.277
337.512 28.877
337.771 29.877
338.030 32.276
338.289 39.276
338.548 42.276
338.807 39.675
339.066 36.475
339.325 42.075
339.584 46.274
339.843 47.474
340.102 45.074
340.361 43.073
340.620 39.673
340.879 36.473
341.138 34.672
341.397 34.472
341.656 31.672
341.915 30.071
342.174 30.071
342.433 33.671
342.691 41.070
342.950 50.670
343.209 51.070
343.468 42.669
343.727 29.469
343.986 14.069
344.245 0.668
344.504 -6.932
344.763 -2.532
345.022 5.067
345.281 11.267
345.540 16.667
345.799 22.066
346.058 23.066
346.317 24.866
346.576 30.465
346.835 33.465
347.094 36.865
347.353 43.864
347.612 47.064
347.871 47.664
348.130 50.463
348.389 50.063
348.648 40.263
348.907 36.062
349.166 37.062
349.424 29.862
349.683 24.861
349.942 29.661
350.201 33.861
350.460 31.660
350.719 38.860
350.978 45.260
351.237 42.859
351.496 38.459
351.755 39.259
352.014 33.658
352.273 29.858
352.532 34.058
352.791 35.457
353.050 33.057
353.309 37.857
353.568 43.856
353.827 46.656
354.086 50.256
354.345 49.255
354.604 50.855
354.863 52.854
355.122 51.654
355.381 42.054
355.640 36.253
355.898 27.453
356.157 21.053
356.416 16.052
356.675 20.652
356.934 26.652
357.193 31.451
357.452 36.651
357.711 35.851
357.970 33.250
358.229 32.050
358.488 30.050
358.747 28.649
359.006 35.249
359.265 35.049
359.524 27.248
359.783 28.648
360.042 28.848
360.301 22.847
360.560 20.447
360.819 22.646
361.078 21.046
361.337 21.246
361.596 22.445
361.855 29.645
362.114 38.245
362.372 40.044
362.631 34.644
362.890 37.244
363.149 39.043
363.408 39.043
363.667 37.443
363.926 38.642
364.185 37.042
364.444 32.642
364.703 31.041
364.962 33.241
365.221 34.240
365.480 34.440
365.741 36.440
366.002 37.439
366.264 32.039
366.525 27.839
366.786 27.638
367.047 22.438
367.308 19.238
367.570 30.637
367.831 38.237
368.092 39.037
368.353 40.636
368.614 38.636
368.876 33.035
369.137 34.835
369.398 35.835
369.659 43.234
369.920 53.834
370.182 58.034
370.443 59.633
370.704 55.033
370.965 42.433
371.226 36.232
371.488 38.232
371.749 40.231
372.010 42.631
372.271 42.031
372.532 39.430
372.794 28.230
373.055 18.230
373.316 19.429
373.577 28.229
373.838 31.028
374.100 31.028
374.361 28.228
374.622 31.827
374.883 36.227
375.144 33.827
375.406 37.026
375.667 46.826
375.928 46.226
376.189 42.225
376.450 44.025
376.712 44.824
376.973 40.624
377.234 39.224
377.495 38.223
377.756 40.023
378.018 43.423
378.279 41.822
378.540 40.222
378.801 41.621
379.062 45.221
379.324 42.021
379.585 41.620
379.846 42.020
380.107 42.220
380.368 35.219
380.630 38.019
380.891 40.018
381.152 41.418
381.413 41.418
381.674 42.017
381.936 37.617
382.197 33.617
382.458 30.416
382.719 29.416
382.980 30.815
383.242 31.215
383.503 30.615
383.764 32.814
384.025 29.814
384.286 30.213
384.548 28.613
384.809 29.213
385.070 26.812
385.331 28.412
385.592 26.012
385.854 24.211
386.115 27.411
386.376 32.410
386.637 33.810
386.898 38.410
387.160 43.209
387.421 42.209
387.682 34.208
387.943 33.608
388.204 35.008
388.466 34.407
388.727 38.607
388.988 47.207
389.249 48.806
389.510 47.406
389.772 46.005
390.033 37.405
390.294 36.605
390.555 40.004
390.816 40.604
391.078 43.003
391.339 48.203
391.600 42.003
391.861 31.802
392.122 29.002
392.384 27.201
392.645 26.001
392.906 30.601
393.167 39.400
393.428 42.400
393.690 48.199
393.951 54.999
394.212 55.199
394.473 50.998
394.734 47.998
394.996 44.997
395.257 40.197
395.518 40.397
395.779 39.596
396.040 41.196
396.302 43.595
396.563 46.995
396.824 42.795
397.085 34.594
397.346 25.194
397.608 20.393
397.869 20.393
398.130 24.993
398.391 28.792
398.652 34.392
398.914 36.591
399.175 35.191
399.436 34.991
399.697 39.190
399.958 37.990
400.220 38.189
400.481 38.389
400.742 34.789
401.003 39.788
401.264 49.588
401.526 51.787
401.787 48.787
402.048 47.387
402.309 41.386
402.570 32.386
402.832 24.385
403.093 23.785
403.354 24.984
403.615 28.584
403.876 30.784
404.138 35.983
404.399 33.983
404.660 33.582
404.931 38.182
405.202 41.782
405.473 34.981
405.745 36.181
406.016 36.380
406.287 25.980
406.558 21.179
406.829 26.579
407.100 28.979
407.371 32.378
407.642 33.178
407.914 26.777
408.185 23.577
408.456 28.977
408.727 38.176
408.998 40.776
409.269 48.575
409.540 53.375
409.811 47.374
410.083 35.574
410.354 33.974
410.625 36.573
410.896 34.173
411.167 33.572
411.438 36.372
411.709 41.971
411.981 38.771
412.252 35.171
412.523 35.170
412.794 33.170
413.065 27.569
413.336 28.769
413.607 40.969
413.878 45.168
414.150 49.968
414.421 55.167
414.692 51.367
414.963 39.966
415.234 28.766
415.505 16.366
415.776 10.165
416.047 10.565
416.319 13.364
416.590 26.364
416.861 36.163
417.132 41.363
417.403 43.762
417.674 42.162
417.945 38.762
418.217 42.761
418.488 44.961
418.759 47.760
419.030 51.960
419.301 54.559
419.572 54.359
419.843 53.359
420.114 51.958
420.386 50.358
420.657 43.357
420.928 40.357
421.199 46.156
421.470 53.156
421.741 56.755
422.012 62.355
422.283 54.555
422.555 44.154
422.826 34.754
423.097 30.153
423.368 31.753
423.639 45.552
423.910 49.152
424.181 52.951
424.453 54.151
424.724 49.351
424.995 43.350
425.266 42.550
425.537 38.349
425.808 34.949
426.079 33.948
426.350 32.548
426.622 30.747
426.893 30.147
427.164 29.547
427.435 29.346
427.706 28.146
427.977 30.345
428.248 35.745
428.519 43.144
428.791 46.744
429.062 50.543
429.333 56.743
429.604 58.543
429.875 57.742
430.146 58.942
430.417 52.741
430.689 43.541
430.960 47.340
431.231 45.940
431.502 38.139
431.773 42.739
432.044 46.938
432.315 40.338
432.586 36.337
432.858 35.937
433.129 34.137
433.400 39.336
433.671 45.336
433.942 51.935
434.213 51.135
434.484 44.334
434.755 30.934
435.027 13.933
435.298 4.333
435.569 8.132
435.840 10.332
436.114 12.931
436.388 22.731
436.663 28.731
436.937 26.330
437.211 32.530
437.485 37.329
437.759 38.329
438.034 39.728
438.308 42.328
438.582 38.727
438.856 40.527
439.130 38.926
439.405 34.926
439.679 31.725
439.953 33.525
440.227 29.724
440.501 25.524
440.776 24.123
441.050 23.723
441.324 22.523
441.598 27.522
441.872 35.522
442.147 42.521
442.421 47.921
442.695 49.920
442.969 44.320
443.244 30.719
443.518 25.519
443.792 26.518
444.066 28.118
444.340 34.117
444.615 45.117
444.889 46.316
445.163 47.116
445.437 43.315
445.711 38.715
445.986 39.914
446.260 39.114
446.534 37.913
446.808 48.713
447.082 53.312
447.357 50.112
447.631 50.911
447.905 54.111
448.179 50.911
448.453 47.910
448.728 51.910
449.002 47.709
449.276 39.309
449.550 35.708
449.824 34.464
450.099 33.390
450.373 41.096
450.647 44.629
450.921 37.199
451.195 33.404
451.470 30.002
451.744 30.355
452.018 36.419
452.292 45.456
452.566 46.620
452.841 47.573
453.115 40.444
453.389 31.554
453.663 28.360
453.937 32.451
454.212 34.185
454.486 37.892
454.760 38.274
455.034 35.134
455.308 32.178
455.583 31.380
455.857 28.431
456.131 27.448
456.405 28.218
456.680 30.561
456.954 32.141
457.228 37.037
457.502 44.064
457.776 47.393
458.051 49.757
458.325 54.271
458.599 54.270
458.873 48.632
459.147 44.145
459.422 37.499
459.696 31.048
459.970 27.557
460.244 26.190
460.518 27.194
460.793 31.736
461.067 29.592
461.341 31.981
461.615 42.446
461.889 46.419
462.164 42.305
462.438 40.949
462.712 36.430
462.986 25.798
463.260 23.873
463.535 26.279
463.809 29.083
464.083 32.679
464.357 38.275
464.631 41.111
464.906 38.542
465.180 35.165
465.454 40.801
465.728 49.838
466.002 56.077
466.277 68.350
466.551 81.843
466.825 75.683
467.099 61.504
467.373 53.955
467.648 47.348
467.922 36.907
468.196 40.953
468.470 47.607
468.744 45.819
469.019 42.820
469.293 44.261
469.567 41.656
469.841 34.221
470.116 25.735
470.390 20.086
470.664 14.018
470.938 13.225
471.212 31.355
471.487 46.910
471.761 55.384
472.035 59.215
472.309 62.421
472.583 43.471
472.858 32.154
473.132 33.757
473.406 41.587
473.680 38.155
473.954 38.552
474.229 35.319
474.503 32.454
474.777 33.417
475.051 36.382
475.325 40.174
475.600 42.571
475.874 46.920
476.148 41.858
476.422 34.223
476.696 31.981
476.971 35.746
477.245 27.142
477.519 22.519
477.793 27.648
478.067 27.615
478.342 30.690
478.616 36.382
478.890 30.641
479.164 27.442
479.438 29.966
479.713 30.732
479.987 36.556
480.261 48.108
480.535 50.630
480.809 55.466
481.084 51.686
481.358 37.364
481.632 27.381
481.906 23.446
482.180 19.706
482.455 21.031
482.729 21.801
483.003 25.485
483.277 28.194
483.551 30.312
483.826 27.388
484.100 25.254
484.374 23.112
484.648 20.390
484.923 12.236
485.197 12.220
485.471 22.075
485.745 35.422
486.019 40.641
486.294 44.316
486.568 49.146
486.842 47.608
487.116 36.767
487.390 33.280
487.665 31.345
487.939 24.201
488.213 18.591
488.487 24.218
488.761 31.584
489.036 37.608
489.310 36.451
489.584 36.072
489.858 34.945
490.132 30.901
490.407 30.920
490.681 40.262
490.955 49.420
491.229 49.623
491.503 48.088
491.778 43.834
492.052 41.134
492.326 38.229
492.600 35.530
492.874 34.962
493.149 36.928
493.423 40.670
493.697 43.837
493.971 41.509
494.245 36.237
494.520 29.987
494.794 17.264
495.068 10.221
495.342 11.609
495.616 17.707
495.891 24.386
496.165 36.195
496.439 43.306
496.713 39.772
496.987 41.952
497.262 45.128
497.536 40.613
497.810 38.051
498.084 42.975
498.359 47.914
498.633 51.475
498.907 55.035
499.181 59.198
499.455 60.198
499.730 49.941
500.004 38.895
500.278 33.761
500.552 31.194
500.826 43.652
501.101 57.673
501.375 62.423
501.649 69.752
501.923 69.970
502.197 57.527
502.472 42.724
502.746 39.374
503.020 30.468
503.294 23.148
503.568 20.383
503.843 21.375
504.117 27.909
504.391 43.560
504.665 53.054
504.939 56.618
505.214 59.179
505.488 55.606
505.762 46.674
506.036 46.845
506.310 50.965
506.585 55.894
506.859 51.933
507.133 49.348
507.407 37.695
507.681 35.885
507.956 38.213
508.230 35.241
508.504 33.234
508.778 35.975
509.052 34.157
509.327 25.847
509.601 24.082
509.875 23.468
510.149 23.814
510.423 15.188
510.698 19.022
510.972 28.707
511.246 28.840
511.520 30.352
511.795 35.538
512.069 28.736
512.343 24.621
512.617 25.155
512.891 23.756
513.166 25.811
513.440 31.883
513.714 34.699
513.988 38.444
514.262 41.822
514.537 35.889
514.811 32.422
515.085 25.375
515.359 18.153
515.633 13.767
515.908 17.152
516.182 23.358
516.456 30.895
516.730 38.251
517.004 43.919
517.279 44.301
517.553 41.875
517.827 41.316
518.101 42.458
518.375 42.457
518.650 43.229
518.924 41.723
519.198 40.243
519.472 36.485
519.746 29.506
520.021 26.298
520.295 21.579
520.569 13.991
520.843 7.363
521.117 11.381
521.392 15.209
521.666 20.180
521.940 27.439
522.214 34.713
522.488 35.517
522.763 40.938
523.037 40.411
523.311 38.714
523.585 39.536
523.859 36.878
524.134 23.242
524.408 19.221
524.682 22.533
524.956 18.314
525.231 23.772
525.505 39.466
525.779 53.058
526.053 59.314
526.327 60.502
526.602 55.662
526.876 51.653
527.150 38.087
527.424 25.458
527.698 29.198
527.973 30.200
528.247 25.923
528.521 34.740
528.795 46.106
529.069 43.982
529.344 41.068
529.618 38.354
529.892 36.435
530.166 36.090
530.440 40.048
530.715 42.025
530.989 43.607
531.263 45.211
531.537 49.010
531.811 45.883
532.086 43.529
532.360 48.480
532.634 47.130
532.908 36.676
533.182 30.164
533.457 34.338
533.731 35.148
534.005 30.415
534.279 34.974
534.553 46.881
534.828 49.269
535.102 45.531
535.376 48.922
535.650 47.751
535.924 43.981
536.199 41.805
536.473 46.356
536.747 49.533
537.021 50.534
537.295 52.518
537.570 45.565
537.844 34.664
538.118 31.676
538.392 29.681
538.666 27.696
538.941 39.588
539.215 47.911
539.489 43.734
539.763 39.361
540.038 36.774
540.312 28.444
540.586 23.880
540.860 26.058
541.134 28.433
541.409 26.633
541.683 33.157
541.957 34.926
542.231 27.402
542.505 28.371
542.780 34.694
543.054 30.711
543.328 30.106
543.602 36.215
543.876 36.003
544.151 28.477
544.425 28.082
544.699 29.448
544.973 31.797
545.247 33.946
545.522 39.438
545.796 38.040
546.070 31.935
546.351 33.114
546.632 34.293
546.912 35.646
547.193 36.038
547.474 37.798
547.755 35.998
548.036 36.350
548.317 35.555
548.597 37.895
548.878 43.183
549.159 47.274
549.440 45.110
549.721 44.513
550.001 51.354
550.282 48.997
550.563 41.180
550.844 39.607
551.125 43.898
551.406 48.576
551.686 56.585
551.967 64.976
552.248 72.390
552.529 69.447
552.810 58.482
553.090 54.376
553.371 51.258
553.652 45.984
553.933 38.952
554.214 39.171
554.495 39.189
554.775 43.111
555.056 47.837
555.337 52.353
555.618 54.123
555.899 52.939
556.179 48.641
556.460 42.756
556.741 42.943
557.022 49.390
557.303 53.120
557.584 51.958
557.864 55.709
558.145 56.331
558.426 46.992
558.707 45.892
558.988 51.240
559.268 44.589
559.549 31.997
559.830 28.249
560.111 28.040
560.392 31.964
560.673 38.275
560.953 54.254
561.234 66.679
561.515 72.837
561.796 72.309
562.077 69.572
562.357 66.848
562.638 61.187
562.919 53.733
563.200 53.063
563.481 57.702
563.762 58.556
564.042 55.807
564.323 57.230
564.604 51.254
564.885 51.041
565.166 55.408
565.446 60.773
565.727 58.760
566.008 63.327
566.289 72.082
566.570 70.689
566.851 68.730
567.131 72.974
567.412 72.283
567.693 63.038
567.974 64.395
568.255 64.883
568.535 61.944
568.816 59.781
569.097 60.610
569.378 59.976
569.659 63.938
569.940 67.890
570.220 73.228
570.501 80.369
570.782 89.157
571.063 91.361
571.344 88.781
571.624 80.814
571.905 75.513
572.186 72.446
572.467 76.244
572.748 84.892
573.029 96.359
573.309 98.715
573.590 89.925
573.871 85.561
574.152 87.837
574.433 90.861
574.713 87.971
574.994 99.025
575.275 105.790
575.556 103.410
575.837 103.270
576.118 110.499
576.398 114.771
576.679 118.287
576.960 124.298
577.245 127.914
577.531 127.296
577.816 124.655
578.102 128.521
578.387 130.344
578.672 132.141
578.958 137.237
579.243 145.879
579.529 148.900
579.814 149.138
580.099 152.442
580.385 160.545
580.670 162.452
580.956 172.787
581.241 185.048
581.526 194.236
581.812 207.152
582.097 221.329
582.382 231.279
582.668 245.090
582.953 251.842
583.239 254.079
583.524 256.558
583.809 254.684
584.095 260.042
584.380 275.342
584.666 297.899
584.951 310.635
585.236 320.969
585.522 325.429
585.807 329.003
586.093 327.574
586.378 334.305
586.663 349.960
586.949 367.948
587.234 386.100
587.520 396.621
587.805 406.531
588.090 422.372
588.376 436.560
588.661 456.705
588.947 479.565
589.232 503.255
589.517 515.929
589.803 525.497
590.088 528.486
590.374 530.988
590.659 532.817
590.944 543.034
591.230 565.062
591.515 580.714
591.800 605.683
592.086 639.004
592.371 661.841
592.657 683.579
592.942 719.021
593.227 744.134
593.513 768.025
593.798 800.671
594.084 830.777
594.369 851.991
594.654 876.479
594.940 900.177
595.225 925.583
595.511 955.640
595.796 990.890
596.081 1025.138
596.367 1053.239
596.652 1086.097
596.938 1113.577
597.223 1143.812
597.508 1178.571
597.794 1219.724
598.079 1255.394
598.365 1293.397
598.650 1323.473
598.935 1357.558
599.221 1389.288
599.506 1421.434
599.792 1450.159
600.077 1488.500
600.362 1539.913
600.648 1601.210
600.933 1660.112
601.218 1723.926
601.504 1791.022
601.789 1830.713
602.075 1866.501
602.360 1914.046
602.645 1963.340
602.931 2003.185
603.216 2064.876
603.502 2135.203
603.787 2212.051
604.072 2288.724
604.358 2359.335
604.643 2431.184
604.929 2506.966
605.214 2567.334
605.499 2626.941
605.785 2706.332
606.070 2786.995
606.356 2867.142
606.641 2954.183
606.926 3054.241
607.212 3154.446
607.497 3253.918
607.783 3355.224
608.068 3451.641
608.353 3544.260
608.639 3647.385
608.924 3755.441
609.210 3847.977
609.495 3952.569
609.780 4064.271
610.066 4163.655
610.351 4260.706
610.636 4374.810
610.922 4495.565
611.207 4627.751
611.493 4769.943
611.778 4912.747
612.063 5059.319
612.349 5220.778
612.634 5370.147
612.920 5532.222
613.205 5696.073
613.490 5838.991
613.776 5983.702
614.061 6128.947
614.347 6273.259
614.632 6438.116
614.917 6620.938
615.203 6785.521
615.488 6973.253
615.774 7159.387
616.059 7338.128
616.344 7543.455
616.630 7763.224
616.915 7960.059
617.201 8171.036
617.486 8406.744
617.771 8624.477
618.057 8844.741
618.342 9076.353
618.627 9299.464
618.913 9521.558
619.198 9761.238
619.484 10011.223
619.769 10271.023
620.054 10535.707
620.340 10796.773
620.625 11045.140
620.911 11294.862
621.196 11556.952
621.481 11813.140
621.767 12077.714
622.052 12359.028
622.338 12655.393
622.623 12961.474
622.908 13277.136
623.194 13580.111
623.479 13904.456
623.765 14211.046
624.050 14509.316
624.335 14810.988
624.621 15139.160
624.906 15469.113
625.192 15805.844
625.477 16166.857
625.762 16534.355
626.048 16908.089
626.333 17300.060
626.619 17670.377
626.904 18050.002
627.189 18452.434
627.475 18821.029
627.760 19193.483
628.045 19639.216
628.331 20067.859
628.616 20511.685
628.902 21021.177
629.187 21527.508
629.472 22022.884
629.758 22536.923
630.043 23058.458
630.329 23573.831
630.614 24109.608
630.899 24651.382
631.185 25222.097
631.470 25847.551
631.756 26459.400
632.041 27076.165
632.326 27743.024
632.612 28397.950
632.897 29028.674
633.183 29736.858
633.468 30461.808
633.753 31138.022
634.039 31836.272
634.324 32559.129
634.610 33266.474
634.895 33963.287
635.180 34709.620
635.466 35467.691
635.751 36181.229
636.037 36894.098
636.322 37610.441
636.607 38278.776
636.893 38963.469
637.178 39656.172
637.463 40318.339
637.749 40969.939
638.034 41637.013
638.320 42235.490
638.605 42815.205
638.890 43385.988
639.176 43954.666
639.461 44468.731
639.747 44991.968
640.032 45480.584
640.317 45905.001
640.603 46269.582
640.888 46615.754
641.174 46940.551
641.459 47209.025
641.744 47432.760
642.030 47641.764
642.315 47834.848
642.601 47943.558
642.886 48031.919
643.171 48096.908
643.457 48099.233
643.742 47991.926
644.028 47824.224
644.313 47596.315
644.598 47321.575
644.884 46982.425
645.169 46588.230
645.455 46124.417
645.740 45586.972
646.025 44956.181
646.311 44245.229
646.596 43489.635
646.881 42677.266
647.167 41835.403
647.452 40920.082
647.738 39944.488
648.023 38932.421
648.308 37908.181
648.594 36846.851
648.879 35775.964
649.165 34667.960
649.450 33563.235
649.735 32452.565
650.021 31329.667
650.306 30236.086
650.592 29207.385
650.877 28184.817
651.162 27162.243
651.448 26147.391
651.733 25167.821
652.019 24203.580
652.304 23284.690
652.589 22400.154
652.875 21572.581
653.160 20775.132
653.446 20002.423
653.731 19249.950
654.016 18520.360
654.302 17812.380
654.587 17138.669
654.873 16494.005
655.158 15894.727
655.443 15320.958
655.729 14758.832
656.014 14216.611
656.299 13690.227
656.585 13150.779
656.870 12635.389
657.156 12157.096
657.441 11676.795
657.726 11238.957
658.012 10815.054
658.297 10412.373
658.583 10009.561
658.868 9619.212
659.153 9237.267
659.439 8881.526
659.724 8527.301
660.010 8197.010
660.295 7865.421
660.580 7533.764
660.866 7204.821
661.151 6895.685
661.437 6606.140
661.722 6345.451
662.007 6089.723
662.293 5851.799
662.578 5631.057
662.864 5399.053
663.149 5172.928
663.434 4959.097
663.720 4742.613
664.005 4534.194
664.290 4350.169
664.576 4167.482
664.861 3991.284
665.147 3814.747
665.432 3643.308
665.717 3469.142
666.003 3313.362
666.288 3164.836
666.574 3032.312
666.859 2905.999
667.144 2776.608
667.430 2652.915
667.715 2543.451
668.001 2438.767
668.286 2338.670
668.571 2247.876
668.857 2167.206
669.142 2085.345
669.428 1994.842
669.713 1893.809
669.998 1806.655
670.284 1718.282
670.569 1638.406
670.855 1576.897
671.140 1527.414
671.425 1478.790
671.711 1427.474
671.996 1371.208
672.282 1318.382
672.567 1264.510
672.852 1206.402
673.138 1157.598
673.423 1107.148
673.708 1057.841
673.994 1017.981
674.279 983.100
674.565 941.684
674.850 902.092
675.135 864.708
675.421 831.151
675.706 803.611
675.992 776.916
676.277 749.308
676.562 723.918
676.848 691.440
677.133 656.049
677.419 627.485
677.704 601.091
677.989 571.037
678.275 545.729
678.560 525.705
678.846 512.113
679.131 500.335
679.416 491.291
679.702 486.505
679.987 473.278
680.273 445.921
680.558 424.015
680.843 399.153
681.129 375.754
681.414 359.750
681.700 348.625
681.985 336.874
682.270 331.707
682.556 322.064
682.841 308.417
683.126 306.379
683.412 303.523
683.697 287.147
683.983 269.161
684.268 254.742
684.553 231.031
684.839 216.193
685.124 206.813
685.410 198.258
685.695 192.511
685.980 183.460
686.266 168.733
686.551 162.004
686.837 160.407
687.122 159.831
687.407 159.188
687.693 148.361
687.978 133.851
688.264 125.466
688.549 115.245
688.834 103.801
689.120 107.646
689.405 122.434
689.691 124.564
689.976 122.634
690.261 130.736
690.547 125.814
690.832 110.754
691.118 101.405
691.403 94.490
691.688 84.070
691.974 81.365
692.259 82.544
692.544 80.470
692.830 79.610
693.115 79.204
693.401 80.584
693.686 80.513
693.971 81.489
694.257 77.031
694.542 79.000
694.828 72.126
695.113 59.445
695.398 56.192
695.684 56.156
695.969 55.114
696.255 61.096
696.540 70.911
696.834 71.084
697.127 75.092
697.421 71.631
697.715 63.991
698.008 60.364
698.302 62.155
698.596 57.899
698.889 57.672
699.183 63.073
699.477 64.826
699.771 54.575
700.064 46.749
700.358 40.129
700.652 36.489
700.945 33.691
701.239 34.483
701.533 45.841
701.826 53.989
702.120 49.182
702.414 46.960
702.707 50.126
703.001 44.732
703.295 45.299
703.588 52.624
703.882 57.168
704.176 56.942
704.469 56.707
704.763 48.144
705.057 41.768
705.351 34.202
705.644 24.876
705.938 18.322
706.232 18.704
706.525 16.129
706.819 21.478
707.113 31.944
707.406 40.634
707.700 37.062
707.994 34.483
708.287 27.147
708.581 22.017
708.875 14.505
709.168 18.837
709.462 25.540
709.756 29.481
710.049 30.457
710.343 37.549
710.637 41.876
710.931 42.055
711.224 40.668
711.518 41.837
711.812 42.208
712.105 36.098
712.399 25.270
712.693 22.116
712.986 28.020
713.280 25.254
713.574 25.247
713.867 37.854
714.161 49.058
714.455 47.274
714.748 45.903
715.042 49.641
715.336 52.780
715.629 50.450
715.923 47.127
716.217 50.865
716.511 47.923
716.804 39.466
717.098 37.689
717.392 39.867
717.685 39.709
717.979 37.744
718.273 35.577
718.566 33.829
718.860 36.232
719.154 34.486
719.447 36.683
719.741 39.480
720.035 41.269
720.328 43.248
720.622 53.384
720.916 60.751
721.209 62.538
721.503 60.184
721.797 51.689
722.091 36.010
722.384 29.277
722.678 34.293
722.972 35.294
723.265 34.316
723.559 39.507
723.853 40.711
724.146 36.526
724.440 32.955
724.734 29.562
725.027 24.374
725.321 15.380
725.615 9.187
725.908 9.580
726.202 14.972
726.496 16.974
726.789 24.172
727.083 29.170
727.377 32.973
727.671 34.778
727.964 37.576
728.258 37.180
728.552 35.188
728.845 34.409
729.139 29.216
729.433 30.232
729.726 35.470
730.020 39.904
730.314 35.091
730.607 36.899
730.901 40.153
731.195 37.549
731.488 35.343
731.782 38.359
732.076 36.959
732.369 35.146
732.663 39.580
732.957 39.980
733.251 45.238
733.544 44.635
733.838 37.799
734.132 29.956
734.425 24.527
734.719 12.831
735.013 10.211
735.306 10.011
735.600 9.217
735.894 14.874
736.187 28.609
736.481 36.697
736.775 36.907
737.068 40.761
737.362 42.209
737.656 36.175
737.949 32.964
738.243 33.992
738.537 33.813
738.831 34.439
739.124 35.687
739.418 40.177
739.712 37.535
740.005 30.633
740.299 26.175
740.593 23.124
740.886 17.623
741.180 14.771
741.474 16.605
741.767 17.641
742.061 14.379
742.355 16.828
742.648 17.028
742.942 14.581
743.236 12.539
743.529 13.563
743.823 9.696
744.117 16.442
744.411 20.735
744.704 18.070
744.998 13.770
745.292 11.723
745.585 11.523
745.879 15.620
746.173 25.457
746.466 40.416
746.760 43.697
747.054 44.924
747.347 36.325
747.641 18.078
747.935 4.757
748.228 4.763
748.522 0.881
748.816 3.344
749.109 14.222
749.403 22.228
749.697 23.670
749.991 31.654
750.284 38.633
750.578 39.444
750.872 36.367
751.165 31.630
751.459 21.385
751.753 13.993
752.046 12.974
752.340 15.841
752.634 22.220
752.927 30.831
753.221 40.079
753.515 50.765
753.808 52.632
754.102 54.883
754.396 59.629
754.689 58.998
754.983 55.491
755.277 55.479
755.571 48.280
755.864 39.434
756.158 35.743
756.452 29.175
756.745 24.851
757.039 30.803
757.333 33.281
757.626 39.637
757.920 52.327
758.214 59.101
758.507 62.578
758.801 63.978
759.095 51.241
759.388 39.969
759.682 32.569
759.976 26.806
760.269 22.700
760.563 24.745
760.857 26.170
761.151 23.903
761.444 21.450
761.738 21.642
762.032 24.692
762.325 22.627
762.619 26.898
762.913 33.814
763.206 33.999
763.500 22.991
763.798 22.775
764.097 21.335
764.395 17.636
764.693 22.480
764.992 36.091
765.290 28.968
765.588 25.498
765.887 22.853
766.185 15.143
766.483 13.096
766.782 17.959
767.080 19.975
767.378 22.792
767.677 20.961
767.975 8.419
768.273 9.822
768.571 13.646
768.870 14.639
769.168 22.095
769.466 35.986
769.765 40.188
770.063 40.548
770.361 39.704
770.660 41.265
770.958 39.429
771.256 34.793
771.555 30.158
771.853 27.128
772.151 25.496
772.450 24.483
772.748 25.464
773.046 30.644
773.345 36.233
773.643 33.220
773.941 33.811
774.240 36.411
774.538 35.204
774.836 29.599
775.135 28.392
775.433 23.597
775.731 21.980
776.030 24.559
776.328 29.516
776.626 32.694
776.925 43.028
777.223 43.207
777.521 37.618
777.819 36.837
778.118 43.176
778.416 35.619
778.714 32.439
779.013 37.814
779.311 36.000
779.609 28.656
779.908 37.015
780.206 41.978
780.504 36.589
780.803 29.835
781.101 25.061
781.399 16.904
781.698 15.529
781.996 16.337
782.294 24.286
782.593 29.061
782.891 29.058
783.189 30.833
783.488 36.602
783.786 34.418
784.084 30.634
784.383 27.247
784.681 25.292
784.979 18.537
785.278 18.760
785.576 23.970
785.874 36.169
786.173 42.154
786.471 42.565
786.769 46.983
787.068 48.599
787.366 41.218
787.664 35.245
787.962 37.466
788.261 35.894
788.559 41.174
788.857 50.826
789.156 49.437
789.454 41.399
789.752 30.523
790.051 17.432
790.349 6.596
790.647 6.810
790.946 13.079
791.244 17.121
791.542 21.182
791.841 21.404
792.139 23.051
792.437 35.079
792.736 44.235
793.034 42.414
793.332 42.018
793.631 38.166
793.929 21.890
794.227 16.613
794.526 22.748
794.824 24.603
795.122 31.564
795.421 49.968
795.719 59.428
796.017 61.925
796.316 66.669
796.614 65.483
796.912 55.312
797.211 42.600
797.509 34.843
797.807 31.379
798.105 25.632
798.404 22.368
798.702 29.631
799.000 35.691
799.299 40.078
799.597 44.868
799.895 44.060
800.194 35.770
800.492 27.458
800.790 15.640
801.089 4.399
801.387 -1.424
801.685 3.392
801.984 13.673
802.282 19.546
802.580 28.341
802.879 37.168
803.177 37.208
803.475 28.002
803.774 25.712
804.072 26.169
804.370 25.794
804.669 27.526
804.967 31.350
805.265 35.202
805.564 26.717
805.862 14.828
806.160 13.593
806.459 16.236
806.757 16.502
807.055 31.715
807.353 55.896
807.652 58.101
807.950 47.170
808.248 38.154
808.547 27.000
808.845 15.319
809.143 12.121
809.442 19.486
809.740 21.210
810.038 28.405
810.337 31.959
810.635 37.699
810.933 43.453
811.232 50.485
811.530 49.251
811.831 35.251
812.132 23.423
812.432 14.694
812.733 8.772
813.034 -2.289
813.335 -0.752
813.636 2.594
813.936 1.734
814.237 6.680
814.538 18.533
814.839 26.625
815.140 30.243
815.440 38.620
815.741 41.576
816.042 46.380
816.343 47.325
816.644 46.917
816.945 40.384
817.245 33.404
817.546 28.899
817.847 27.554
818.148 27.785
818.449 34.109
818.749 42.925
819.050 42.677
819.351 41.526
819.652 39.455
819.953 32.652
820.253 24.038
820.554 21.988
820.855 22.415
821.156 20.816
821.457 18.761
821.757 19.426
822.058 14.902
822.359 13.483
822.660 15.696
822.961 20.142
823.261 22.125
823.562 25.448
823.863 28.989
824.164 28.064
824.465 22.482
824.765 20.879
825.066 19.950
825.367 13.477
825.668 11.678
825.969 8.393
826.269 10.758
826.570 21.161
826.871 27.215
827.172 31.744
827.473 46.266
827.774 49.026
828.074 41.997
828.375 39.966
828.676 35.824
828.977 29.270
829.278 31.923
829.578 32.248
829.879 33.036
830.180 38.308
830.481 37.407
830.782 29.263
831.082 28.353
831.383 24.909
831.684 18.947
831.985 17.001
832.286 21.552
832.586 21.254
832.887 27.878
833.188 37.794
833.489 46.026
833.790 47.559
834.090 49.535
834.391 43.639
834.692 34.701
834.993 21.503
835.294 11.834
835.594 11.739
835.895 16.543
836.196 17.519
836.497 25.608
836.798 32.441
837.099 33.899
837.399 28.371
837.700 23.544
838.001 20.670
838.302 26.471
838.603 27.115
838.903 31.602
839.204 39.106
839.505 46.455
839.806 45.543
840.107 44.502
840.407 46.888
840.708 49.646
841.009 44.201
841.310 34.712
841.611 36.183
841.911 32.539
842.212 34.944
842.513 41.800
842.814 52.613
843.115 56.168
843.415 61.087
843.716 55.607
844.017 51.842
844.318 44.416
844.619 34.768
844.919 34.903
845.220 36.839
845.521 37.039
845.822 43.399
846.123 46.648
846.423 40.828
846.724 43.668
847.025 44.926
847.326 37.394
847.627 35.669
847.928 39.810
848.228 35.835
848.529 37.065
848.830 43.046
849.131 44.465
849.432 43.615
849.732 45.226
850.033 45.006
850.334 40.869
850.635 39.007
850.936 28.711
851.236 18.430
851.537 18.834
851.838 23.780
852.139 23.958
852.440 34.121
852.740 49.693
853.041 50.733
853.342 50.858
853.643 52.613
853.944 47.158
854.244 40.083
854.545 33.673
854.846 26.863
855.147 23.420
855.448 27.528
855.748 29.152
856.049 29.941
856.350 30.948
856.651 31.717
856.952 32.415
857.253 34.162
857.553 42.142
857.854 50.320
858.155 48.312
858.456 43.072
858.757 42.681
859.057 32.986
859.358 18.971
859.659 14.145
859.960 8.092
860.261 2.330
860.561 7.129
860.862 15.492
861.163 22.225
861.464 30.158
861.765 28.675
862.065 19.081
862.366 16.521
862.667 23.557
862.968 27.241
863.269 28.770
863.569 35.052
863.870 35.552
864.171 32.231
864.472 32.420
864.773 37.764
865.073 38.251
865.374 36.227
865.675 28.216
865.976 19.280
866.277 8.841
866.577 3.611
866.878 4.316
867.179 9.978
867.480 18.072
867.781 20.529
868.082 18.824
868.382 15.020
868.683 12.338
868.984 7.591
869.285 14.662
869.586 24.329
869.886 28.395
870.187 31.489
870.488 37.891
870.789 31.159
871.090 24.073
871.390 24.229
871.691 27.875
871.992 29.161
872.293 33.933
872.594 37.227
872.894 39.749
873.195 35.298
873.496 32.487
873.797 36.278
874.098 35.338
874.398 34.054
874.699 35.501
875.000 36.936
875.301 34.901
875.602 34.697
875.902 35.206
876.203 29.171
876.504 23.676
876.805 22.573
877.106 26.388
877.407 25.475
877.707 30.010
878.008 33.984
878.309 29.792
878.610 22.151
878.911 24.657
879.211 22.826
879.512 17.925
879.813 20.280
880.114 28.806
880.415 30.285
880.715 35.172
881.016 36.250
881.317 35.870
881.618 28.062
881.919 25.697
882.219 27.724
882.520 31.710
882.821 31.520
883.122 35.863
883.423 31.487
883.723 18.036
884.024 7.152
884.325 3.530
884.626 0.262
884.927 3.151
885.227 12.383
885.528 21.789
885.829 28.654
886.130 31.182
886.431 34.622
886.731 37.720
887.032 38.474
887.333 35.046
887.634 35.417
887.935 33.066
888.236 29.235
888.536 30.100
888.837 31.893
889.138 31.160
889.439 28.623
889.740 24.634
890.040 19.760
890.341 16.872
890.642 19.064
890.943 24.146
891.244 22.153
891.544 17.248
891.845 16.340
892.146 13.780
892.447 5.066
892.748 11.248
893.048 20.326
893.349 23.436
893.650 23.267
893.951 27.279
894.252 24.186
894.552 16.005
894.853 16.930
895.154 18.228
895.455 22.827
895.756 32.933
896.056 39.371
896.357 36.458
896.658 33.351
896.959 29.332
897.260 22.015
897.561 22.217
897.861 27.404
898.162 33.697
898.463 37.429
898.764 40.615
899.065 41.210
899.365 39.945
899.666 34.402
899.967 27.753
900.268 24.466
900.569 19.635
900.869 18.768
901.170 22.909
901.471 26.105
901.772 27.056
902.073 30.275
902.373 28.031
902.674 24.866
902.975 22.821
903.276 16.615
903.577 14.176
903.877 18.770
904.178 20.504
904.479 18.998
904.780 23.585
905.081 23.599
905.381 21.537
905.682 22.299
905.983 25.940
906.284 29.976
906.585 38.235
906.885 43.123
907.186 41.642
907.487 39.751
907.788 33.631
908.089 32.744
908.390 31.236
908.690 35.921
908.991 38.465
909.292 39.635
909.593 35.999
909.894 29.442
910.194 23.840
910.495 27.600
910.796 32.941
911.097 30.428
911.398 30.648
911.698 28.109
911.999 18.713
912.300 12.642
912.607 9.710
912.915 17.649
913.222 28.751
913.529 35.099
913.837 38.708
914.144 48.857
914.451 50.502
914.759 42.993
915.066 39.033
915.374 26.255
915.681 14.505
915.988 11.820
916.296 13.876
916.603 10.878
916.910 21.510
917.218 24.729
917.525 17.320
917.832 19.382
918.140 25.460
918.447 23.664
918.754 27.953
919.062 29.383
919.369 25.348
919.677 27.420
919.984 30.506
920.291 29.501
920.599 27.674
920.906 30.194
921.213 31.665
921.521 23.256
921.828 23.106
922.135 31.978
922.443 36.491
922.750 33.840
923.057 38.986
923.365 35.069
923.672 28.499
923.980 21.315
924.287 18.242
924.594 21.554
924.902 27.820
925.209 32.430
925.516 30.372
925.824 29.143
926.131 25.214
926.438 16.866
926.746 9.579
927.053 13.763
927.360 17.539
927.668 18.178
927.975 19.851
928.283 21.966
928.590 27.099
928.897 26.513
929.205 30.721
929.512 37.464
929.819 38.546
930.127 40.004
930.434 49.142
930.741 50.467
931.049 49.064
931.356 51.235
931.663 51.200
931.971 45.575
932.278 35.362
932.586 29.607
932.893 25.379
933.200 22.945
933.508 30.505
933.815 42.291
934.122 42.306
934.430 43.910
934.737 34.175
935.044 15.366
935.352 7.072
935.659 5.066
935.966 0.909
936.274 2.538
936.581 9.133
936.889 10.799
937.196 19.647
937.503 22.503
937.811 14.552
938.118 17.562
938.425 24.861
938.733 30.410
939.040 32.963
939.347 45.482
939.655 47.912
939.962 45.273
940.269 35.232
940.577 34.142
940.884 31.063
941.191 20.754
941.499 20.138
941.806 24.237
942.114 33.234
942.421 41.438
942.728 49.558
943.036 51.107
943.343 55.887
943.650 53.830
943.958 45.170
944.265 42.874
944.572 36.024
944.880 27.168
945.187 17.491
945.494 23.994
945.802 32.465
946.109 37.444
946.417 40.183
946.724 45.647
947.031 44.061
947.339 36.427
947.646 40.032
947.953 50.047
948.261 55.084
948.568 50.003
948.875 49.657
949.183 44.608
949.490 33.148
949.797 22.507
950.105 21.941
950.412 19.435
950.720 13.838
951.027 15.885
951.334 21.748
951.642 25.707
951.949 22.802
952.256 22.093
952.564 27.092
952.871 29.973
953.178 29.393
953.486 43.510
953.793 54.367
954.100 50.070
954.408 45.084
954.715 44.057
955.023 31.267
955.330 30.654
955.637 35.308
955.945 37.941
956.252 36.058
956.559 39.846
956.867 39.742
957.174 31.708
957.481 26.877
957.789 27.926
958.096 30.308
958.403 23.059
958.711 14.371
959.018 7.460
959.326 11.400
959.633 16.406
959.940 24.104
960.248 39.715
960.555 54.454
960.862 57.012
961.170 49.693
961.477 47.421
961.784 43.450
962.092 33.533
962.399 24.741
962.706 24.644
963.014 27.163
963.321 28.857
963.629 31.643
963.936 31.611
964.243 31.831
964.551 31.338
964.858 26.511
965.165 25.398
965.473 33.113
965.780 38.310
966.092 34.594
966.404 44.387
966.716 53.732
967.028 51.122
967.340 47.094
967.652 49.829
967.964 39.315
968.276 32.219
968.588 28.764
968.900 31.478
969.212 28.240
969.524 28.221
969.836 36.079
970.148 46.190
970.460 46.829
970.772 45.131
971.084 44.479
971.396 35.321
971.708 26.201
972.020 18.098
972.332 24.814
972.644 32.178
972.956 33.849
973.268 36.336
973.580 40.118
973.892 32.513
974.204 33.125
974.516 33.929
974.828 31.017
975.140 31.437
975.452 38.180
975.764 41.119
976.076 39.273
976.388 36.293
976.700 36.467
977.012 33.936
977.324 24.673
977.636 23.784
977.948 30.076
978.260 30.666
978.572 32.090
978.884 38.774
979.196 47.827
979.508 40.263
979.820 29.318
980.132 23.660
980.444 16.124
980.756 6.874
981.068 9.623
981.380 24.043
981.692 33.190
982.004 30.220
982.316 22.595
982.628 23.862
982.940 19.406
983.252 12.589
983.564 20.878
983.876 38.506
984.188 48.006
984.500 49.458
984.812 50.104
985.124 51.583
985.436 39.022
985.748 28.663
986.060 25.309
986.372 25.925
986.684 25.074
986.996 30.176
987.308 28.464
987.620 34.818
987.932 32.914
988.244 31.396
988.556 30.321
988.868 33.728
989.180 34.369
989.492 43.750
989.804 46.357
990.116 42.085
990.428 39.724
990.740 39.501
991.052 31.593
991.364 25.813
991.676 23.457
991.988 21.313
992.300 16.624
992.612 19.989
992.924 23.431
993.236 25.766
993.548 29.160
993.860 32.954
994.172 30.174
994.484 24.122
994.796 23.261
995.108 15.797
995.420 8.378
995.732 7.370
996.044 9.087
996.356 11.444
996.668 22.347
996.980 27.885
997.292 23.148
997.604 24.629
997.916 28.699
998.228 29.572
998.540 27.436
998.852 25.059
999.164 30.221
999.476 33.044
999.788 32.603
1000.100 35.879
1000.412 44.472
1000.724 40.215
1001.036 34.796
1001.348 29.414
1001.660 23.791
1001.972 24.250
1002.284 32.022
1002.596 40.885
1002.908 48.482
1003.220 51.698
1003.532 51.663
1003.844 41.469
1004.156 34.567
1004.468 30.657
1004.780 35.810
1005.092 41.159
1005.404 41.816
1005.716 38.535
1006.028 38.477
1006.340 34.811
1006.652 25.775
1006.964 25.749
1007.276 31.598
1007.588 25.335
1007.900 21.214
1008.212 26.726
1008.524 35.938
1008.836 40.271
1009.148 52.429
1009.460 58.793
1009.772 57.883
1010.084 52.045
1010.396 43.060
1010.708 35.742
1011.020 31.175
1011.332 24.984
1011.644 26.517
1011.956 36.139
1012.268 39.858
1012.580 39.392
1012.892 40.834
1013.204 38.704
1013.516 29.001
1013.828 20.404
1014.140 19.926
1014.452 23.604
1014.764 21.224
1015.076 23.821
1015.388 32.042
1015.700 34.016
1016.012 35.785
1016.324 42.880
1016.636 43.700
1016.948 43.851
1017.260 45.430
1017.572 48.269
1017.884 48.305
1018.196 44.360
1018.508 39.215
1018.820 40.999
1019.132 41.959
1019.444 32.458
1019.756 34.029
1020.068 43.690
1020.380 45.663
1020.692 46.168
1021.004 55.703
1021.316 56.497
1021.628 47.818
1021.940 45.936
1022.252 41.043
1022.564 33.311
1022.876 36.515
1023.188 45.816
1023.500 51.008
1023.812 53.049
1024.124 50.599
1024.436 45.958
1024.748 42.095
1025.060 35.216
1025.372 31.283
1025.684 38.705
1025.996 38.655
1026.308 35.792
1026.620 30.371
1026.932 24.540
1027.244 19.110
1027.556 20.116
1027.868 17.268
1028.180 24.473
1028.492 37.506
1028.804 45.136
1029.116 52.506
1029.428 63.442
1029.740 62.184
1030.052 60.903
1030.364 67.246
1030.676 70.362
1030.988 67.341
1031.300 63.295
1031.612 52.299
1031.924 41.814
1032.236 42.599
1032.548 42.925
1032.860 50.020
1033.172 66.402
1033.484 69.825
1033.796 62.845
1034.108 65.115
1034.420 63.415
1034.732 58.402
1035.044 55.788
1035.356 48.974
1035.668 48.761
1035.980 55.347
1036.292 55.733
1036.604 61.319
1036.916 74.905
1037.228 68.891
1037.540 61.077
1037.852 67.263
1038.164 70.049
1038.476 71.435
1038.788 86.021
1039.100 100.207
1039.412 102.193
1039.724 102.179
1040.036 99.764
1040.348 94.150
1040.660 84.536
1040.972 80.521
1041.284 85.107
1041.596 94.693
1041.908 102.878
1042.220 107.664
1042.532 109.849
1042.844 110.635
1043.156 108.420
1043.468 108.205
1043.780 110.591
1044.092 116.576
1044.404 126.161
1044.716 136.546
1045.028 143.731
1045.340 148.917
1045.652 152.902
1045.964 148.687
1046.276 145.672
1046.588 141.657
1046.900 143.841
1047.212 147.826
1047.524 158.811
1047.836 166.596
1048.148 176.581
1048.460 186.165
1048.772 190.150
1049.084 191.735
1049.396 193.919
1049.708 205.704
1050.020 215.088
1050.332 220.073
1050.644 226.657
1050.956 234.242
1051.268 231.426
1051.580 226.410
1051.892 235.195
1052.204 245.979
1052.516 255.163
1052.828 269.547
1053.140 290.931
1053.452 304.316
1053.764 310.900
1054.076 317.884
1054.388 327.468
1054.700 330.251
1055.012 334.635
1055.324 344.619
1055.636 353.603
1055.948 364.187
1056.260 383.770
1056.572 400.154
1056.884 408.738
1057.196 420.521
1057.508 432.905
1057.820 442.088
1058.132 449.472
1058.444 459.055
1058.756 468.838
1059.068 464.022
1059.380 463.205
1059.692 464.388
1060.004 463.171
1060.316 462.955
1060.628 477.538
1060.940 482.121
1061.252 483.904
1061.564 488.087
1061.876 490.070
1062.188 476.652
1062.500 469.835
1062.812 467.218
1063.124 465.401
1063.436 469.583
1063.748 476.766
1064.060 473.149
1064.372 469.931
1064.684 464.314
1064.996 449.896
1065.308 440.279
1065.620 441.061
1065.932 440.643
1066.244 438.426
1066.556 430.408
1066.868 419.190
1067.180 409.972
1067.492 399.554
1067.804 389.736
1068.116 385.518
1068.428 377.100
1068.740 363.882
1069.052 364.264
1069.364 365.846
1069.676 361.628
1069.988 359.010
1070.300 359.591
1070.612 343.573
1070.924 323.354
1071.236 310.936
1071.548 300.717
1071.860 291.499
1072.172 287.280
1072.484 291.062
1072.796 290.243
1073.108 290.824
1073.420 284.405
1073.732 275.787
1074.044 263.768
1074.356 256.749
1074.668 254.930
1074.980 250.911
1075.292 243.492
1075.604 238.072
1075.916 227.253
1076.228 211.834
1076.540 201.015
1076.852 188.195
1077.164 178.976
1077.476 174.956
1077.788 174.337
1078.100 180.517
1078.412 185.898
1078.724 182.278
1079.036 179.258
1079.348 177.439
1079.660 169.019
1079.972 164.999
1080.284 164.579
1080.596 158.559
1080.908 154.539
1081.220 154.719
1081.532 152.099
1081.844 146.679
1082.156 150.059
1082.468 144.238
1082.780 130.418
1083.092 125.398
1083.404 121.177
1083.716 109.957
1084.028 102.736
1084.340 99.516
1084.652 92.895
1084.964 89.475
1085.276 93.454
1085.588 91.433
1085.900 86.612
1086.212 78.791
1086.524 75.570
1086.836 65.549
1087.148 61.528
1087.460 63.907
1087.772 67.686
1088.084 72.265
1088.396 82.244
1088.708 89.822
1089.020 93.001
1089.332 93.779
1089.644 89.358
1089.956 80.536
1090.268 66.915
1090.580 60.693
1090.892 62.471
1091.204 64.450
1091.516 61.228
1091.828 62.206
1092.140 60.384
1092.464 49.562
1092.788 43.540
1093.112 46.118
1093.436 47.496
1093.760 48.274
1094.084 54.251
1094.408 54.229
1094.732 47.607
1095.056 38.184
1095.380 31.962
1095.703 31.139
1096.027 24.917
1096.351 28.294
1096.675 41.871
1096.999 47.848
1097.323 44.626
1097.647 50.603
1097.971 49.380
1098.295 41.157
1098.619 34.934
1098.943 36.311
1099.267 36.287
1099.591 34.264
1099.915 35.241
1100.239 39.018
1100.563 36.594
1100.887 34.571
1101.211 34.747
1101.535 31.924
1101.859 30.300
1102.182 24.876
1102.506 15.853
1102.830 10.429
1103.154 9.405
1103.478 7.381
1103.802 16.157
1104.126 24.933
1104.450 32.309
1104.774 39.085
1105.098 37.860
1105.422 28.836
1105.746 23.012
1106.070 18.387
1106.394 15.363
1106.718 13.338
1107.042 12.514
1107.366 7.489
1107.690 5.064
1108.014 3.440
1108.338 -2.785
1108.662 3.190
1108.985 13.165
1109.309 15.740
1109.633 18.315
1109.957 24.690
1110.281 23.865
1110.605 27.039
1110.929 30.414
1111.253 27.189
1111.577 25.763
1111.901 27.338
1112.225 29.112
1112.549 33.687
1112.873 34.661
1113.197 36.835
1113.521 29.609
1113.845 18.384
1114.169 8.958
1114.493 2.932
1114.817 1.106
1115.141 4.280
1115.464 11.453
1115.788 17.027
1116.112 17.801
1116.436 14.175
1116.760 19.748
1117.084 16.922
1117.408 9.495
1117.732 7.268
1118.056 10.442
1118.380 5.615
1118.704 9.388
1119.028 19.161
1119.352 30.735
1119.676 36.308
1120.000 33.681
1120.324 27.853
1120.648 19.426
1120.972 10.599
1121.296 3.172
1121.620 0.144
1121.944 -2.883
1122.267 -4.910
1122.591 -7.138
1122.915 -7.566
1123.239 0.207
1123.563 4.179
1123.887 4.951
1124.211 8.923
1124.535 13.095
1124.859 8.468
1125.183 13.039
1125.507 21.211
1125.831 19.983
1126.155 18.955
1126.479 21.727
1126.803 16.898
1127.127 8.870
1127.451 12.841
1127.775 16.213
1128.099 11.784
1128.423 8.756
1128.746 8.727
1129.070 3.298
1129.394 -9.331
1129.718 -16.360
1130.042 -13.589
1130.366 -3.218
1130.690 0.153
1131.014 11.724
1131.338 23.295
1131.662 24.466
1131.986 18.636
1132.310 16.407
1132.634 8.777
1132.958 4.148
1133.282 -1.882
1133.606 -7.312
1133.930 -6.541
1134.254 -3.371
1134.578 3.599
1134.902 12.569
1135.226 15.339
1135.549 19.309
1135.873 25.479
1136.197 22.849
1136.521 16.219
1136.845 17.588
1137.169 19.558
1137.493 16.928
1137.817 12.297
1138.141 12.867
1138.465 17.036
1138.789 16.405
1139.113 14.975
1139.437 21.144
1139.761 26.513
1140.085 27.482
1140.409 31.851
1140.733 41.620
1141.057 44.589
1141.381 41.358
1141.705 36.126
1142.028 28.295
1142.352 20.864
1142.676 18.832
1143.000 23.601
1143.324 26.169
1143.648 27.338
1143.972 29.306
1144.296 30.275
1144.620 27.043
1144.944 23.011
1145.268 29.779
1145.592 35.947
1145.916 39.115
1146.240 40.483
1146.564 38.251
1146.888 32.819
1147.212 20.786
1147.536 13.154
1147.860 11.122
1148.184 8.289
1148.507 6.657
1148.831 12.624
1149.155 13.392
1149.479 8.959
1149.803 12.526
1150.127 13.694
1150.451 13.461
1150.775 14.828
1151.099 21.595
1151.423 27.762
1151.747 22.529
1152.071 18.696
1152.395 18.663
1152.719 19.030
1153.043 13.796
1153.367 21.363
1153.691 23.330
1154.015 22.896
1154.339 19.063
1154.663 20.229
1154.987 14.195
1155.310 15.762
1155.634 17.328
1155.958 18.894
1156.282 20.460
1156.606 24.227
1156.930 22.593
1157.254 20.159
1157.578 25.325
1157.902 25.291
1158.226 21.456
1158.550 17.422
1158.874 13.588
1159.198 11.354
1159.522 14.119
1159.846 20.485
1160.170 25.050
1160.494 29.416
1160.818 32.581
1161.142 31.947
1161.466 26.712
1161.790 24.278
1162.113 19.243
1162.437 12.208
1162.761 9.773
1163.085 12.938
1163.409 21.303
1163.733 26.468
1164.057 26.433
1164.381 27.798
1164.705 23.963
1165.029 15.328
1165.353 11.893
1165.677 3.058
1166.001 -9.378
1166.325 -12.213
1166.649 -7.248
1166.973 -2.684
1167.297 4.281
1167.621 16.245
1167.945 19.410
1168.269 15.374
1168.592 12.738
1168.916 10.103
1169.240 6.867
1169.564 6.631
1169.888 -0.605
1170.212 -3.240
1170.536 -0.876
1170.860 -3.312
1171.184 -2.548
1171.508 5.816
1171.832 8.780
1172.156 6.544
1172.480 1.908
1172.804 2.272
1173.128 2.235
1173.452 0.199
1173.776 5.363
1174.100 12.127
1174.424 15.690
1174.748 19.654
1175.072 21.818
1175.395 24.581
1175.719 26.945
1176.043 22.908
1176.367 19.472
1176.691 10.035
1177.015 1.399
1177.339 -2.038
1177.663 -2.674
1177.987 -0.311
1178.311 10.852
1178.635 19.016
1178.959 19.179
1179.283 17.742
1179.607 13.106
1179.931 13.069
1180.255 9.232
1180.579 10.595
1180.903 11.358
1181.227 9.322
1181.551 0.485
1181.874 -3.352
1182.198 -4.989
1182.522 -3.626
1182.846 -0.663
1183.170 4.300
1183.494 8.463
1183.818 13.826
1184.142 9.789
1184.466 6.952
1184.790 5.115
1185.114 3.878
1185.438 2.841
1185.762 9.404
1186.086 10.167
1186.410 9.930
1186.734 8.492
1187.058 9.055
1187.382 10.018
1187.706 14.381
1188.030 17.544
1188.353 13.707
1188.677 11.670
1189.001 12.633
1189.325 12.995
1189.649 14.958
1189.973 21.321
1190.297 24.684
1190.621 21.647
1190.945 22.410
1191.269 25.173
1191.593 19.135
1191.917 8.098
1192.241 -2.339
1192.565 -10.376
1192.889 -16.213
1193.213 -13.450
1193.537 -8.487
1193.861 -3.325
1194.185 -3.762
1194.509 2.801
1194.833 8.964
1195.156 10.127
1195.480 15.090
1195.804 25.453
1196.128 29.016
1196.452 25.579
1196.776 27.342
1197.100 26.505
1197.424 22.068
1197.748 16.031
1198.072 17.794
1198.396 18.957
1198.720 21.521
1199.044 20.884
1199.368 15.047
1199.692 10.410
1200.016 9.173
1200.340 9.937
1200.664 12.300
1200.988 20.663
1201.312 25.427
1201.635 23.990
1201.959 21.953
1202.283 23.317
1202.607 19.680
1202.931 14.444
1203.255 12.607
1203.579 7.971
1203.903 -1.065
1204.227 -5.902
1204.551 -4.738
1204.875 -4.774
1205.199 -2.610
1205.523 -1.046
1205.847 0.917
1206.171 -1.919
1206.495 -1.355
1206.819 1.209
1207.143 11.373
1207.467 16.338
1207.791 22.702
1208.115 27.666
1208.438 29.430
1208.762 26.595
1209.086 28.959
1209.410 37.323
1209.734 39.888
1210.058 38.453
1210.382 36.617
1210.706 32.182
1211.030 20.747
1211.354 8.912
1211.678 0.276
1212.002 -6.959
1212.326 -9.794
1212.650 -6.229
1212.974 -3.263
1213.298 8.702
1213.622 22.067
1213.946 20.233
1214.270 10.998
1214.594 7.764
1214.917 -4.471
1215.241 -12.505
1215.565 -8.939
1215.889 -0.373
1216.213 12.792
1216.537 24.758
1216.861 20.525
1217.185 11.691
1217.509 0.857
1217.833 -12.177
1218.157 -26.610
1218.481 -29.644
1218.805 -23.677
1219.129 -18.710
1219.453 -15.943
1219.777 -5.776
1220.101 3.991
1220.425 10.358
1220.749 20.725
1221.073 27.092
1221.397 30.060
1221.720 30.427
1222.044 26.995
1222.368 19.563
1222.692 13.530
1223.016 11.898
1223.340 8.466
1223.664 10.235
1223.988 16.403
1224.312 22.771
1224.636 19.940
1224.960 18.508
1225.284 15.877
1225.608 9.846
1225.932 5.415
1226.256 9.184
1226.580 14.353
1226.904 22.523
1227.228 31.092
1227.552 36.062
1227.876 33.032
1228.199 24.602
1228.523 16.172
1228.847 3.342
1229.171 -1.888
1229.495 -2.718
1229.819 -3.747
1230.143 -3.776
1230.467 6.594
1230.791 7.165
1231.115 6.536
1231.439 14.108
1231.763 16.343
1232.087 11.079
