181.241 6.858
181.495 6.858
181.749 8.258
182.003 17.858
182.257 22.858
182.511 24.657
182.765 23.057
183.019 23.657
183.273 21.057
183.528 19.057
183.782 14.257
184.036 14.857
184.290 15.657
184.544 8.857
184.798 5.257
185.052 5.257
185.306 -1.143
185.560 -7.543
185.814 -5.944
186.068 -5.744
186.322 -5.344
186.576 -0.544
186.830 -1.744
187.084 -7.144
187.339 -6.944
187.593 -5.544
187.847 -3.944
188.101 5.856
188.355 13.256
188.609 18.456
188.863 25.456
189.117 27.656
189.371 20.455
189.625 25.455
189.879 26.455
190.133 20.855
190.387 21.055
190.641 33.055
190.895 30.455
191.150 18.055
191.404 21.255
191.658 20.255
191.912 9.655
192.166 10.255
192.420 21.255
192.674 14.454
192.928 13.454
193.182 16.654
193.436 6.254
193.690 -8.746
193.944 -7.146
194.198 -1.746
194.452 0.454
194.706 8.854
194.961 17.854
195.215 16.454
195.469 12.054
195.723 9.254
195.977 13.053
196.231 15.253
196.485 14.253
196.739 13.453
196.993 17.253
197.247 18.653
197.501 24.653
197.755 29.653
198.009 30.053
198.263 26.253
198.517 23.453
198.772 18.853
199.026 11.453
199.280 7.852
199.534 3.052
199.788 2.452
200.042 0.452
200.296 7.852
200.550 17.652
200.804 23.652
201.058 24.052
201.312 24.452
201.566 22.452
201.820 12.852
202.074 8.852
202.328 5.651
202.583 2.851
202.837 9.851
203.091 26.051
203.345 40.451
203.599 45.851
203.853 47.851
204.107 42.251
204.361 36.851
204.615 33.651
204.869 34.851
205.123 33.251
205.377 31.451
205.631 24.050
205.885 17.250
206.139 12.050
206.394 11.250
206.648 12.250
206.902 13.050
207.156 11.450
207.410 9.650
207.664 15.650
207.918 23.650
208.172 25.250
208.426 22.450
208.680 21.449
208.934 18.649
209.188 10.649
209.442 7.449
209.696 9.649
209.950 8.449
210.205 6.649
210.459 3.849
210.713 3.049
210.967 2.449
211.221 3.849
211.475 0.049
211.729 3.449
211.983 2.448
212.237 -1.352
212.491 -3.352
212.745 3.848
212.999 13.248
213.253 19.848
213.507 23.248
213.761 24.248
214.016 21.848
214.270 15.848
214.524 16.448
214.778 17.248
215.032 19.647
215.286 20.447
215.540 14.847
215.794 13.447
216.048 13.247
216.302 12.447
216.556 17.647
216.810 22.047
217.064 14.847
217.318 16.247
217.572 16.847
217.827 9.447
218.081 7.446
218.335 13.246
218.589 10.846
218.843 12.446
219.097 24.246
219.351 23.046
219.605 16.246
219.859 19.446
220.113 19.646
220.367 5.646
220.621 2.646
220.875 9.846
221.129 9.845
221.383 -1.355
221.638 -2.555
221.892 2.445
222.146 0.645
222.400 -3.555
222.654 9.045
222.908 15.845
223.162 9.845
223.416 2.045
223.670 3.445
223.924 -1.555
224.178 -0.156
224.432 11.044
224.686 21.044
224.940 26.644
225.195 31.044
225.449 25.044
225.703 19.644
225.957 26.444
226.211 21.844
226.465 16.644
226.719 20.644
226.973 23.044
227.227 23.243
227.481 32.043
227.735 40.043
227.989 40.643
228.243 40.443
228.497 38.043
228.751 30.643
229.006 25.643
229.260 30.243
229.514 32.443
229.768 27.243
230.022 26.042
230.276 22.242
230.530 18.642
230.784 19.842
231.038 22.242
231.292 23.042
231.546 24.842
231.800 17.642
232.054 9.442
232.308 10.042
232.562 15.242
232.817 17.242
233.071 22.641
233.325 25.641
233.579 20.241
233.833 11.441
234.087 9.041
234.341 7.041
234.595 0.041
234.849 -0.759
235.103 2.441
235.357 4.441
235.611 11.441
235.865 20.440
236.119 21.640
236.373 13.040
236.628 5.240
236.882 -5.360
237.136 -14.360
237.390 -16.360
237.644 -9.560
237.898 -0.760
238.152 10.440
238.406 20.440
238.660 29.040
238.914 35.239
239.168 28.839
239.422 19.839
239.676 20.639
239.930 23.639
240.184 27.239
240.439 35.639
240.693 42.239
240.947 43.439
241.201 35.439
241.455 25.839
241.709 25.238
241.963 24.838
242.217 22.438
242.471 22.238
242.725 21.238
242.979 16.038
243.233 7.838
243.487 -7.362
243.741 -8.562
243.995 -2.762
244.250 -1.562
244.504 1.437
244.758 17.237
245.012 18.837
245.266 9.437
245.520 3.037
245.774 2.037
246.028 -2.963
246.282 -7.363
246.536 -7.163
246.790 -1.363
247.044 -1.963
247.298 -5.764
247.552 -4.364
247.806 -0.764
248.061 1.236
248.315 9.436
248.569 17.436
248.823 22.036
249.077 29.436
249.331 28.636
249.585 24.236
249.839 23.236
250.093 26.235
250.347 24.835
250.601 21.435
250.855 23.035
251.109 19.435
251.363 8.635
251.617 -3.765
251.872 -3.965
252.126 -1.965
252.380 4.235
252.634 16.235
252.888 30.434
253.142 34.634
253.396 24.634
253.650 15.634
253.904 7.434
254.159 0.834
254.413 5.234
254.667 18.034
254.922 24.834
255.176 21.834
255.431 18.433
255.685 15.233
255.939 8.833
256.194 5.633
256.448 8.633
256.702 18.033
256.957 14.833
257.211 10.233
257.465 12.433
257.720 17.033
257.974 14.033
258.228 20.432
258.483 29.632
258.737 33.032
258.992 35.032
259.246 34.032
259.500 27.632
259.755 19.632
260.009 14.632
260.263 11.232
260.518 8.032
260.772 11.631
261.026 19.031
261.281 17.431
261.535 5.231
261.789 -1.969
262.044 -2.569
262.298 -7.369
262.553 -2.369
262.807 10.631
263.061 18.431
263.316 16.431
263.570 14.630
263.824 10.030
264.079 9.630
264.333 13.830
264.587 11.430
264.842 4.630
265.096 3.630
265.351 3.630
265.605 -0.370
265.859 4.830
266.114 15.229
266.368 16.629
266.622 21.629
266.877 24.829
267.131 20.029
267.385 18.629
267.640 24.429
267.894 17.229
268.148 11.029
268.403 11.829
268.657 11.628
268.912 2.828
269.166 0.428
269.420 2.628
269.675 4.628
269.929 6.428
270.183 6.828
270.438 9.628
270.692 14.428
270.946 13.828
271.201 15.228
271.455 24.427
271.709 30.827
271.964 32.627
272.218 38.227
272.473 40.227
272.727 42.627
272.981 38.427
273.236 31.827
273.490 23.227
273.744 13.027
273.999 3.226
274.253 1.626
274.507 5.626
274.762 7.026
275.016 10.226
275.271 13.026
275.525 11.026
275.779 6.426
276.034 5.226
276.288 7.626
276.542 8.025
276.797 10.825
277.051 15.225
277.305 13.425
277.560 7.025
277.814 7.025
278.068 7.625
278.323 3.425
278.577 7.425
278.832 10.025
279.086 4.224
279.340 -1.576
279.595 -1.576
279.849 -2.576
280.103 0.024
280.358 2.624
280.612 4.824
280.866 12.624
281.121 20.024
281.375 18.423
281.629 19.423
281.884 23.823
282.138 18.823
282.393 18.423
282.647 22.423
282.901 21.823
283.156 11.423
283.410 9.623
283.664 9.823
283.919 12.422
284.173 15.222
284.427 24.422
284.682 32.022
284.936 31.222
285.191 20.822
285.445 12.022
285.699 -2.178
285.954 -15.178
286.208 -25.778
286.462 -23.979
286.717 -15.779
286.971 -3.579
287.225 8.421
287.480 22.421
287.734 27.421
287.988 25.221
288.243 30.621
288.497 22.621
288.752 11.420
289.006 13.420
289.260 12.820
289.515 6.820
289.769 10.620
290.023 17.820
290.278 19.220
290.532 17.620
290.786 15.620
291.041 14.020
291.295 9.219
291.549 4.619
291.804 11.819
292.058 16.019
292.313 16.019
292.567 18.819
292.821 20.419
293.076 13.419
293.330 9.819
293.584 11.818
293.839 3.818
294.093 -0.782
294.347 1.818
294.602 4.218
294.856 5.418
295.111 10.618
295.365 15.218
295.619 18.418
295.874 20.418
296.128 21.017
296.382 26.417
296.637 28.617
296.891 28.617
297.145 29.617
297.400 27.217
297.654 26.217
297.908 25.217
298.163 21.817
298.417 17.816
298.672 18.216
298.926 16.816
299.180 12.016
299.435 9.216
299.689 16.816
299.943 22.616
300.198 19.816
300.452 21.616
300.706 23.215
300.961 13.615
301.215 3.015
301.469 3.815
301.724 2.615
301.978 5.615
302.233 8.815
302.487 13.815
302.741 13.415
302.996 8.814
303.250 7.814
303.504 6.414
303.759 5.414
304.013 9.014
304.267 14.614
304.522 13.214
304.776 16.414
305.031 20.814
305.285 18.413
305.539 17.813
305.794 20.213
306.048 20.413
306.302 20.413
306.557 28.813
306.811 39.813
307.065 42.213
307.320 38.813
307.574 33.412
307.828 28.212
308.083 24.812
308.337 32.012
308.592 42.812
308.846 49.212
309.100 55.812
309.355 51.612
309.609 43.412
309.863 40.211
310.118 32.611
310.372 20.611
310.626 19.411
310.881 11.411
311.135 1.611
311.389 7.211
311.644 16.011
311.898 20.211
312.153 24.010
312.407 29.810
312.661 32.410
312.916 29.210
313.170 22.810
313.429 25.210
313.688 26.810
313.947 25.210
314.206 24.410
314.465 23.609
314.724 27.209
314.983 29.209
315.242 26.209
315.501 18.809
315.760 15.809
316.019 7.209
316.278 -2.391
316.536 -9.792
316.795 -3.792
317.054 4.608
317.313 10.808
317.572 10.808
317.831 16.608
318.090 14.808
318.349 7.208
318.608 1.808
318.867 5.407
319.126 6.007
319.385 5.807
319.644 9.207
319.903 14.407
320.162 16.207
320.421 14.207
320.680 17.007
320.939 17.607
321.198 14.206
321.457 17.806
321.716 28.606
321.975 28.806
322.234 26.606
322.493 28.006
322.752 19.006
323.010 3.606
323.269 -0.595
323.528 6.605
323.787 9.205
324.046 22.205
324.305 35.205
324.564 42.005
324.823 40.405
325.082 35.205
325.341 23.205
325.600 20.204
325.859 24.404
326.118 26.204
326.377 27.804
326.636 34.404
326.895 35.004
327.154 28.204
327.413 25.404
327.672 32.203
327.931 31.203
328.190 23.003
328.449 17.403
328.708 17.203
328.967 13.603
329.226 13.603
329.485 18.003
329.743 22.402
330.002 16.602
330.261 13.002
330.520 15.802
330.779 15.402
331.038 18.202
331.297 25.802
331.556 27.402
331.815 19.001
332.074 21.201
332.333 27.201
332.592 27.401
332.851 35.801
333.110 43.201
333.369 37.401
333.628 24.001
333.887 19.401
334.146 10.400
334.405 8.800
334.664 17.800
334.923 22.400
335.182 26.600
335.441 31.400
335.700 32.000
335.959 28.200
336.217 27.399
336.476 26.999
336.735 26.199
336.994 22.799
337.253 19.799
337.512 18.799
337.771 16.799
338.030 13.999
338.289 13.598
338.548 17.398
338.807 16.398
339.066 15.798
339.325 17.198
339.584 23.198
339.843 25.198
340.102 24.798
340.361 22.597
340.620 14.197
340.879 1.397
341.138 -7.403
341.397 -9.003
341.656 -6.403
341.915 5.797
342.174 16.997
342.433 26.196
342.691 36.596
342.950 36.996
343.209 32.996
343.468 31.796
343.727 29.596
343.986 25.396
344.245 24.796
344.504 24.195
344.763 21.795
345.022 23.995
345.281 24.395
345.540 20.795
345.799 17.595
346.058 17.795
346.317 16.994
346.576 16.394
346.835 15.194
347.094 19.594
347.353 24.994
347.612 31.594
347.871 31.394
348.130 37.594
348.389 44.993
348.648 45.393
348.907 31.993
349.166 29.393
349.424 25.393
349.683 11.993
349.942 11.393
350.201 21.193
350.460 24.992
350.719 25.192
350.978 29.392
351.237 26.192
351.496 17.392
351.755 9.592
352.014 14.592
352.273 17.792
352.532 20.991
352.791 24.791
353.050 25.591
353.309 19.791
353.568 23.991
353.827 26.591
354.086 30.191
354.345 34.390
354.604 34.190
354.863 26.390
355.122 13.990
355.381 6.390
355.640 3.390
355.898 3.590
356.157 2.590
356.416 7.589
356.675 7.389
356.934 9.789
357.193 15.389
357.452 15.989
357.711 16.589
357.970 25.589
358.229 29.388
358.488 23.788
358.747 26.388
359.006 27.188
359.265 21.988
359.524 23.788
359.783 25.988
360.042 25.788
360.301 21.787
360.560 15.787
360.819 13.987
361.078 21.187
361.337 17.587
361.596 24.587
361.855 39.387
362.114 42.586
362.372 37.586
362.631 42.386
362.890 37.386
363.149 25.786
363.408 17.986
363.667 16.186
363.926 16.185
364.185 23.985
364.444 31.585
364.703 35.385
364.962 38.385
365.221 38.385
365.480 28.385
365.741 19.185
366.002 17.984
366.264 12.384
366.525 10.784
366.786 15.984
367.047 19.384
367.308 12.984
367.570 14.584
367.831 11.383
368.092 5.383
368.353 0.783
368.614 3.783
368.876 5.183
369.137 4.183
369.398 7.183
369.659 22.182
369.920 28.782
370.182 29.582
370.443 34.782
370.704 33.582
370.965 18.982
371.226 12.982
371.488 11.381
371.749 6.981
372.010 9.581
372.271 13.381
372.532 16.181
372.794 17.781
373.055 22.981
373.316 18.180
373.577 18.380
373.838 21.980
374.100 23.980
374.361 20.780
374.622 25.580
374.883 23.780
375.144 10.379
375.406 8.979
375.667 12.779
375.928 13.179
376.189 17.979
376.450 30.579
376.712 31.179
376.973 28.378
377.234 26.978
377.495 27.578
377.756 23.178
378.018 18.578
378.279 18.178
378.540 18.578
378.801 20.977
379.062 25.177
379.324 25.577
379.585 23.577
379.846 20.977
380.107 12.577
380.368 8.577
380.630 8.776
380.891 6.176
381.152 1.376
381.413 -2.424
381.674 0.176
381.936 2.176
382.197 2.376
382.458 8.775
382.719 20.575
382.980 28.975
383.242 33.775
383.503 40.575
383.764 44.575
384.025 40.975
384.286 30.974
384.548 26.174
384.809 20.974
385.070 14.774
385.331 11.174
385.592 6.174
385.854 1.774
386.115 3.373
386.376 7.973
386.637 4.773
386.898 7.173
387.160 13.173
387.421 14.173
387.682 15.372
387.943 23.172
388.204 24.372
388.466 19.372
388.727 20.972
388.988 20.172
389.249 20.772
389.510 20.371
389.772 21.971
390.033 22.971
390.294 20.971
390.555 20.371
390.816 26.771
391.078 33.371
391.339 32.770
391.600 36.170
391.861 40.170
392.122 40.370
392.384 44.570
392.645 50.170
392.906 48.569
393.167 44.969
393.428 44.569
393.690 39.769
393.951 36.969
394.212 34.969
394.473 29.569
394.734 22.768
394.996 18.968
395.257 13.768
395.518 17.968
395.779 23.568
396.040 29.768
396.302 29.367
396.563 30.967
396.824 25.167
397.085 24.567
397.346 25.167
397.608 25.367
397.869 25.967
398.130 32.566
398.391 36.366
398.652 35.166
398.914 35.766
399.175 28.566
399.436 16.366
399.697 9.765
399.958 5.965
400.220 7.965
400.481 21.565
400.742 31.165
401.003 26.165
401.264 20.765
401.526 17.564
401.787 10.964
402.048 7.364
402.309 9.964
402.570 13.164
402.832 17.164
403.093 19.363
403.354 21.563
403.615 23.763
403.876 16.763
404.138 7.963
404.399 5.963
404.660 8.162
404.931 8.962
405.202 17.162
405.473 23.162
405.745 23.362
406.016 18.162
406.287 17.562
406.558 19.561
406.829 21.961
407.100 21.961
407.371 25.761
407.642 25.361
407.914 21.961
408.185 14.960
408.456 17.760
408.727 19.560
408.998 18.360
409.269 18.760
409.540 20.760
409.811 19.559
410.083 12.759
410.354 9.359
410.625 11.159
410.896 16.959
411.167 15.159
411.438 13.958
411.709 14.958
411.981 11.758
412.252 4.558
412.523 6.558
412.794 16.358
413.065 18.957
413.336 20.557
413.607 23.157
413.878 15.957
414.150 6.957
414.421 2.757
414.692 1.956
414.963 -0.244
415.234 -2.844
415.505 -6.644
415.776 -6.844
416.047 -4.044
416.319 -0.045
416.590 3.755
416.861 10.955
417.132 18.355
417.403 19.755
417.674 16.755
417.945 16.554
418.217 17.154
418.488 13.354
418.759 10.154
419.030 13.154
419.301 19.954
419.572 22.753
419.843 21.953
420.114 23.153
420.386 25.553
420.657 27.553
420.928 25.153
421.199 24.752
421.470 21.952
421.741 17.752
422.012 16.352
422.283 10.952
422.555 5.952
422.826 4.551
423.097 5.151
423.368 2.151
423.639 5.551
423.910 17.951
424.181 26.751
424.453 31.550
424.724 35.350
424.995 41.550
425.266 38.750
425.537 38.350
425.808 35.150
426.079 30.949
426.350 32.349
426.622 28.549
426.893 23.549
427.164 27.549
427.435 31.149
427.706 25.348
427.977 18.148
428.248 12.748
428.519 1.948
428.791 1.748
429.062 1.547
429.333 14.547
429.604 25.947
429.875 36.547
430.146 32.147
430.417 33.347
430.689 30.946
430.960 32.546
431.231 36.746
431.502 42.946
431.773 41.746
432.044 43.146
432.315 40.745
432.586 36.745
432.858 33.345
433.129 30.145
433.400 27.345
433.671 22.144
433.942 14.344
434.213 9.344
434.484 7.744
434.755 11.544
435.027 18.744
435.298 20.343
435.569 23.543
435.840 27.143
436.114 23.943
436.388 23.543
436.663 33.543
436.937 34.142
437.211 27.542
437.485 21.342
437.759 15.342
438.034 7.742
438.308 12.141
438.582 30.341
438.856 38.941
439.130 40.541
439.405 41.141
439.679 38.741
439.953 35.740
440.227 43.140
440.501 45.740
440.776 47.340
441.050 49.140
441.324 42.539
441.598 29.939
441.872 25.939
442.147 25.939
442.421 19.939
442.695 20.539
442.969 23.138
443.244 24.538
443.518 22.938
443.792 24.138
444.066 23.738
444.340 20.537
444.615 17.737
444.889 15.737
445.163 16.337
445.437 16.537
445.711 18.336
445.986 19.736
446.260 17.936
446.534 14.936
446.808 12.736
447.082 15.936
447.357 21.935
447.631 25.735
447.905 26.935
448.179 28.535
448.453 29.735
448.728 29.734
449.002 34.734
449.276 34.934
449.550 25.934
449.824 20.923
450.099 19.855
450.373 11.636
450.647 13.190
450.921 24.915
451.195 24.115
451.470 20.124
451.744 23.472
452.018 20.486
452.292 13.158
452.566 15.122
452.841 18.636
453.115 18.211
453.389 20.553
453.663 27.213
453.937 25.435
454.212 17.772
454.486 18.539
454.760 17.356
455.034 15.197
455.308 15.193
455.583 23.982
455.857 28.257
456.131 32.164
456.405 32.545
456.680 33.912
456.954 26.102
457.228 17.519
457.502 16.145
457.776 13.608
458.051 10.677
458.325 16.751
458.599 23.984
458.873 23.228
459.147 24.995
459.422 25.779
459.696 16.372
459.970 9.342
460.244 4.632
460.518 0.322
460.793 4.851
461.067 12.325
461.341 15.684
461.615 25.744
461.889 33.049
462.164 30.501
462.438 30.335
462.712 31.351
462.986 29.222
463.260 28.670
463.535 25.898
463.809 22.541
464.083 19.779
464.357 18.226
464.631 16.662
464.906 17.658
465.180 18.460
465.454 16.076
465.728 11.903
466.002 13.319
466.277 23.965
466.551 26.399
466.825 31.233
467.099 35.266
467.373 35.507
467.648 24.060
467.922 20.244
468.196 21.465
468.470 26.513
468.744 32.998
469.019 43.694
469.293 55.428
469.567 57.260
469.841 47.400
470.116 38.717
470.390 31.256
470.664 18.313
470.938 10.841
471.212 15.471
471.487 15.062
471.761 16.468
472.035 20.908
472.309 24.738
472.583 26.964
472.858 29.382
473.132 31.796
473.406 36.209
473.680 30.154
473.954 23.893
474.229 26.068
474.503 23.627
474.777 18.584
475.051 27.215
475.325 36.221
475.600 32.986
475.874 32.565
476.148 33.343
476.422 30.111
476.696 31.412
476.971 36.757
477.245 34.950
477.519 31.349
477.793 30.521
478.067 21.154
478.342 17.689
478.616 23.789
478.890 30.474
479.164 36.544
479.438 40.646
479.713 35.916
479.987 33.123
480.261 31.315
480.535 23.831
480.809 14.617
481.084 16.549
481.358 11.059
481.632 6.355
481.906 8.477
482.180 15.286
482.455 18.759
482.729 26.712
483.003 33.304
483.277 32.325
483.551 28.823
483.826 27.257
484.100 31.888
484.374 31.664
484.648 37.079
484.923 44.037
485.197 49.042
485.471 49.211
485.745 50.766
486.019 42.633
486.294 36.443
486.568 25.815
486.842 24.086
487.116 24.648
487.390 27.932
487.665 33.347
487.939 37.802
488.213 35.674
488.487 30.475
488.761 29.901
489.036 26.044
489.310 24.700
489.584 24.346
489.858 28.056
490.132 35.056
490.407 33.703
490.681 32.543
490.955 28.478
491.229 25.179
491.503 20.341
491.778 23.277
492.052 25.822
492.326 31.879
492.600 41.078
492.874 49.883
493.149 54.976
493.423 53.426
493.697 45.828
493.971 32.746
494.245 22.606
494.520 15.781
494.794 11.277
495.068 8.535
495.342 11.881
495.616 14.647
495.891 18.772
496.165 22.314
496.439 20.147
496.713 17.596
496.987 13.669
497.262 2.460
497.536 3.649
497.810 12.516
498.084 17.046
498.359 18.824
498.633 24.343
498.907 24.939
499.181 21.398
499.455 16.475
499.730 13.122
500.004 15.094
500.278 15.291
500.552 15.686
500.826 15.292
501.101 13.713
501.375 7.595
501.649 5.626
501.923 11.172
502.197 18.888
502.472 21.855
502.746 21.059
503.020 20.660
503.294 18.880
503.568 16.116
503.843 19.287
504.117 26.811
504.391 33.747
504.665 37.110
504.939 33.347
505.214 28.394
505.488 28.983
505.762 28.371
506.036 30.126
506.310 34.265
506.585 39.002
506.859 36.625
507.133 34.241
507.407 25.743
507.681 24.936
507.956 24.525
508.230 27.258
508.504 24.083
508.778 19.552
509.052 13.256
509.327 11.455
509.601 9.856
509.875 2.620
510.149 5.345
510.423 6.515
510.698 1.060
510.972 3.546
511.246 14.777
511.520 14.183
511.795 18.024
512.069 28.422
512.343 24.141
512.617 16.430
512.891 21.194
513.166 23.450
513.440 21.654
513.714 24.301
513.988 26.581
514.262 16.285
514.537 8.660
514.811 5.773
515.085 4.039
515.359 5.352
515.633 16.883
515.908 24.427
516.182 23.662
516.456 26.480
516.730 29.307
517.004 28.370
517.279 24.413
517.553 20.452
517.827 16.118
518.101 16.312
518.375 18.012
518.650 23.128
518.924 31.831
519.198 34.492
519.472 34.699
519.746 34.162
520.021 28.681
520.295 17.311
520.569 11.238
520.843 10.131
521.117 5.410
521.392 2.179
521.666 9.608
521.940 13.041
522.214 11.152
522.488 13.855
522.763 24.596
523.037 31.347
523.311 35.779
523.585 39.270
523.859 40.268
524.134 37.049
524.408 24.359
524.682 17.430
524.956 9.138
525.231 -0.715
525.505 -4.573
525.779 -2.449
526.053 3.572
526.327 9.402
526.602 19.503
526.876 28.875
527.150 35.698
527.424 33.766
527.698 30.269
527.973 24.444
528.247 14.506
528.521 13.163
528.795 21.403
529.069 30.238
529.344 34.759
529.618 42.826
529.892 46.973
530.166 37.775
530.440 32.883
530.715 30.144
530.989 24.258
531.263 19.360
531.537 26.279
531.811 21.752
532.086 22.551
532.360 24.933
532.634 28.306
532.908 27.137
533.182 38.029
533.457 47.162
533.731 52.121
534.005 49.959
534.279 42.838
534.553 33.534
534.828 26.999
535.102 16.319
535.376 9.982
535.650 14.348
535.924 21.491
536.199 21.298
536.473 27.244
536.747 35.784
537.021 35.193
537.295 32.216
537.570 35.186
537.844 33.809
538.118 32.213
538.392 33.200
538.666 30.819
538.941 25.458
539.215 24.654
539.489 18.700
539.763 15.322
540.038 15.714
540.312 15.314
540.586 10.755
540.860 10.359
541.134 8.774
541.409 11.331
541.683 19.042
541.957 24.575
542.231 29.115
542.505 33.456
542.780 29.503
543.054 25.518
543.328 27.282
543.602 30.425
543.876 30.020
544.151 33.750
544.425 32.370
544.699 36.686
544.973 38.636
545.247 35.284
545.522 27.805
545.796 22.090
546.070 13.619
546.351 2.016
546.632 -1.721
546.912 -2.896
547.193 -2.307
547.474 -1.338
547.755 0.823
548.036 4.750
548.317 11.412
548.597 20.226
548.878 19.246
549.159 22.959
549.440 28.437
549.721 33.325
550.001 28.814
550.282 25.679
550.563 19.030
550.844 15.308
551.125 11.389
551.406 11.970
551.686 22.527
551.967 34.836
552.248 40.106
552.529 37.366
552.810 31.306
553.090 27.396
553.371 18.607
553.652 11.380
553.933 17.044
554.214 25.457
554.495 25.470
554.775 30.168
555.056 34.481
555.337 35.289
555.618 37.647
555.899 37.444
556.179 35.099
556.460 37.441
556.741 31.757
557.022 23.136
557.303 18.245
557.584 21.588
557.864 21.611
558.145 27.519
558.426 32.660
558.707 37.208
558.988 34.279
559.268 29.584
559.549 24.891
559.830 25.680
560.111 25.477
560.392 26.457
560.673 27.245
560.953 33.158
561.234 32.368
561.515 24.481
561.796 24.302
562.077 27.281
562.357 12.867
562.638 3.582
562.919 9.535
563.200 11.763
563.481 8.227
563.762 11.391
564.042 14.966
564.323 17.969
564.604 16.973
564.885 18.362
565.166 24.731
565.446 28.112
565.727 23.521
566.008 20.331
566.289 22.519
566.570 17.146
566.851 14.764
567.131 14.576
567.412 13.193
567.693 8.438
567.974 6.630
568.255 11.275
568.535 15.514
568.816 19.950
569.097 24.381
569.378 29.604
569.659 22.964
569.940 19.928
570.220 20.493
570.501 15.454
570.782 14.244
571.063 17.650
571.344 13.846
571.624 15.084
571.905 20.137
572.186 23.787
572.467 28.874
572.748 38.404
573.029 36.652
573.309 35.284
573.590 37.979
573.871 36.396
574.152 29.098
574.433 24.421
574.713 19.947
574.994 14.028
575.275 13.379
575.556 17.199
575.837 23.650
576.118 31.324
576.398 36.185
576.679 36.204
576.960 33.396
577.245 34.059
577.531 30.672
577.816 27.879
578.102 28.332
578.387 27.535
578.672 21.860
578.958 20.636
579.243 17.160
579.529 12.248
579.814 13.833
580.099 11.778
580.385 10.302
580.670 13.653
580.956 19.786
581.241 20.322
581.526 15.550
581.812 15.137
582.097 17.332
582.382 12.357
582.668 15.947
582.953 23.693
583.239 27.254
583.524 25.606
583.809 24.780
584.095 20.930
584.380 24.179
584.666 30.677
584.951 39.122
585.236 44.130
585.522 43.703
585.807 43.476
586.093 38.415
586.378 29.695
586.663 25.631
586.949 22.143
587.234 19.617
587.520 20.378
587.805 17.258
588.090 18.603
588.376 28.080
588.661 35.422
588.947 31.538
589.232 34.048
589.517 37.138
589.803 35.969
590.088 28.615
590.374 30.344
590.659 37.289
590.944 33.799
591.230 29.161
591.515 30.707
591.800 31.473
592.086 27.789
592.371 32.992
592.657 37.420
592.942 43.003
593.227 44.923
593.513 47.042
593.798 47.986
594.084 46.436
594.369 39.493
594.654 36.020
594.940 34.670
595.225 34.873
595.511 34.487
595.796 34.090
596.081 32.931
596.367 30.030
596.652 26.349
596.938 23.067
597.223 26.150
597.508 33.639
597.794 37.293
598.079 41.925
598.365 46.725
598.650 47.288
598.935 40.952
599.221 33.644
599.506 34.221
599.792 34.421
600.077 35.197
600.362 36.169
600.648 42.138
600.933 40.983
601.218 43.493
601.504 50.815
601.789 50.237
602.075 41.959
602.360 34.836
602.645 33.690
602.931 25.605
603.216 29.853
603.502 45.459
603.787 50.103
604.072 42.399
604.358 38.369
604.643 36.062
604.929 26.438
605.214 24.514
605.499 30.312
605.785 38.245
606.070 40.977
606.356 40.412
606.641 38.493
606.926 43.359
607.212 44.167
607.497 44.206
607.783 54.332
608.068 64.077
608.353 66.265
608.639 65.327
608.924 63.992
609.210 65.027
609.495 68.989
609.780 70.412
610.066 74.376
610.351 80.868
610.636 81.111
610.922 74.309
611.207 68.488
611.493 70.314
611.778 71.945
612.063 68.068
612.349 71.063
612.634 77.401
612.920 79.007
613.205 80.436
613.490 84.821
613.776 94.133
614.061 95.743
614.347 99.940
614.632 104.911
614.917 112.100
615.203 109.620
615.488 111.096
615.774 108.434
616.059 109.366
616.344 110.455
616.630 112.727
616.915 122.526
617.201 129.571
617.486 126.235
617.771 128.928
618.057 136.177
618.342 134.896
618.627 132.782
618.913 138.233
619.198 139.429
619.484 137.721
619.769 137.577
620.054 144.627
620.340 153.113
620.625 165.284
620.911 178.568
621.196 184.503
621.481 186.605
621.767 185.940
622.052 181.643
622.338 179.157
622.623 186.066
622.908 192.648
623.194 197.349
623.479 199.679
623.765 202.463
624.050 210.457
624.335 216.593
624.621 221.357
624.906 224.914
625.192 228.391
625.477 229.753
625.762 242.101
626.048 259.457
626.333 276.362
626.619 292.713
626.904 301.046
627.189 301.694
627.475 305.604
627.760 313.444
628.045 311.503
628.331 313.578
628.616 320.087
628.902 319.673
629.187 319.403
629.472 332.938
629.758 347.123
630.043 359.497
630.329 375.088
630.614 393.828
630.899 410.383
631.185 426.678
631.470 441.294
631.756 455.554
632.041 460.857
632.326 465.268
632.612 473.004
632.897 482.706
633.183 498.465
633.468 521.657
633.753 547.447
634.039 569.197
634.324 590.741
634.610 606.144
634.895 612.798
635.180 620.154
635.466 630.545
635.751 641.605
636.037 652.287
636.322 666.283
636.607 677.821
636.893 689.138
637.178 701.670
637.463 721.657
637.749 741.561
638.034 758.033
638.320 784.901
638.605 810.849
638.890 829.526
639.176 854.646
639.461 884.063
639.747 906.432
640.032 928.346
640.317 948.279
640.603 971.253
640.888 1005.892
641.174 1046.837
641.459 1086.905
641.744 1126.395
642.030 1158.379
642.315 1182.524
642.601 1203.142
642.886 1235.338
643.171 1278.315
643.457 1320.651
643.742 1365.762
644.028 1401.772
644.313 1422.729
644.598 1441.469
644.884 1472.679
645.169 1501.506
645.455 1541.836
645.740 1585.978
646.025 1630.433
646.311 1678.235
646.596 1724.747
646.881 1768.361
647.167 1825.161
647.452 1879.349
647.738 1933.347
648.023 1993.624
648.308 2046.793
648.594 2097.009
648.879 2154.755
649.165 2206.120
649.450 2258.060
649.735 2321.384
650.021 2373.296
650.306 2430.675
650.592 2499.251
650.877 2560.718
651.162 2621.655
651.448 2692.952
651.733 2767.883
652.019 2835.477
652.304 2908.365
652.589 2990.499
652.875 3075.457
653.160 3147.802
653.446 3219.721
653.731 3302.263
654.016 3369.274
654.302 3446.390
654.587 3532.376
654.873 3622.003
655.158 3720.812
655.443 3823.687
655.729 3917.803
656.014 4022.904
656.299 4122.015
656.585 4209.919
656.870 4317.461
657.156 4437.808
657.441 4548.098
657.726 4680.029
658.012 4819.974
658.297 4946.016
658.583 5069.808
658.868 5200.109
659.153 5314.284
659.439 5434.268
659.724 5578.068
660.010 5722.504
660.295 5854.881
660.580 5998.297
660.866 6147.751
661.151 6291.397
661.437 6441.054
661.722 6614.857
662.007 6793.876
662.293 6969.427
662.578 7142.938
662.864 7306.749
663.149 7471.851
663.434 7647.109
663.720 7820.293
664.005 8014.555
664.290 8232.309
664.576 8461.010
664.861 8681.040
665.147 8904.804
665.432 9123.728
665.717 9334.670
666.003 9546.564
666.288 9769.096
666.574 9994.245
666.859 10230.829
667.144 10473.908
667.430 10707.773
667.715 10963.242
668.001 11229.285
668.286 11486.668
668.571 11760.642
668.857 12036.179
669.142 12311.380
669.428 12614.887
669.713 12910.590
669.998 13206.918
670.284 13517.559
670.569 13833.032
670.855 14132.301
671.140 14452.461
671.425 14778.402
671.711 15100.273
671.996 15414.024
672.282 15736.427
672.567 16060.028
672.852 16377.812
673.138 16710.097
673.423 17040.621
673.708 17363.562
673.994 17679.980
674.279 18006.735
674.565 18342.047
674.850 18669.125
675.135 18957.007
675.421 19245.410
675.706 19531.627
675.992 19786.429
676.277 20031.900
676.562 20289.571
676.848 20534.203
677.133 20744.111
677.419 20945.931
677.704 21142.808
677.989 21324.780
678.275 21487.442
678.560 21643.505
678.846 21762.572
679.131 21860.439
679.416 21954.473
679.702 22037.958
679.987 22091.847
680.273 22152.841
680.558 22184.214
680.843 22169.801
681.129 22102.659
681.414 22026.325
681.700 21933.093
681.985 21827.521
682.270 21720.804
682.556 21625.945
682.841 21493.562
683.126 21324.519
683.412 21139.401
683.697 20911.977
683.983 20648.354
684.268 20399.660
684.553 20157.119
684.839 19886.245
685.124 19620.393
685.410 19332.205
685.695 19019.798
685.980 18684.340
686.266 18334.011
686.551 17993.338
686.837 17663.801
687.122 17318.919
687.407 16971.050
687.693 16619.194
687.978 16236.958
688.264 15832.481
688.549 15417.689
688.834 14986.065
689.120 14574.701
689.405 14155.033
689.691 13753.242
689.976 13345.286
690.261 12935.918
690.547 12511.431
690.832 12099.543
691.118 11675.237
691.403 11267.027
691.688 10886.773
691.974 10512.315
692.259 10150.627
692.544 9805.681
692.830 9465.393
693.115 9118.779
693.401 8781.018
693.686 8443.483
693.971 8133.966
694.257 7836.131
694.542 7558.638
694.828 7287.849
695.113 7032.057
695.398 6763.624
695.684 6498.663
695.969 6237.670
696.255 5998.105
696.540 5775.717
696.834 5567.398
697.127 5357.154
697.421 5154.489
697.715 4965.008
698.008 4778.972
698.302 4595.186
698.596 4437.526
698.889 4283.072
699.183 4126.034
699.477 3968.626
699.771 3817.176
700.064 3669.452
700.358 3528.202
700.652 3403.629
700.945 3285.547
701.239 3171.875
701.533 3062.251
701.826 2950.336
702.120 2825.428
702.414 2712.632
702.707 2609.392
703.001 2506.038
703.295 2405.955
703.588 2310.954
703.882 2215.315
704.176 2136.499
704.469 2057.874
704.763 1989.140
705.057 1927.295
705.351 1857.433
705.644 1776.756
705.938 1694.608
706.232 1616.244
706.525 1547.531
706.819 1491.033
707.113 1434.873
707.406 1387.041
707.700 1337.841
707.994 1282.094
708.287 1222.624
708.581 1171.305
708.875 1132.767
709.168 1092.637
709.462 1052.957
709.756 1018.222
710.049 980.519
710.343 937.291
710.637 899.453
710.931 866.785
711.224 831.329
711.518 798.303
711.812 766.663
712.105 737.302
712.399 707.184
712.693 685.114
712.986 662.673
713.280 634.608
713.574 598.644
713.867 568.429
714.161 539.070
714.455 516.334
714.748 500.303
715.042 494.594
715.336 480.713
715.629 469.370
715.923 457.039
716.217 434.598
716.511 406.977
716.804 385.651
717.098 360.799
717.392 337.389
717.685 328.790
717.979 325.962
718.273 321.152
718.566 318.037
718.860 311.690
719.154 298.261
719.447 286.221
719.741 270.687
720.035 252.114
720.328 237.657
720.622 232.347
720.916 218.139
721.209 206.011
721.503 202.994
721.797 197.993
722.091 184.622
722.384 176.996
722.678 174.737
722.972 171.389
723.265 168.145
723.559 166.581
723.853 157.222
724.146 150.061
724.440 140.602
724.734 128.470
725.027 115.515
725.321 112.537
725.615 110.361
725.908 107.337
726.202 108.314
726.496 110.933
726.789 113.132
727.083 110.331
727.377 112.954
727.671 111.376
727.964 111.175
728.258 112.999
728.552 114.641
728.845 111.508
729.139 109.165
729.433 102.194
729.726 96.844
730.020 95.703
730.314 83.476
730.607 73.655
730.901 72.708
731.195 71.922
731.488 65.503
731.782 67.322
732.076 72.571
732.369 67.943
732.663 64.137
732.957 65.947
733.251 68.604
733.544 64.993
733.838 68.842
734.132 67.445
734.425 63.053
734.719 64.682
735.013 64.289
735.306 59.458
735.600 54.647
735.894 52.638
736.187 45.785
736.481 45.816
736.775 43.614
737.068 40.390
737.362 46.716
737.656 53.448
737.949 54.111
738.243 60.639
738.537 66.134
738.831 52.751
739.124 39.375
739.418 34.713
739.712 31.673
740.005 30.074
740.299 31.100
740.593 37.423
740.886 47.605
741.180 48.643
741.474 46.409
741.767 41.715
742.061 35.806
742.355 34.803
742.648 40.544
742.942 54.039
743.236 67.957
743.529 75.939
743.823 68.215
744.117 54.734
744.411 34.304
744.704 24.065
744.998 17.740
745.292 19.385
745.585 23.687
745.879 29.212
746.173 33.110
746.466 33.924
746.760 31.686
747.054 28.615
747.347 24.111
747.641 18.374
747.935 20.233
748.228 20.658
748.522 20.876
748.816 26.830
749.109 33.820
749.403 38.747
749.697 41.223
749.991 42.648
750.284 43.469
750.578 43.042
750.872 37.299
751.165 32.548
751.459 32.360
751.753 30.722
752.046 29.091
752.340 22.307
752.634 19.443
752.927 22.508
753.221 25.590
753.515 26.001
753.808 28.469
754.102 32.577
754.396 37.938
754.689 42.857
754.983 43.055
755.277 42.640
755.571 37.499
755.864 23.932
756.158 12.639
756.452 14.495
756.745 20.447
757.039 21.473
757.333 25.999
757.626 27.434
757.920 28.433
758.214 31.717
758.507 29.457
758.801 24.723
759.095 33.104
759.388 33.923
759.682 22.013
759.976 22.216
760.269 31.017
760.563 29.788
760.857 26.706
761.151 33.660
761.444 38.778
761.738 32.221
762.032 23.616
762.325 18.492
762.619 14.598
762.913 14.166
763.206 11.714
763.500 8.655
763.798 10.280
764.097 12.105
764.395 14.519
764.693 24.660
764.992 29.737
765.290 27.899
765.588 22.207
765.887 13.881
766.185 8.607
766.483 13.258
766.782 19.933
767.080 26.608
767.378 33.687
767.677 37.707
767.975 32.625
768.273 26.747
768.571 29.561
768.870 28.134
769.168 20.857
769.466 16.821
769.765 13.193
770.063 8.332
770.361 6.699
770.660 10.903
770.958 17.510
771.256 22.323
771.555 21.709
771.853 20.894
772.151 23.076
772.450 26.259
772.748 30.636
773.046 32.027
773.345 28.627
773.643 25.017
773.941 17.821
774.240 5.440
774.538 1.448
774.836 2.445
775.135 1.639
775.433 -0.359
775.731 7.025
776.030 12.801
776.328 18.564
776.626 18.162
776.925 19.751
777.223 20.933
777.521 21.120
777.819 21.131
778.118 29.266
778.416 38.013
778.714 34.040
779.013 27.478
779.311 24.480
779.609 15.146
779.908 4.410
780.206 8.183
780.504 19.890
780.803 25.640
781.101 30.609
781.399 35.389
781.698 29.423
781.996 13.933
782.294 5.799
782.593 3.417
782.891 1.225
783.189 2.818
783.488 3.415
783.786 8.190
784.084 12.170
784.383 9.180
784.681 8.575
784.979 17.745
785.278 20.371
785.576 18.213
785.874 22.611
786.173 32.402
786.471 26.411
786.769 15.204
787.068 16.017
787.366 24.466
787.664 21.490
787.962 26.307
788.261 27.702
788.559 22.299
788.857 18.090
789.156 14.688
789.454 6.034
789.752 3.001
790.051 -1.033
790.349 -6.649
790.647 -6.037
790.946 0.422
791.244 7.498
791.542 16.411
791.841 22.514
792.139 22.527
792.437 24.368
792.736 30.069
793.034 32.520
793.332 24.603
793.631 21.963
793.929 20.953
794.227 16.079
794.526 8.360
794.824 10.611
795.122 16.746
795.421 22.068
795.719 30.904
796.017 43.819
796.316 51.632
796.614 51.664
796.912 49.450
797.211 39.406
797.509 23.410
797.807 17.267
798.105 17.293
798.404 17.530
798.702 21.478
799.000 26.871
799.299 22.127
799.597 13.028
799.895 4.745
800.194 6.010
800.492 11.234
800.790 21.253
801.089 32.102
801.387 38.781
801.685 40.917
801.984 38.657
802.282 30.523
802.580 22.581
802.879 20.501
803.177 14.457
803.475 11.967
803.774 13.244
804.072 12.399
804.370 10.932
804.669 9.679
804.967 8.001
805.265 6.746
805.564 11.430
805.862 7.810
806.160 6.541
806.459 12.349
806.757 15.790
807.055 10.451
807.353 11.726
807.652 14.745
807.950 15.229
808.248 18.066
808.547 27.137
808.845 40.772
809.143 39.278
809.442 30.441
809.740 27.234
810.038 22.282
810.337 21.939
810.635 27.211
810.933 35.096
811.232 33.395
811.530 29.460
811.831 20.541
812.132 23.510
812.432 30.241
812.733 35.618
813.034 37.386
813.335 30.727
813.636 16.066
813.936 3.241
814.237 1.520
814.538 6.232
814.839 8.899
815.140 16.527
815.440 21.286
815.741 26.726
816.042 36.485
816.343 46.660
816.644 49.864
816.945 43.537
817.245 26.371
817.546 10.096
817.847 5.354
818.148 6.270
818.449 15.554
818.749 28.912
819.050 42.925
819.351 47.664
819.652 35.417
819.953 24.319
820.253 13.472
820.554 0.138
820.855 -5.080
821.156 3.709
821.457 10.224
821.757 21.900
822.058 29.724
822.359 25.887
822.660 22.287
822.961 18.022
823.261 4.581
823.562 -0.351
823.863 16.759
824.164 34.030
824.465 43.746
824.765 55.699
825.066 55.233
825.367 40.533
825.668 26.313
825.969 20.947
826.269 20.215
826.570 19.756
826.871 23.418
827.172 33.133
827.473 33.521
827.774 30.429
828.074 39.907
828.375 42.407
828.676 31.119
828.977 27.205
829.278 23.948
829.578 18.262
829.879 17.114
830.180 22.604
830.481 24.922
830.782 23.857
831.082 14.950
831.383 6.457
831.684 -0.549
831.985 0.235
832.286 9.424
832.586 24.248
832.887 30.914
833.188 33.392
833.489 28.788
833.790 21.870
834.090 14.125
834.391 14.444
834.692 10.317
834.993 9.907
835.294 12.135
835.594 11.485
835.895 8.980
836.196 12.630
836.497 14.044
836.798 10.564
837.099 14.310
837.399 19.620
837.700 22.348
838.001 24.107
838.302 27.053
838.603 25.576
838.903 18.785
839.204 16.197
839.505 22.556
839.806 28.140
840.107 28.221
840.407 32.493
840.708 25.082
841.009 7.002
841.310 -6.426
841.611 -10.806
841.911 -12.902
842.212 -2.626
842.513 9.263
842.814 16.927
843.115 20.568
843.415 23.488
843.716 21.279
844.017 20.286
844.318 21.057
844.619 22.288
844.919 22.291
845.220 27.471
845.521 32.404
845.822 35.174
846.123 35.762
846.423 38.627
846.724 39.002
847.025 37.989
847.326 40.818
847.627 42.713
847.928 31.668
848.228 16.497
848.529 7.662
848.830 -4.150
849.131 -10.501
849.432 -6.847
849.732 2.280
850.033 15.973
850.334 29.904
850.635 33.086
850.936 32.161
851.236 26.459
851.537 15.045
851.838 11.561
852.139 10.389
852.440 14.434
852.740 19.194
853.041 20.551
853.342 20.924
853.643 25.390
853.944 19.967
854.244 15.489
854.545 18.577
854.846 10.475
855.147 1.717
855.448 -2.028
855.748 8.293
856.049 13.251
856.350 13.020
856.651 13.676
856.952 18.909
857.253 15.536
857.553 8.091
857.854 8.293
858.155 10.613
858.456 9.306
858.757 1.245
859.057 5.194
859.358 12.671
859.659 14.900
859.960 20.040
860.261 31.212
860.561 32.110
860.862 26.640
861.163 22.277
861.464 16.907
861.765 14.150
862.065 13.021
862.366 15.153
862.667 23.278
862.968 31.810
863.269 33.095
863.569 32.211
863.870 32.914
864.171 28.869
864.472 27.697
864.773 27.969
865.073 28.097
865.374 24.343
865.675 18.512
865.976 12.084
866.277 7.412
866.577 -0.642
866.878 -0.099
867.179 5.023
867.480 7.261
867.781 10.617
868.082 17.418
868.382 18.698
868.683 20.534
868.984 22.732
869.285 23.440
869.586 29.551
869.886 31.732
870.187 34.246
870.488 34.912
870.789 29.872
871.090 27.203
871.390 25.696
871.691 18.298
871.992 14.061
872.293 12.955
872.594 7.615
872.894 6.303
873.195 9.592
873.496 10.677
873.797 16.524
874.098 24.371
874.398 32.962
874.699 35.511
875.000 35.135
875.301 31.658
875.602 23.071
875.902 11.552
876.203 6.431
876.504 6.422
876.805 9.876
877.106 13.148
877.407 15.146
877.707 22.953
878.008 21.852
878.309 18.755
878.610 18.556
878.911 14.564
879.211 5.480
879.512 8.386
879.813 8.383
880.114 7.846
880.415 10.562
880.715 13.097
881.016 11.455
881.317 13.621
881.618 11.442
881.919 13.439
882.219 10.538
882.520 10.536
882.821 6.187
883.122 5.822
883.423 4.723
883.723 9.255
884.024 17.413
884.325 22.308
884.626 17.785
884.927 11.273
885.227 6.920
885.528 -5.770
885.829 -4.881
886.130 12.116
886.431 28.218
886.731 34.206
887.032 36.014
887.333 28.413
887.634 16.116
887.935 7.610
888.236 4.153
888.536 4.512
888.837 6.866
889.138 12.842
889.439 18.646
889.740 24.602
890.040 32.769
890.341 35.852
890.642 35.146
890.943 33.882
891.244 26.115
891.544 19.580
891.845 21.034
892.146 19.203
892.447 8.848
892.748 9.576
893.048 11.938
893.349 7.219
893.650 0.678
893.951 -0.975
894.252 1.579
894.552 10.918
894.853 15.126
895.154 18.040
895.455 23.699
895.756 20.237
896.056 3.961
896.357 -1.168
896.658 -5.038
896.959 -7.797
897.260 -6.137
897.561 -1.896
897.861 2.536
898.162 6.222
898.463 4.911
898.764 0.656
899.065 -0.821
899.365 -0.062
899.666 8.673
899.967 17.432
900.268 21.157
900.569 24.339
900.869 28.137
901.170 20.150
901.471 13.220
901.772 10.028
902.073 5.718
902.373 -4.420
902.674 -8.193
902.975 -7.637
903.276 -1.410
903.577 -2.935
903.877 -2.004
904.178 1.017
904.479 1.391
904.780 -6.015
905.081 -2.972
905.381 5.229
905.682 11.322
905.983 11.892
906.284 15.909
906.585 18.790
906.885 18.481
907.186 18.737
907.487 14.493
907.788 13.728
908.089 14.529
908.390 8.165
908.690 3.558
908.991 8.965
909.292 9.159
909.593 7.241
909.894 10.956
910.194 15.465
910.495 19.974
910.796 19.588
911.097 19.210
911.398 21.605
911.698 22.631
911.999 22.467
912.300 17.926
912.607 15.176
912.915 14.819
913.222 9.913
913.529 3.804
913.837 6.155
914.144 8.141
914.451 11.952
914.759 20.938
915.066 26.517
915.374 31.107
915.681 29.112
915.988 19.565
916.296 10.816
916.603 1.597
916.910 -0.400
917.218 6.456
917.525 7.070
917.832 8.706
918.140 15.373
918.447 14.767
918.754 16.037
919.062 20.723
919.369 21.558
919.677 26.265
919.984 30.767
920.291 25.074
920.599 20.393
920.906 14.477
921.213 10.820
921.521 5.492
921.828 2.417
922.135 7.986
922.443 19.095
922.750 20.750
923.057 19.918
923.365 22.601
923.672 20.978
923.980 14.411
924.287 8.024
924.594 15.265
924.902 20.073
925.209 16.770
925.516 13.670
925.824 14.701
926.131 10.982
926.438 11.195
926.746 16.431
927.053 21.030
927.360 26.681
927.668 32.144
927.975 25.881
928.283 13.082
928.590 3.421
928.897 -2.448
929.205 -2.427
929.512 3.683
929.819 13.815
930.127 25.209
930.434 29.659
930.741 26.751
931.049 33.860
931.356 37.520
931.663 36.546
931.971 37.880
932.278 37.941
932.586 26.442
932.893 24.168
933.200 20.778
933.508 20.428
933.815 25.988
934.122 29.315
934.430 30.525
934.737 29.473
935.044 29.144
935.352 28.046
935.659 32.716
935.966 38.849
936.274 41.187
936.581 35.811
936.889 34.481
937.196 37.181
937.503 33.411
937.811 40.401
938.118 56.073
938.425 62.575
938.733 52.115
939.040 43.189
939.347 29.140
939.655 11.707
939.962 7.708
940.269 10.257
940.577 15.001
940.884 23.682
941.191 32.154
941.499 25.536
941.806 25.112
942.114 26.996
942.421 33.702
942.728 33.014
943.036 36.831
943.343 39.095
943.650 31.722
943.958 15.434
944.265 4.757
944.572 -4.120
944.880 -4.644
945.187 -0.117
945.494 6.217
945.802 7.529
946.109 6.290
946.417 0.994
946.724 -5.284
947.031 -6.305
947.339 2.667
947.646 14.567
947.953 18.007
948.261 21.229
948.568 28.063
948.875 26.764
949.183 22.473
949.490 18.754
949.797 13.664
950.105 13.245
950.412 15.827
950.720 11.441
951.027 15.708
951.334 19.795
951.642 14.006
951.949 14.599
952.256 26.294
952.564 32.968
952.871 38.547
953.178 40.142
953.486 43.487
953.793 40.081
954.100 33.947
954.408 40.062
954.715 50.986
955.023 54.209
955.330 52.027
955.637 52.399
955.945 45.897
956.252 41.420
956.559 39.902
956.867 42.759
957.174 41.989
957.481 44.140
957.789 37.752
958.096 24.504
958.403 18.809
958.711 18.102
959.018 16.259
959.326 20.652
959.633 28.606
959.940 26.376
960.248 30.712
960.555 35.500
960.862 34.338
961.170 33.427
961.477 37.131
961.784 34.046
962.092 31.118
962.399 34.785
962.706 39.889
963.014 42.868
963.321 48.275
963.629 51.457
963.936 49.183
964.243 45.516
964.551 40.295
964.858 39.561
965.165 36.910
965.473 40.309
965.780 43.572
966.092 50.605
966.404 49.861
966.716 50.437
967.028 44.828
967.340 39.736
967.652 38.412
967.964 31.969
968.276 31.680
968.588 38.886
968.900 40.977
969.212 36.051
969.524 39.001
969.836 37.328
970.148 27.713
970.460 22.829
970.772 24.313
971.084 25.767
971.396 30.568
971.708 44.865
972.020 50.539
972.332 53.669
972.644 51.972
972.956 42.693
973.268 29.826
973.580 24.756
973.892 21.155
974.204 20.724
974.516 22.598
974.828 21.576
975.140 25.584
975.452 30.443
975.764 32.966
976.076 34.484
976.388 33.606
976.700 31.051
977.012 22.830
977.324 22.843
977.636 24.898
977.948 32.879
978.260 38.505
978.572 42.271
978.884 40.128
979.196 35.509
979.508 28.177
979.820 27.486
980.132 39.343
980.444 44.678
980.756 52.522
981.068 63.147
981.380 67.789
981.692 57.693
982.004 52.854
982.316 51.148
982.628 48.187
982.940 45.014
983.252 50.735
983.564 61.157
983.876 60.361
984.188 52.067
984.500 49.066
984.812 39.518
985.124 27.386
985.436 26.327
985.748 31.029
986.060 30.034
986.372 35.337
986.684 36.403
986.996 31.075
987.308 26.601
987.620 27.206
987.932 22.969
988.244 27.205
988.556 38.276
988.868 40.197
989.180 39.562
989.492 45.962
989.804 46.021
990.116 42.173
990.428 44.722
990.740 47.700
991.052 45.989
991.364 39.143
991.676 36.622
991.988 43.197
992.300 45.976
992.612 51.035
992.924 58.989
993.236 59.374
993.548 54.902
993.860 49.969
994.172 44.217
994.484 41.529
994.796 43.024
995.108 47.945
995.420 52.107
995.732 53.919
996.044 67.675
996.356 78.272
996.668 83.063
996.980 84.933
997.292 85.133
997.604 79.763
997.916 75.463
998.228 70.791
998.540 71.459
998.852 73.426
999.164 75.424
999.476 80.663
999.788 81.519
1000.100 78.385
1000.412 80.088
1000.724 78.062
1001.036 78.853
1001.348 80.391
1001.660 91.210
1001.972 99.281
1002.284 102.736
1002.596 95.695
1002.908 94.937
1003.220 96.610
1003.532 97.612
1003.844 101.156
1004.156 113.115
1004.468 124.855
1004.780 129.135
1005.092 134.027
1005.404 140.853
1005.716 148.216
1006.028 154.463
1006.340 163.119
1006.652 173.735
1006.964 182.899
1007.276 186.321
1007.588 190.146
1007.900 195.660
1008.212 193.403
1008.524 188.545
1008.836 190.764
1009.148 191.933
1009.460 187.125
1009.772 195.217
1010.084 208.591
1010.396 212.455
1010.708 220.691
1011.020 238.048
1011.332 253.750
1011.644 257.933
1011.956 265.935
1012.268 276.420
1012.580 280.753
1012.892 282.048
1013.204 296.834
1013.516 310.229
1013.828 318.601
1014.140 328.321
1014.452 331.141
1014.764 334.032
1015.076 338.943
1015.388 340.035
1015.700 343.223
1016.012 354.741
1016.324 358.585
1016.636 363.394
1016.948 367.136
1017.260 370.370
1017.572 372.669
1017.884 380.779
1018.196 387.042
1018.508 393.597
1018.820 395.526
1019.132 392.550
1019.444 388.749
1019.756 384.397
1020.068 386.589
1020.380 394.790
1020.692 401.548
1021.004 401.499
1021.316 413.182
1021.628 421.300
1021.940 421.152
1022.252 429.880
1022.564 440.749
1022.876 443.917
1023.188 440.491
1023.500 437.005
1023.812 429.771
1024.124 427.764
1024.436 425.984
1024.748 422.129
1025.060 416.734
1025.372 405.853
1025.684 396.872
1025.996 386.675
1026.308 380.843
1026.620 380.820
1026.932 383.831
1027.244 372.424
1027.556 360.456
1027.868 358.759
1028.180 357.164
1028.492 352.537
1028.804 351.324
1029.116 351.051
1029.428 343.244
1029.740 337.334
1030.052 339.772
1030.364 343.248
1030.676 341.314
1030.988 332.860
1031.300 319.763
1031.612 304.605
1031.924 291.782
1032.236 289.581
1032.548 291.476
1032.860 291.591
1033.172 288.811
1033.484 282.286
1033.796 269.406
1034.108 261.415
1034.420 254.514
1034.732 252.308
1035.044 254.903
1035.356 255.498
1035.668 254.293
1035.980 247.687
1036.292 234.082
1036.604 224.077
1036.916 217.871
1037.228 203.266
1037.540 199.261
1037.852 207.255
1038.164 208.450
1038.476 203.644
1038.788 206.039
1039.100 200.833
1039.412 191.628
1039.724 187.423
1040.036 183.217
1040.348 180.012
1040.660 174.806
1040.972 169.001
1041.284 162.595
1041.596 157.189
1041.908 149.784
1042.220 144.978
1042.532 140.173
1042.844 137.767
1043.156 134.162
1043.468 132.556
1043.780 136.150
1044.092 131.345
1044.404 129.139
1044.716 132.533
1045.028 130.127
1045.340 126.722
1045.652 124.316
1045.964 115.510
1046.276 103.704
1046.588 99.099
1046.900 101.893
1047.212 99.487
1047.524 100.281
1047.836 103.475
1048.148 103.070
1048.460 94.664
1048.772 92.658
1049.084 91.052
1049.396 85.446
1049.708 83.640
1050.020 84.434
1050.332 87.828
1050.644 90.222
1050.956 93.216
1051.268 93.210
1051.580 88.004
1051.892 77.798
1052.204 68.192
1052.516 62.586
1052.828 58.980
1053.140 57.974
1053.452 59.768
1053.764 59.361
1054.076 62.155
1054.388 60.549
1054.700 60.943
1055.012 58.737
1055.324 48.530
1055.636 36.924
1055.948 38.518
1056.260 32.912
1056.572 32.105
1056.884 44.099
1057.196 51.093
1057.508 53.086
1057.820 63.480
1058.132 70.874
1058.444 72.267
1058.756 69.461
1059.068 59.455
1059.380 46.248
1059.692 32.042
1060.004 24.835
1060.316 30.029
1060.628 32.622
1060.940 35.016
1061.252 37.809
1061.564 38.003
1061.876 35.796
1062.188 37.589
1062.500 34.383
1062.812 34.976
1063.124 35.570
1063.436 29.363
1063.748 21.556
1064.060 21.750
1064.372 18.143
1064.684 8.736
1064.996 5.529
1065.308 10.123
1065.620 12.716
1065.932 16.509
1066.244 25.302
1066.556 30.895
1066.868 31.289
1067.180 32.482
1067.492 36.275
1067.804 37.068
1068.116 37.461
1068.428 34.254
1068.740 27.447
1069.052 20.640
1069.364 7.633
1069.676 -3.574
1069.988 1.219
1070.300 9.012
1070.612 13.205
1070.924 25.598
1071.236 34.591
1071.548 34.384
1071.860 26.776
1072.172 22.169
1072.484 25.162
1072.796 29.755
1073.108 31.548
1073.420 32.941
1073.732 32.933
1074.044 30.326
1074.356 28.719
1074.668 21.911
1074.980 20.504
1075.292 27.697
1075.604 36.889
1075.916 33.082
1076.228 31.075
1076.540 35.267
1076.852 35.260
1077.164 23.652
1077.476 24.245
1077.788 30.237
1078.100 33.430
1078.412 33.822
1078.724 34.015
1079.036 30.807
1079.348 26.600
1079.660 18.792
1079.972 11.184
1080.284 12.377
1080.596 12.569
1080.908 9.161
1081.220 7.154
1081.532 2.146
1081.844 -6.662
1082.156 -5.870
1082.468 -1.278
1082.780 -2.885
1083.092 -5.493
1083.404 -3.501
1083.716 1.091
1084.028 -2.117
1084.340 1.475
1084.652 10.067
1084.964 15.459
1085.276 9.051
1085.588 15.043
1085.900 20.835
1086.212 13.827
1086.524 1.819
1086.836 2.611
1087.148 2.803
1087.460 -1.005
1087.772 0.587
1088.084 7.779
1088.396 9.771
1088.708 7.162
1089.020 5.354
1089.332 8.946
1089.644 12.538
1089.956 25.129
1090.268 32.121
1090.580 35.313
1090.892 34.704
1091.204 34.496
1091.516 20.688
1091.828 12.479
1092.140 11.671
1092.464 14.862
1092.788 19.454
1093.112 23.045
1093.436 20.637
1093.760 13.028
1094.084 8.420
1094.408 0.611
1094.732 -1.597
1095.056 6.194
1095.380 14.985
1095.703 21.377
1096.027 21.168
1096.351 17.559
1096.675 11.750
1096.999 7.742
1097.323 1.933
1097.647 0.524
1097.971 0.315
1098.295 3.106
1098.619 9.498
1098.943 18.489
1099.267 26.280
1099.591 29.471
1099.915 26.862
1100.239 25.853
1100.563 21.844
1100.887 13.235
1101.211 9.426
1101.535 6.817
1101.859 -2.592
1102.182 -8.601
1102.506 -2.011
1102.830 -1.420
1103.154 -4.229
1103.478 1.562
1103.802 7.353
1104.126 4.543
1104.450 10.934
1104.774 21.525
1105.098 25.916
1105.422 27.506
1105.746 28.097
1106.070 30.287
1106.394 25.278
1106.718 21.869
1107.042 19.459
1107.366 20.450
1107.690 17.240
1108.014 11.631
1108.338 6.421
1108.662 3.612
1108.985 7.202
1109.309 5.592
1109.633 11.183
1109.957 16.973
1110.281 20.763
1110.605 17.554
1110.929 19.544
1111.253 18.534
1111.577 17.724
1111.901 12.915
1112.225 9.905
1112.549 7.695
1112.873 7.085
1113.197 10.475
1113.521 17.065
1113.845 19.055
1114.169 10.645
1114.493 10.635
1114.817 9.425
1115.141 8.415
1115.464 13.805
1115.788 21.195
1116.112 17.985
1116.436 16.175
1116.760 16.365
1117.084 13.954
1117.408 17.944
1117.732 24.334
1118.056 28.124
1118.380 22.513
1118.704 12.703
1119.028 6.693
1119.352 1.683
1119.676 1.272
1120.000 0.262
1120.324 6.451
1120.648 12.041
1120.972 22.630
1121.296 22.220
1121.620 29.809
1121.944 29.999
1122.267 19.988
1122.591 14.778
1122.915 10.967
1123.239 1.556
1123.563 3.146
1123.887 12.135
1124.211 6.324
1124.535 -0.286
1124.859 9.103
1125.183 12.692
1125.507 5.881
1125.831 9.870
1126.155 11.460
1126.479 6.849
1126.803 2.838
1127.127 5.027
1127.451 1.216
1127.775 3.205
1128.099 -0.006
1128.423 -1.217
1128.746 -1.628
1129.070 -2.839
1129.394 -0.650
1129.718 2.539
1130.042 1.527
1130.366 1.516
1130.690 8.905
1131.014 12.694
1131.338 13.283
1131.662 12.271
1131.986 10.660
1132.310 11.249
1132.634 15.037
1132.958 18.826
1133.282 20.015
1133.606 28.003
1133.930 27.992
1134.254 20.580
1134.578 10.569
1134.902 3.757
1135.226 -9.054
1135.549 -20.266
1135.873 -19.277
1136.197 -8.689
1136.521 2.699
1136.845 13.688
1137.169 24.276
1137.493 27.264
1137.817 25.253
1138.141 21.641
1138.465 18.629
1138.789 17.817
1139.113 16.606
1139.437 15.994
1139.761 18.982
1140.085 19.970
1140.409 9.758
1140.733 1.146
1141.057 0.134
1141.381 -3.878
1141.705 -1.890
1142.028 3.698
1142.352 6.486
1142.676 8.074
1143.000 11.862
1143.324 8.050
1143.648 16.638
1143.972 21.425
1144.296 12.613
1144.620 5.801
1144.944 7.389
1145.268 -3.423
1145.592 -6.636
1145.916 6.552
1146.240 8.340
1146.564 8.527
1146.888 14.315
1147.212 16.702
1147.536 12.090
1147.860 18.078
1148.184 21.465
1148.507 24.253
1148.831 16.040
1149.155 9.228
1149.479 10.615
1149.803 7.202
1150.127 10.590
1150.451 28.577
1150.775 39.365
1151.099 37.552
1151.423 36.939
1151.747 31.727
1152.071 25.914
1152.395 16.101
1152.719 9.688
1153.043 12.275
1153.367 12.263
1153.691 2.050
1154.015 3.237
1154.339 5.224
1154.663 1.611
1154.987 -2.402
1155.310 1.785
1155.634 4.772
1155.958 -0.641
1156.282 -2.854
1156.606 -0.267
1156.930 0.720
1157.254 -2.893
1157.578 6.294
1157.902 5.881
1158.226 3.868
1158.550 6.655
1158.874 8.042
1159.198 6.628
1159.522 13.815
1159.846 13.602
1160.170 11.389
1160.494 19.375
1160.818 17.162
1161.142 11.349
1161.466 16.735
1161.790 20.122
1162.113 20.509
1162.437 26.295
1162.761 33.482
1163.085 31.869
1163.409 28.655
1163.733 21.042
1164.057 11.428
1164.381 2.415
1164.705 -5.399
1165.029 -10.612
1165.353 -7.226
1165.677 -0.239
1166.001 3.347
1166.325 6.133
1166.649 6.320
1166.973 4.506
1167.297 0.293
1167.621 -2.521
1167.945 2.665
1168.269 11.652
1168.592 10.638
1168.916 11.024
1169.240 15.610
1169.564 14.997
1169.888 10.583
1170.212 12.369
1170.536 16.155
1170.860 19.341
1171.184 25.728
1171.508 28.114
1171.832 25.700
1172.156 22.286
1172.480 19.672
1172.804 12.858
1173.128 7.044
1173.452 3.830
1173.776 -1.783
1174.100 -9.197
1174.424 -13.611
1174.748 -11.025
1175.072 -2.839
1175.395 3.947
1175.719 0.933
1176.043 -1.081
1176.367 1.305
1176.691 -4.709
1177.015 -6.324
1177.339 1.262
1177.663 2.448
1177.987 -0.566
1178.311 5.620
1178.635 10.806
1178.959 12.592
1179.283 17.578
1179.607 21.964
1179.931 19.750
1180.255 13.535
1180.579 12.921
1180.903 14.307
1181.227 12.493
1181.551 8.279
1181.874 9.265
1182.198 9.450
1182.522 3.436
1182.846 6.422
1183.170 12.608
1183.494 13.793
1183.818 7.979
1184.142 2.565
1184.466 -3.849
1184.790 -3.463
1185.114 -3.278
1185.438 0.108
1185.762 11.294
1186.086 15.479
1186.410 11.065
1186.734 11.451
1187.058 8.437
1187.382 6.022
1187.706 8.808
1188.030 9.794
1188.353 5.380
1188.677 8.765
1189.001 4.351
1189.325 -5.063
1189.649 -6.278
1189.973 2.108
1190.297 4.694
1190.621 13.280
1190.945 23.865
1191.269 27.851
1191.593 22.437
1191.917 17.822
1192.241 9.608
1192.565 4.194
1192.889 1.180
1193.213 1.565
1193.537 9.151
1193.861 13.737
1194.185 12.722
1194.509 12.908
1194.833 15.694
1195.156 17.080
1195.480 19.065
1195.804 21.451
1196.128 15.637
1196.452 15.223
1196.776 19.009
1197.100 19.394
1197.424 19.780
1197.748 18.966
1198.072 12.352
1198.396 3.537
1198.720 -0.077
1199.044 -4.291
1199.368 -1.905
1199.692 4.481
1200.016 10.267
1200.340 18.053
1200.664 24.238
1200.988 30.424
1201.312 24.210
1201.635 10.396
1201.959 -0.818
1202.283 -5.232
1202.607 -12.046
1202.931 -6.260
1203.255 5.726
1203.579 11.512
1203.903 8.498
1204.227 13.484
1204.551 11.070
1204.875 4.656
1205.199 3.042
1205.523 8.428
1205.847 7.814
1206.171 7.801
1206.495 6.187
1206.819 5.373
1207.143 7.959
1207.467 6.545
1207.791 4.531
1208.115 7.518
1208.438 5.104
1208.762 -2.310
1209.086 2.077
1209.410 2.463
1209.734 0.049
1210.058 5.636
1210.382 7.822
1210.706 8.608
1211.030 10.595
1211.354 6.781
1211.678 3.168
1212.002 7.154
1212.326 6.141
1212.650 8.727
1212.974 20.314
1213.298 28.301
1213.622 22.687
1213.946 16.674
1214.270 13.061
1214.594 6.848
1214.917 1.034
1215.241 3.821
1215.565 8.208
1215.889 13.195
1216.213 18.182
1216.537 18.569
1216.861 15.356
1217.185 8.543
1217.509 5.130
1217.833 -0.083
1218.157 -4.096
1218.481 3.891
1218.805 10.278
1219.129 5.465
1219.453 5.053
1219.777 10.840
1220.101 3.827
1220.425 -2.985
1220.749 -2.798
1221.073 1.589
1221.397 1.377
1221.720 2.964
1222.044 12.552
1222.368 17.739
1222.692 9.927
1223.016 2.115
1223.340 -2.298
1223.664 -5.710
1223.988 -7.922
1224.312 -2.134
1224.636 6.254
1224.960 12.042
1225.284 15.830
1225.608 25.618
1225.932 27.806
1226.256 26.194
1226.580 21.582
1226.904 15.970
1227.228 9.759
1227.552 7.547
1227.876 -0.865
1228.199 2.724
1228.523 8.912
1228.847 6.101
1229.171 1.889
1229.495 5.878
1229.819 9.066
1230.143 10.455
1230.467 11.044
1230.791 13.033
1231.115 23.022
1231.439 23.611
1231.763 19.805
1232.087 24.466
