181.241 -15.972
181.495 -15.972
181.749 -17.372
182.003 -16.172
182.257 -10.172
182.511 -10.171
182.765 -10.971
183.019 -3.371
183.273 -4.371
183.528 -13.771
183.782 -18.171
184.036 -20.571
184.290 -30.171
184.544 -38.371
184.798 -35.371
185.052 -21.571
185.306 -13.771
185.560 -9.371
185.814 0.429
186.068 5.829
186.322 1.629
186.576 0.029
186.830 1.029
187.084 1.029
187.339 0.629
187.593 3.629
187.847 6.829
188.101 7.829
188.355 7.029
188.609 -0.571
188.863 -11.171
189.117 -12.371
189.371 -8.971
189.625 -9.571
189.879 -4.371
190.133 8.829
190.387 8.229
190.641 -2.971
190.895 -7.571
191.150 -5.571
191.404 -8.971
191.658 -10.771
191.912 -6.171
192.166 -2.771
192.420 -3.371
192.674 -6.171
192.928 -5.371
193.182 -2.771
193.436 -2.171
193.690 -1.971
193.944 -1.771
194.198 -5.571
194.452 -4.971
194.706 -2.971
194.961 -7.971
195.215 -9.571
195.469 -5.171
195.723 -3.971
195.977 -8.571
196.231 -12.371
196.485 -11.571
196.739 -8.371
196.993 -7.171
197.247 -1.171
197.501 11.229
197.755 16.829
198.009 13.629
198.263 7.229
198.517 -0.771
198.772 -12.571
199.026 -15.171
199.280 -15.770
199.534 -8.370
199.788 3.030
200.042 9.430
200.296 1.030
200.550 0.030
200.804 1.830
201.058 -3.770
201.312 -9.370
201.566 -7.970
201.820 -6.770
202.074 -8.570
202.328 -2.770
202.583 7.830
202.837 12.830
203.091 7.430
203.345 1.230
203.599 -0.570
203.853 -2.770
204.107 -2.370
204.361 6.230
204.615 8.430
204.869 2.230
205.123 -5.570
205.377 -5.570
205.631 -10.370
205.885 -14.170
206.139 -21.570
206.394 -22.770
206.648 -24.170
206.902 -21.370
207.156 -14.170
207.410 -2.370
207.664 -0.770
207.918 -6.170
208.172 -9.970
208.426 -13.970
208.680 -15.570
208.934 -13.570
209.188 -6.370
209.442 -3.970
209.696 -6.570
209.950 -9.570
210.205 -7.770
210.459 -10.770
210.713 -11.170
210.967 -8.170
211.221 -7.370
211.475 -7.770
211.729 -2.970
211.983 -1.570
212.237 1.230
212.491 10.830
212.745 16.630
212.999 13.830
213.253 11.430
213.507 7.630
213.761 -0.970
214.016 -6.170
214.270 -6.770
214.524 -7.970
214.778 -7.170
215.032 -6.169
215.286 -2.569
215.540 -5.369
215.794 -6.169
216.048 -1.569
216.302 -0.969
216.556 0.631
216.810 5.231
217.064 4.231
217.318 5.231
217.572 4.431
217.827 -0.769
218.081 -2.369
218.335 1.231
218.589 -7.769
218.843 -10.369
219.097 -7.369
219.351 -8.369
219.605 -7.369
219.859 -1.569
220.113 2.431
220.367 5.631
220.621 5.631
220.875 -4.369
221.129 -10.169
221.383 -14.169
221.638 -24.369
221.892 -21.969
222.146 -3.969
222.400 7.431
222.654 12.431
222.908 12.431
223.162 9.631
223.416 -2.369
223.670 -18.369
223.924 -28.169
224.178 -24.769
224.432 -19.369
224.686 -15.169
224.940 -2.769
225.195 8.031
225.449 10.231
225.703 9.031
225.957 6.431
226.211 2.231
226.465 -0.769
226.719 -6.169
226.973 -7.969
227.227 -4.369
227.481 -4.569
227.735 -0.569
227.989 7.031
228.243 5.431
228.497 1.231
228.751 0.431
229.006 -7.369
229.260 -19.969
229.514 -16.969
229.768 -13.969
230.022 -11.768
230.276 -3.768
230.530 7.232
230.784 -1.568
231.038 -11.368
231.292 -15.368
231.546 -22.368
231.800 -25.968
232.054 -23.768
232.308 -17.768
232.562 -9.968
232.817 -9.768
233.071 -12.368
233.325 -10.968
233.579 -11.968
233.833 -12.968
234.087 -7.768
234.341 1.432
234.595 9.032
234.849 15.432
235.103 8.432
235.357 4.832
235.611 3.832
235.865 -1.768
236.119 -5.968
236.373 1.032
236.628 0.632
236.882 -10.968
237.136 -9.568
237.390 -9.168
237.644 -14.568
237.898 -10.368
238.152 -1.168
238.406 -0.968
238.660 5.432
238.914 11.832
239.168 5.232
239.422 2.232
239.676 -1.168
239.930 -5.968
240.184 -10.368
240.439 -11.568
240.693 -11.768
240.947 -9.968
241.201 -5.368
241.455 -4.168
241.709 4.032
241.963 8.232
242.217 10.432
242.471 4.032
242.725 1.032
242.979 -0.568
243.233 1.232
243.487 6.432
243.741 17.832
243.995 21.632
244.250 22.032
244.504 24.633
244.758 22.833
245.012 10.233
245.266 2.633
245.520 0.633
245.774 -5.767
246.028 -10.367
246.282 -0.967
246.536 10.633
246.790 15.033
247.044 24.233
247.298 35.233
247.552 33.433
247.806 23.833
248.061 16.633
248.315 7.433
248.569 -3.567
248.823 -12.967
249.077 -12.167
249.331 -10.967
249.585 -12.367
249.839 -13.167
250.093 -10.567
250.347 -7.767
250.601 -12.167
250.855 -11.567
251.109 -7.967
251.363 -3.967
251.617 0.833
251.872 5.833
252.126 4.433
252.380 3.233
252.634 2.633
252.888 -2.767
253.142 -9.767
253.396 -10.567
253.650 -15.567
253.904 -18.967
254.159 -16.167
254.413 -4.367
254.667 0.233
254.922 5.233
255.176 9.433
255.431 5.633
255.685 1.233
255.939 -4.967
256.194 -6.767
256.448 -10.167
256.702 -6.367
256.957 -1.767
257.211 1.833
257.465 1.033
257.720 2.633
257.974 -2.767
258.228 -5.166
258.483 -2.166
258.737 -0.566
258.992 1.634
259.246 7.234
259.500 4.234
259.755 4.034
260.009 3.634
260.263 -4.166
260.518 -11.366
260.772 -16.166
261.026 -22.166
261.281 -23.166
261.535 -15.966
261.789 -7.166
262.044 2.034
262.298 15.234
262.553 27.034
262.807 23.234
263.061 12.434
263.316 8.834
263.570 0.634
263.824 -9.366
264.079 -2.966
264.333 4.634
264.587 0.434
264.842 -2.366
265.096 -2.966
265.351 -3.766
265.605 -1.166
265.859 7.234
266.114 8.834
266.368 10.434
266.622 10.434
266.877 9.034
267.131 6.634
267.385 10.434
267.640 13.034
267.894 5.434
268.148 -1.166
268.403 -2.366
268.657 -2.766
268.912 -6.366
269.166 1.034
269.420 12.434
269.675 14.634
269.929 8.634
270.183 1.434
270.438 -10.566
270.692 -22.366
270.946 -26.966
271.201 -21.566
271.455 -11.365
271.709 -7.165
271.964 -7.565
272.218 -3.565
272.473 -6.165
272.727 -12.965
272.981 -8.965
273.236 -0.165
273.490 -2.365
273.744 -5.165
273.999 -0.365
274.253 2.635
274.507 -2.565
274.762 -6.365
275.016 -1.365
275.271 -0.765
275.525 -0.965
275.779 2.835
276.034 7.235
276.288 6.435
276.542 10.435
276.797 14.835
277.051 13.835
277.305 12.035
277.560 15.035
277.814 10.835
278.068 4.835
278.323 0.235
278.577 -3.565
278.832 -9.365
279.086 -9.765
279.340 -2.965
279.595 8.835
279.849 10.235
280.103 8.235
280.358 1.835
280.612 -11.565
280.866 -26.765
281.121 -28.565
281.375 -26.165
281.629 -22.965
281.884 -17.565
282.138 -8.965
282.393 -6.765
282.647 -8.965
282.901 -8.765
283.156 -10.365
283.410 -21.765
283.664 -27.765
283.919 -21.964
284.173 -16.564
284.427 -13.764
284.682 -0.164
284.936 11.236
285.191 15.036
285.445 18.236
285.699 18.836
285.954 16.036
286.208 17.836
286.462 16.636
286.717 11.636
286.971 8.836
287.225 10.036
287.480 2.036
287.734 -6.964
287.988 -10.764
288.243 -9.964
288.497 -17.564
288.752 -19.164
289.006 -20.564
289.260 -21.964
289.515 -26.564
289.769 -29.964
290.023 -31.164
290.278 -24.564
290.532 -20.364
290.786 -14.364
291.041 0.036
291.295 10.036
291.549 4.636
291.804 -1.564
292.058 -1.764
292.313 -8.564
292.567 -11.564
292.821 -4.764
293.076 -3.164
293.330 -4.164
293.584 1.036
293.839 6.636
294.093 9.836
294.347 15.636
294.602 15.836
294.856 9.636
295.111 0.836
295.365 -5.964
295.619 -10.564
295.874 -9.164
296.128 -1.563
296.382 2.237
296.637 -0.563
296.891 -0.963
297.145 -2.363
297.400 -10.963
297.654 -11.963
297.908 -7.563
298.163 -3.163
298.417 -2.563
298.672 1.837
298.926 1.437
299.180 -4.163
299.435 -8.363
299.689 -12.563
299.943 -12.763
300.198 -8.163
300.452 -1.963
300.706 -8.163
300.961 -17.363
301.215 -19.763
301.469 -28.363
301.724 -35.763
301.978 -33.963
302.233 -21.563
302.487 -21.963
302.741 -23.563
302.996 -21.763
303.250 -15.363
303.504 -12.363
303.759 -11.163
304.013 1.437
304.267 14.237
304.522 18.237
304.776 14.037
305.031 11.637
305.285 7.437
305.539 5.037
305.794 7.637
306.048 6.037
306.302 5.037
306.557 -1.163
306.811 -13.163
307.065 -20.963
307.320 -18.363
307.574 -14.762
307.828 -8.962
308.083 0.238
308.337 6.438
308.592 8.838
308.846 13.438
309.100 13.238
309.355 9.438
309.609 2.038
309.863 -5.162
310.118 -5.162
310.372 -1.962
310.626 -3.562
310.881 -0.162
311.135 7.638
311.389 2.838
311.644 2.038
311.898 5.838
312.153 3.238
312.407 4.438
312.661 8.038
312.916 4.038
313.170 5.038
313.429 17.438
313.688 21.638
313.947 24.038
314.206 25.438
314.465 25.438
314.724 14.638
314.983 6.438
315.242 0.638
315.501 2.438
315.760 -1.162
316.019 -0.362
316.278 2.038
316.536 -2.962
316.795 -6.362
317.054 -6.762
317.313 -6.362
317.572 -6.162
317.831 -3.962
318.090 -0.962
318.349 4.438
318.608 6.038
318.867 3.239
319.126 1.239
319.385 -0.961
319.644 -7.161
319.903 -11.961
320.162 -10.961
320.421 -3.561
320.680 -4.561
320.939 -0.361
321.198 5.439
321.457 9.839
321.716 6.239
321.975 1.639
322.234 -6.761
322.493 -13.361
322.752 -21.561
323.010 -24.761
323.269 -21.961
323.528 -23.561
323.787 -28.561
324.046 -29.561
324.305 -29.361
324.564 -28.561
324.823 -22.361
325.082 -12.961
325.341 -5.561
325.600 1.239
325.859 -0.161
326.118 2.439
326.377 -2.761
326.636 -4.761
326.895 -1.561
327.154 -4.961
327.413 -12.561
327.672 -4.361
327.931 4.439
328.190 2.639
328.449 11.439
328.708 19.239
328.967 14.639
329.226 7.239
329.485 1.239
329.743 -6.560
330.002 -9.760
330.261 -14.360
330.520 -19.160
330.779 -16.760
331.038 -9.160
331.297 -2.560
331.556 5.440
331.815 9.440
332.074 4.840
332.333 -3.960
332.592 -13.360
332.851 -23.360
333.110 -33.160
333.369 -36.560
333.628 -32.160
333.887 -32.560
334.146 -30.160
334.405 -20.160
334.664 -17.960
334.923 -21.160
335.182 -13.560
335.441 -1.360
335.700 6.040
335.959 15.640
336.217 21.040
336.476 24.240
336.735 21.440
336.994 10.440
337.253 2.040
337.512 -3.960
337.771 -14.560
338.030 -22.560
338.289 -21.760
338.548 -18.160
338.807 -12.760
339.066 -5.360
339.325 -0.360
339.584 5.240
339.843 5.840
340.102 5.040
340.361 2.641
340.620 4.641
340.879 -2.759
341.138 -4.759
341.397 -3.359
341.656 -0.959
341.915 3.041
342.174 4.041
342.433 -0.559
342.691 -0.759
342.950 -0.159
343.209 -1.959
343.468 3.441
343.727 8.641
343.986 8.841
344.245 7.241
344.504 0.841
344.763 -0.759
345.022 -2.159
345.281 -7.959
345.540 -15.159
345.799 -12.759
346.058 -11.159
346.317 -11.759
346.576 -7.759
346.835 0.041
347.094 -1.959
347.353 -10.159
347.612 -13.159
347.871 -12.959
348.130 -12.359
348.389 -7.359
348.648 0.241
348.907 6.241
349.166 7.441
349.424 5.641
349.683 -2.959
349.942 -8.759
350.201 -3.359
350.460 2.442
350.719 1.042
350.978 -3.558
351.237 -4.358
351.496 -11.158
351.755 -16.758
352.014 -9.158
352.273 2.042
352.532 2.842
352.791 4.042
353.050 4.842
353.309 -3.358
353.568 -7.158
353.827 -1.758
354.086 -1.958
354.345 -4.958
354.604 -7.158
354.863 -13.758
355.122 -22.358
355.381 -21.758
355.640 -20.158
355.898 -17.758
356.157 -8.958
356.416 -3.358
356.675 -5.158
356.934 -1.758
357.193 -2.158
357.452 -11.358
357.711 -11.358
357.970 -2.158
358.229 -1.558
358.488 0.642
358.747 13.842
359.006 17.042
359.265 9.442
359.524 6.242
359.783 2.842
360.042 -8.158
360.301 -16.357
360.560 -19.157
360.819 -19.557
361.078 -13.957
361.337 -2.157
361.596 4.843
361.855 7.243
362.114 5.843
362.372 7.243
362.631 9.643
362.890 8.843
363.149 7.843
363.408 12.043
363.667 11.643
363.926 7.043
364.185 3.243
364.444 -1.157
364.703 -4.157
364.962 -9.357
365.221 -11.957
365.480 -12.157
365.741 -3.157
366.002 3.643
366.264 6.443
366.525 5.843
366.786 10.443
367.047 13.243
367.308 7.843
367.570 5.443
367.831 5.043
368.092 4.643
368.353 3.643
368.614 4.043
368.876 5.843
369.137 9.643
369.398 9.243
369.659 7.644
369.920 4.244
370.182 -1.356
370.443 -4.956
370.704 2.244
370.965 6.644
371.226 12.244
371.488 18.644
371.749 18.844
372.010 12.844
372.271 4.444
372.532 1.844
372.794 -2.156
373.055 -3.156
373.316 -0.356
373.577 -3.556
373.838 -7.756
374.100 -1.956
374.361 -4.356
374.622 -12.556
374.883 -5.356
375.144 -1.556
375.406 -6.156
375.667 1.244
375.928 15.644
376.189 18.444
376.450 19.244
376.712 21.244
376.973 13.444
377.234 1.644
377.495 -1.356
377.756 -1.356
378.018 0.644
378.279 2.444
378.540 1.844
378.801 -3.555
379.062 -5.155
379.324 -6.355
379.585 -1.755
379.846 0.645
380.107 1.645
380.368 2.645
380.630 2.445
380.891 -5.155
381.152 -8.355
381.413 -5.755
381.674 -10.155
381.936 -15.355
382.197 -7.955
382.458 0.045
382.719 0.045
382.980 3.845
383.242 10.245
383.503 11.045
383.764 12.045
384.025 12.845
384.286 7.445
384.548 3.645
384.809 7.245
385.070 4.245
385.331 4.845
385.592 11.645
385.854 12.245
386.115 1.045
386.376 -5.355
386.637 -7.355
386.898 -11.555
387.160 -14.755
387.421 -8.355
387.682 -4.754
387.943 -6.954
388.204 0.846
388.466 6.246
388.727 -0.754
388.988 -10.354
389.249 -10.754
389.510 -18.354
389.772 -14.354
390.033 -8.354
390.294 -8.754
390.555 -8.354
390.816 -6.354
391.078 -18.354
391.339 -26.154
391.600 -17.354
391.861 -12.754
392.122 -8.354
392.384 -5.354
392.645 -3.154
392.906 -0.354
393.167 0.646
393.428 -1.754
393.690 4.446
393.951 13.846
394.212 22.846
394.473 23.246
394.734 21.046
394.996 16.246
395.257 7.246
395.518 -8.754
395.779 -17.354
396.040 -16.754
396.302 -12.353
396.563 -12.953
396.824 -8.753
397.085 -6.153
397.346 -2.353
397.608 -1.953
397.869 -0.553
398.130 -3.753
398.391 -6.153
398.652 -15.753
398.914 -17.753
399.175 -16.153
399.436 -11.953
399.697 -1.153
399.958 8.247
400.220 14.447
400.481 15.247
400.742 8.447
401.003 -3.153
401.264 -6.953
401.526 -16.153
401.787 -19.953
402.048 -14.953
402.309 -9.553
402.570 -8.353
402.832 -2.353
403.093 -2.553
403.354 -8.753
403.615 -13.353
403.876 -21.153
404.138 -25.953
404.399 -17.553
404.660 -9.552
404.931 -10.352
405.202 -7.952
405.473 -13.152
405.745 -21.952
406.016 -19.752
406.287 -10.152
406.558 1.248
406.829 14.648
407.100 27.048
407.371 30.448
407.642 24.648
407.914 15.048
408.185 8.848
408.456 3.448
408.727 -3.352
408.998 -1.552
409.269 1.448
409.540 1.648
409.811 4.048
410.083 4.648
410.354 3.648
410.625 3.648
410.896 0.448
411.167 -4.752
411.438 -1.552
411.709 0.048
411.981 -2.952
412.252 -0.952
412.523 -2.152
412.794 -6.152
413.065 -3.351
413.336 -0.951
413.607 -0.151
413.878 2.649
414.150 7.249
414.421 8.249
414.692 15.449
414.963 20.849
415.234 19.249
415.505 13.649
415.776 3.649
416.047 -6.751
416.319 -13.951
416.590 -12.951
416.861 -11.151
417.132 -6.351
417.403 -4.551
417.674 -5.551
417.945 -4.951
418.217 0.649
418.488 6.049
418.759 5.449
419.030 5.449
419.301 7.049
419.572 1.049
419.843 -10.151
420.114 -7.351
420.386 0.049
420.657 0.249
420.928 0.049
421.199 6.650
421.470 3.650
421.741 -9.950
422.012 -21.950
422.283 -26.750
422.555 -31.950
422.826 -33.550
423.097 -27.550
423.368 -18.350
423.639 -13.750
423.910 -10.150
424.181 -8.350
424.453 -6.350
424.724 -4.950
424.995 3.250
425.266 12.250
425.537 20.250
425.808 25.050
426.079 24.650
426.350 15.650
426.622 7.250
426.893 -1.150
427.164 -4.750
427.435 -0.750
427.706 2.850
427.977 -1.550
428.248 -5.350
428.519 -6.550
428.791 -15.750
429.062 -20.949
429.333 -15.149
429.604 -5.149
429.875 -2.749
430.146 2.651
430.417 5.051
430.689 6.851
430.960 2.251
431.231 -2.549
431.502 4.251
431.773 11.851
432.044 14.451
432.315 22.851
432.586 28.451
432.858 24.051
433.129 15.251
433.400 8.051
433.671 -0.749
433.942 -7.949
434.213 -12.949
434.484 -15.549
434.755 -14.349
435.027 -3.749
435.298 7.451
435.569 12.851
435.840 18.251
436.114 21.051
436.388 9.251
436.663 -0.349
436.937 -5.348
437.211 -7.748
437.485 -4.548
437.759 5.252
438.034 8.052
438.308 9.852
438.582 14.052
438.856 11.452
439.130 3.852
439.405 2.052
439.679 -1.748
439.953 -8.148
440.227 -7.948
440.501 -2.148
440.776 1.452
441.050 9.252
441.324 22.052
441.598 16.452
441.872 11.252
442.147 8.852
442.421 0.052
442.695 -15.548
442.969 -13.748
443.244 -14.348
443.518 -18.548
443.792 -16.348
444.066 -5.948
444.340 -2.347
444.615 4.053
444.889 13.453
445.163 22.853
445.437 24.653
445.711 28.653
445.986 26.453
446.260 16.453
446.534 8.453
446.808 9.053
447.082 5.653
447.357 5.053
447.631 10.453
447.905 7.253
448.179 0.053
448.453 -3.147
448.728 -5.147
449.002 -0.347
449.276 8.453
449.550 13.053
449.824 12.260
450.099 11.857
450.373 2.103
450.647 -9.238
450.921 -16.200
451.195 -21.140
451.470 -20.747
451.744 -17.568
452.018 -11.421
452.292 -6.280
452.566 -3.101
452.841 -10.374
453.115 -9.381
453.389 -9.379
453.663 -13.303
453.937 -12.309
454.212 -12.480
454.486 -16.391
454.760 -23.435
455.034 -26.955
455.308 -26.168
455.583 -14.436
455.857 -8.958
456.131 -7.387
456.405 -4.641
456.680 -6.789
456.954 -15.586
457.228 -13.043
457.502 -3.076
457.776 1.613
458.051 6.890
458.325 11.196
458.599 7.677
458.873 2.398
459.147 -3.280
459.422 -7.590
459.696 -14.066
459.970 -19.961
460.244 -26.060
460.518 -20.374
460.793 -11.722
461.067 -9.377
461.341 -8.021
461.615 4.187
461.889 0.836
462.164 -12.981
462.438 -11.615
462.712 -4.900
462.986 -7.849
463.260 -9.847
463.535 -7.896
463.809 -8.106
464.083 -16.258
464.357 -23.419
464.631 -26.034
464.906 -25.657
465.180 -21.275
465.454 -8.906
465.728 -2.127
466.002 3.859
466.277 8.848
466.551 4.442
466.825 -6.789
467.099 -12.409
467.373 -14.225
467.648 -12.213
467.922 -3.759
468.196 5.101
468.470 7.712
468.744 12.351
469.019 12.558
469.293 9.549
469.567 8.547
469.841 10.766
470.116 8.747
470.390 8.548
470.664 5.111
470.938 0.460
471.212 -3.575
471.487 -2.969
471.761 -1.762
472.035 -0.551
472.309 0.465
472.583 1.067
472.858 -3.576
473.132 -8.619
473.406 -12.042
473.680 -11.840
473.954 -9.418
474.229 -11.407
474.503 -12.400
474.777 -12.592
475.051 -13.791
475.325 -16.796
475.600 -11.973
475.874 -11.359
476.148 -14.539
476.422 -13.930
476.696 -3.765
476.971 1.613
477.245 -0.560
477.519 3.049
477.793 5.833
478.067 -0.533
478.342 -2.746
478.616 7.345
478.890 12.873
479.164 10.700
479.438 10.500
479.713 4.995
479.987 2.413
480.261 0.438
480.535 0.442
480.809 -4.439
481.084 -1.879
481.358 2.002
481.632 1.217
481.906 5.498
482.180 13.485
482.455 14.265
482.729 2.981
483.003 0.652
483.277 -1.877
483.551 -6.151
483.826 -5.182
484.100 -3.237
484.374 -6.708
484.648 -8.452
484.923 -8.450
485.197 -13.284
485.471 -10.187
485.745 -1.682
486.019 0.834
486.294 2.188
486.568 8.951
486.842 14.948
487.116 16.872
487.390 19.576
487.665 17.642
487.939 12.033
488.213 1.007
488.487 1.409
488.761 7.807
489.036 15.369
489.310 22.351
489.584 27.771
489.858 28.958
490.132 23.165
490.407 19.290
490.681 11.516
490.955 3.340
491.229 -1.518
491.503 -5.787
491.778 -9.485
492.052 -5.398
492.326 3.173
492.600 1.423
492.874 -5.606
493.149 -9.519
493.423 -12.061
493.697 -17.932
493.971 -19.697
494.245 -19.525
494.520 -21.319
494.794 -18.576
495.068 -7.790
495.342 0.857
495.616 16.179
495.891 29.735
496.165 29.343
496.439 29.368
496.713 27.218
496.987 15.217
497.262 8.537
497.536 10.313
497.810 1.840
498.084 -8.411
498.359 -10.978
498.633 -12.359
498.907 -10.382
499.181 -1.897
499.455 10.531
499.730 12.503
500.004 6.389
500.278 0.268
500.552 -7.629
500.826 -20.073
501.101 -21.458
501.375 -12.184
501.649 -2.693
501.923 0.865
502.197 0.068
502.472 -0.732
502.746 -7.660
503.020 -17.944
503.294 -18.339
503.568 -9.633
503.843 -1.717
504.117 0.857
504.391 -1.129
504.665 -2.513
504.939 -9.642
505.214 -10.833
505.488 -1.730
505.762 1.046
506.036 0.454
506.310 5.009
506.585 -4.272
506.859 -16.531
507.133 -17.119
507.407 -16.133
507.681 -12.786
507.956 -3.313
508.230 1.830
508.504 6.355
508.778 7.138
509.052 0.070
509.327 -7.167
509.601 -10.479
509.875 -15.562
510.149 -21.600
510.423 -14.579
510.698 -11.045
510.972 -11.788
511.246 0.013
511.520 13.558
511.795 9.877
512.069 11.818
512.343 14.357
512.617 3.573
512.891 -7.793
513.166 -6.834
513.440 -6.069
513.714 -4.339
513.988 -4.321
514.262 -4.492
514.537 -7.333
514.811 -7.525
515.085 -8.467
515.359 -6.757
515.633 -6.553
515.908 -6.733
516.182 -8.241
516.456 -7.106
516.730 -9.747
517.004 -9.749
517.279 -8.431
517.553 -6.922
517.827 -7.111
518.101 -6.359
518.375 -3.715
518.650 -8.070
518.924 -15.260
519.198 -16.211
519.472 -13.376
519.746 -17.925
520.021 -15.664
520.295 -12.085
520.569 -9.427
520.843 -8.280
521.117 -4.492
521.392 0.830
521.666 3.680
521.940 -1.477
522.214 -8.359
522.488 -10.088
522.763 -9.115
523.037 -8.542
523.311 -9.527
523.585 -9.754
523.859 -7.260
524.134 -11.492
524.408 -15.160
524.682 -11.707
524.956 -3.989
525.231 -3.599
525.505 -4.766
525.779 -4.008
526.053 -3.043
526.327 -4.199
526.602 -3.615
526.876 -8.503
527.150 -14.560
527.424 -17.294
527.698 -20.807
527.973 -24.707
528.247 -22.769
528.521 -17.520
528.795 -12.832
529.069 -6.168
529.344 -5.592
529.618 -4.838
529.892 0.648
530.166 6.160
530.440 2.039
530.715 8.529
530.989 16.394
531.263 18.566
531.537 14.645
531.811 13.264
532.086 10.907
532.360 7.955
532.634 -0.136
532.908 -8.636
533.182 -14.976
533.457 -15.563
533.731 -14.771
534.005 -10.423
534.279 -5.874
534.553 -0.531
534.828 3.240
535.102 8.798
535.376 11.977
535.650 9.396
535.924 13.165
536.199 7.411
536.473 -0.524
536.747 -5.489
537.021 -2.116
537.295 -5.886
537.570 -4.894
537.844 -2.116
538.118 -5.090
538.392 -10.050
538.666 -10.050
538.941 -5.888
539.215 -6.684
539.489 -3.308
539.763 3.435
540.038 8.392
540.312 3.239
540.586 1.655
540.860 0.070
541.134 -7.256
541.409 -14.972
541.683 -16.950
541.957 -15.169
542.231 -13.186
542.505 -11.195
542.780 -3.487
543.054 0.464
543.328 0.659
543.602 0.661
543.876 6.186
544.151 7.946
544.425 12.281
544.699 21.138
544.973 27.039
545.247 27.822
545.522 27.027
545.796 27.005
546.070 25.610
546.351 23.251
546.632 20.104
546.912 13.626
547.193 5.972
547.474 1.833
547.755 3.390
548.036 6.526
548.317 14.756
548.597 23.967
548.878 23.183
549.159 14.573
549.440 9.091
549.721 -0.895
550.001 -10.491
550.282 -8.733
550.563 0.852
550.844 4.765
551.125 8.288
551.406 10.245
551.686 4.766
551.967 -1.494
552.248 -1.886
552.529 -1.885
552.810 -3.445
553.090 -7.550
553.371 -6.769
553.652 -7.941
553.933 -12.042
554.214 -10.287
554.495 -8.336
554.775 -7.749
555.056 -8.730
555.337 -6.982
555.618 -8.745
555.899 -10.504
556.179 -11.092
556.460 -2.284
556.741 5.547
557.022 3.201
557.303 3.589
557.584 -1.122
557.864 -11.699
558.145 -17.772
558.426 -13.861
558.707 -10.730
558.988 -5.035
559.268 -0.121
559.549 2.636
559.830 -0.520
560.111 -3.672
560.392 -7.413
560.673 -8.991
560.953 -4.850
561.234 4.618
561.515 12.512
561.796 13.488
562.077 4.784
562.357 -2.521
562.638 -3.478
562.919 -3.056
563.200 2.108
563.481 14.996
563.762 20.363
564.042 14.207
564.323 7.242
564.604 4.851
564.885 -1.720
565.166 -2.519
565.446 -0.727
565.727 -2.712
566.008 -4.106
566.289 3.655
566.570 6.043
566.851 3.051
567.131 7.430
567.412 13.042
567.693 6.062
567.974 -5.351
568.255 -5.571
568.535 -8.791
568.816 -20.049
569.097 -17.437
569.378 -8.187
569.659 -8.377
569.940 -7.760
570.220 -4.920
570.501 -8.128
570.782 -13.745
571.063 -14.546
571.344 -14.752
571.624 -20.403
571.905 -25.862
572.186 -20.432
572.467 -10.151
572.748 -3.489
573.029 6.785
573.309 14.447
573.590 8.568
573.871 4.334
574.152 3.529
574.433 3.730
574.713 10.012
574.994 20.952
575.275 21.543
575.556 18.293
575.837 14.651
576.118 4.935
576.398 -6.798
576.679 -8.612
576.960 5.194
577.245 18.999
577.531 24.677
577.816 24.440
578.102 16.897
578.387 -0.796
578.672 -23.425
578.958 -31.376
579.243 -28.513
579.529 -26.441
579.814 -20.132
580.099 -8.286
580.385 -1.577
580.670 2.233
580.956 3.901
581.241 0.092
581.526 -9.847
581.812 -18.004
582.097 -18.002
582.382 -20.987
582.668 -21.587
582.953 -12.848
583.239 -6.087
583.524 -12.028
583.809 -7.635
584.095 -7.012
584.380 -9.149
584.666 -12.446
584.951 -14.521
585.236 -14.505
585.522 -9.839
585.807 -10.603
586.093 -11.570
586.378 -2.446
586.663 8.814
586.949 8.238
587.234 8.435
587.520 9.025
587.805 3.206
588.090 -6.310
588.376 -9.995
588.661 -9.796
588.947 1.624
589.232 6.844
589.517 2.395
589.803 4.328
590.088 6.843
590.374 -6.105
590.659 -13.830
590.944 -10.734
591.230 -8.801
591.515 -8.801
591.800 0.847
592.086 10.298
592.371 13.770
592.657 13.379
592.942 11.066
593.227 3.355
593.513 -0.306
593.798 0.651
594.084 1.998
594.369 7.591
594.654 13.947
594.940 17.030
595.225 14.721
595.511 6.436
595.796 -0.111
596.081 -0.498
596.367 -1.852
596.652 0.642
596.938 11.612
597.223 21.426
597.508 24.306
597.794 22.767
598.079 22.775
598.365 19.118
598.650 10.077
598.935 2.774
599.221 6.813
599.506 5.658
599.792 3.930
600.077 8.350
600.362 12.007
600.648 12.590
600.933 16.825
601.218 19.905
601.504 19.330
601.789 9.696
602.075 -0.896
602.360 -5.323
602.645 -10.136
602.931 -14.179
603.216 -9.750
603.502 -3.585
603.787 -0.875
604.072 1.248
604.358 4.714
604.643 5.869
604.929 1.432
605.214 -8.612
605.499 -13.828
605.785 -11.506
606.070 -5.511
606.356 3.773
606.641 12.286
606.926 16.345
607.212 14.025
607.497 12.290
607.783 11.148
608.068 8.633
608.353 7.856
608.639 4.355
608.924 2.606
609.210 -9.277
609.495 -12.788
609.780 -10.251
610.066 -12.416
610.351 -16.526
610.636 -11.458
610.922 -9.310
611.207 -13.616
611.493 -5.589
611.778 -4.426
612.063 -7.768
612.349 -13.275
612.634 -12.694
612.920 -15.835
613.205 -17.223
613.490 -16.257
613.776 -8.582
614.061 -5.035
614.347 -4.839
614.632 1.866
614.917 5.806
615.203 6.804
615.488 7.804
615.774 7.010
616.059 9.209
616.344 9.209
616.630 6.835
616.915 9.030
617.201 15.195
617.486 11.623
617.771 8.033
618.057 5.044
618.342 1.870
618.627 -3.703
618.913 -7.293
619.198 -4.302
619.484 -2.909
619.769 -6.705
620.054 -5.506
620.340 -0.709
620.625 5.500
620.911 10.107
621.196 10.300
621.481 7.294
621.767 3.484
622.052 -2.932
622.338 -3.926
622.623 1.302
622.908 5.925
623.194 3.102
623.479 -1.336
623.765 -4.756
624.050 -13.424
624.335 -13.217
624.621 -0.907
624.906 11.008
625.192 9.189
625.477 11.198
625.762 8.169
626.048 -0.520
626.333 -10.234
626.619 -9.026
626.904 -2.128
627.189 -3.350
627.475 -8.236
627.760 -4.180
628.045 -0.105
628.331 -1.723
628.616 -1.523
628.902 6.214
629.187 8.257
629.472 5.601
629.758 2.747
630.043 -3.938
630.329 -10.630
630.614 -12.479
630.899 -8.865
631.185 -8.252
631.470 -5.124
631.756 -0.671
632.041 7.618
632.326 10.900
632.612 14.622
632.897 24.680
633.183 22.354
633.468 14.216
633.753 7.319
634.039 3.030
634.324 1.576
634.610 5.237
634.895 -1.588
635.180 -4.599
635.466 -0.840
635.751 -5.766
636.037 -4.491
636.322 1.914
636.607 2.895
636.893 -1.018
637.178 0.837
637.463 0.799
637.749 1.335
638.034 5.185
638.320 8.644
638.605 10.991
638.890 15.675
639.176 15.304
639.461 12.040
639.747 6.250
640.032 4.436
640.317 2.603
640.603 -3.713
640.888 -10.204
641.174 -10.381
641.459 -12.185
641.744 -15.426
642.030 -10.377
642.315 -0.270
642.601 7.504
642.886 4.060
643.171 -1.006
643.457 -3.188
643.742 -7.542
644.028 -9.344
644.313 -0.623
644.598 8.481
644.884 13.767
645.169 18.874
645.455 13.946
645.740 4.621
646.025 -8.018
646.311 -12.968
646.596 -12.206
646.881 -5.760
647.167 -0.064
647.452 7.480
647.738 8.946
648.023 10.088
648.308 10.114
648.594 8.631
648.879 9.755
649.165 13.669
649.450 12.019
649.735 11.668
650.021 15.598
650.306 17.863
650.592 22.579
650.877 18.837
651.162 11.709
651.448 13.051
651.733 9.303
652.019 -0.096
652.304 2.362
652.589 12.008
652.875 12.609
653.160 12.042
653.446 12.603
653.731 14.138
654.016 18.549
654.302 20.304
654.587 22.216
654.873 22.403
655.158 21.467
655.443 15.599
655.729 8.724
656.014 10.854
656.299 17.400
656.585 14.714
656.870 6.827
657.156 4.319
657.441 -0.304
657.726 -9.572
658.012 -11.513
658.297 -5.320
658.583 4.382
658.868 10.605
659.153 18.967
659.439 27.338
659.724 26.579
660.010 21.142
660.295 18.625
660.580 21.768
660.866 18.472
661.151 13.383
661.437 12.806
661.722 17.532
662.007 14.428
662.293 14.243
662.578 23.103
662.864 27.242
663.149 24.318
663.434 22.960
663.720 26.529
664.005 21.403
664.290 23.218
664.576 26.815
664.861 25.045
665.147 24.872
665.432 30.637
665.717 31.056
666.003 35.456
666.288 46.594
666.574 44.826
666.859 53.014
667.144 57.220
667.430 56.250
667.715 51.711
668.001 51.720
668.286 48.368
668.571 48.016
668.857 46.864
669.142 54.281
669.428 60.290
669.713 52.506
669.998 42.509
670.284 34.715
670.569 25.134
670.855 23.561
671.140 28.784
671.425 41.424
671.711 48.669
671.996 54.109
672.282 58.763
672.567 66.839
672.852 70.925
673.138 80.432
673.423 83.275
673.708 80.480
673.994 79.305
674.279 77.728
674.565 75.361
674.850 79.850
675.135 96.235
675.421 106.772
675.706 108.424
675.992 109.435
676.277 112.308
676.562 102.039
676.848 88.125
677.133 85.496
677.419 84.133
677.704 85.214
677.989 91.763
678.275 104.162
678.560 111.333
678.846 118.027
679.131 118.230
679.416 121.912
679.702 122.396
679.987 128.343
680.273 134.519
680.558 141.515
680.843 146.661
681.129 153.376
681.414 154.220
681.700 150.584
681.985 149.800
682.270 148.641
682.556 144.833
682.841 150.536
683.126 161.127
683.412 162.962
683.697 165.173
683.983 178.790
684.268 186.165
684.553 190.773
684.839 203.050
685.124 212.020
685.410 212.224
685.695 215.236
685.980 210.258
686.266 205.117
686.551 214.291
686.837 231.868
687.122 245.982
687.407 265.089
687.693 282.566
687.978 290.600
688.264 292.575
688.549 301.680
688.834 311.323
689.120 317.980
689.405 326.794
689.691 336.077
689.976 337.419
690.261 344.663
690.547 354.688
690.832 365.290
691.118 376.768
691.403 388.044
691.688 399.076
691.974 407.681
692.259 416.217
692.544 421.220
692.830 422.588
693.115 426.835
693.401 440.193
693.686 452.127
693.971 468.685
694.257 497.461
694.542 520.179
694.828 532.584
695.113 540.656
695.398 551.513
695.684 553.188
695.969 567.251
696.255 592.123
696.540 613.070
696.834 633.522
697.127 664.162
697.421 678.231
697.715 688.530
698.008 710.869
698.302 726.581
698.596 734.364
698.889 754.507
699.183 782.020
699.477 807.392
699.771 839.755
700.064 865.874
700.358 888.733
700.652 909.604
700.945 935.378
701.239 961.143
701.533 996.282
701.826 1041.755
702.120 1085.045
702.414 1123.286
702.707 1158.881
703.001 1197.314
703.295 1237.022
703.588 1273.631
703.882 1311.843
704.176 1359.726
704.469 1412.894
704.763 1455.619
705.057 1498.578
705.351 1548.714
705.644 1606.105
705.938 1670.650
706.232 1737.958
706.525 1812.611
706.819 1881.847
707.113 1935.944
707.406 1986.993
707.700 2040.991
707.994 2091.175
708.287 2147.253
708.581 2217.218
708.875 2287.179
709.168 2358.913
709.462 2435.798
709.756 2512.866
710.049 2588.854
710.343 2663.429
710.637 2743.919
710.931 2823.221
711.224 2900.727
711.518 2975.432
711.812 3054.045
712.105 3129.316
712.399 3211.206
712.693 3301.846
712.986 3401.059
713.280 3490.298
713.574 3577.643
713.867 3673.678
714.161 3759.816
714.455 3841.700
714.748 3935.532
715.042 4036.516
715.336 4137.134
715.629 4247.544
715.923 4363.341
716.217 4484.404
716.511 4608.165
716.804 4722.904
717.098 4831.385
717.392 4941.476
717.685 5053.127
717.979 5168.089
718.273 5284.072
718.566 5411.811
718.860 5538.836
719.154 5664.071
719.447 5795.363
719.741 5934.351
720.035 6057.573
720.328 6184.306
720.622 6317.161
720.916 6445.425
721.209 6575.246
721.503 6733.674
721.797 6908.766
722.091 7073.940
722.384 7243.381
722.678 7423.111
722.972 7587.268
723.265 7738.408
723.559 7910.946
723.853 8088.483
724.146 8248.076
724.440 8424.786
724.734 8612.010
725.027 8799.078
725.321 8981.370
725.615 9184.082
725.908 9368.743
726.202 9542.570
726.496 9729.813
726.789 9922.213
727.083 10121.013
727.377 10345.352
727.671 10560.725
727.964 10760.925
728.258 10963.194
728.552 11165.826
728.845 11371.733
729.139 11613.223
729.433 11880.016
729.726 12147.091
730.020 12412.968
730.314 12664.945
730.607 12916.581
730.901 13168.277
731.195 13426.907
731.488 13679.202
731.782 13955.404
732.076 14225.387
732.369 14478.305
732.663 14729.809
732.957 14998.018
733.251 15274.119
733.544 15547.987
733.838 15828.433
734.132 16109.245
734.425 16398.152
734.719 16667.348
735.013 16931.487
735.306 17196.554
735.600 17480.575
735.894 17776.324
736.187 18042.630
736.481 18302.153
736.775 18568.792
737.068 18809.300
737.362 19008.233
737.656 19229.568
737.949 19455.527
738.243 19648.467
738.537 19843.345
738.831 20023.804
739.124 20175.251
739.418 20307.787
739.712 20394.873
740.005 20470.982
740.299 20518.484
740.593 20550.983
740.886 20539.985
741.180 20522.235
741.474 20447.334
741.767 20365.679
742.061 20240.286
742.355 20110.313
742.648 19979.517
742.942 19829.053
743.236 19654.060
743.529 19466.921
743.823 19237.370
744.117 18983.530
744.411 18702.444
744.704 18399.318
744.998 18096.144
745.292 17771.616
745.585 17427.390
745.879 17108.471
746.173 16782.762
746.466 16415.244
746.760 16046.243
747.054 15664.872
747.347 15275.123
747.641 14886.229
747.935 14500.255
748.228 14128.505
748.522 13748.932
748.816 13340.213
749.109 12938.238
749.403 12546.247
749.697 12161.958
749.991 11796.414
750.284 11449.802
750.578 11085.623
750.872 10743.129
751.165 10398.450
751.459 10042.500
751.753 9690.138
752.046 9354.215
752.340 9019.502
752.634 8682.700
752.927 8368.107
753.221 8069.854
753.515 7769.751
753.808 7468.879
754.102 7193.231
754.396 6923.035
754.689 6640.590
754.983 6367.246
755.277 6117.529
755.571 5862.364
755.864 5610.948
756.158 5385.274
756.452 5172.904
756.745 4968.669
757.039 4777.704
757.333 4589.079
757.626 4399.353
757.920 4213.846
758.214 4032.943
758.507 3845.575
758.801 3681.070
759.095 3527.323
759.388 3381.831
759.682 3236.047
759.976 3105.280
760.269 2969.482
760.563 2832.533
760.857 2701.089
761.151 2583.520
761.444 2478.470
761.738 2370.525
762.032 2261.200
762.325 2165.009
762.619 2072.420
762.913 1976.963
763.206 1898.253
763.500 1826.625
763.798 1744.970
764.097 1652.836
764.395 1569.931
764.693 1484.931
764.992 1419.892
765.290 1362.295
765.588 1307.819
765.887 1256.011
766.185 1210.575
766.483 1154.918
766.782 1099.897
767.080 1059.781
767.378 1013.985
767.677 967.634
767.975 928.033
768.273 892.720
768.571 855.793
768.870 824.542
769.168 786.285
769.466 750.018
769.765 717.602
770.063 679.849
770.361 646.950
770.660 625.800
770.958 604.037
771.256 585.207
771.555 565.716
771.853 539.433
772.151 517.885
772.450 492.683
772.748 459.302
773.046 440.334
773.345 426.453
773.643 404.309
773.941 379.470
774.240 372.156
774.538 362.302
774.836 341.005
775.135 322.932
775.433 310.057
775.731 290.521
776.030 266.543
776.328 253.444
776.626 249.609
776.925 248.117
777.223 242.401
777.521 235.939
777.819 235.434
778.118 227.786
778.416 208.502
778.714 194.600
779.013 178.922
779.311 161.905
779.609 151.411
779.908 154.625
780.206 158.200
780.504 160.100
780.803 153.127
781.101 140.801
781.399 131.472
781.698 114.049
781.996 97.025
782.294 96.074
782.593 100.473
782.891 92.903
783.189 92.668
783.488 99.633
783.786 97.067
784.084 88.908
784.383 81.156
784.681 70.265
784.979 58.749
785.278 53.639
785.576 51.921
785.874 53.138
786.173 58.126
786.471 62.557
786.769 65.389
787.068 64.216
787.366 63.853
787.664 51.866
787.962 40.460
788.261 31.671
788.559 31.940
788.857 34.161
789.156 41.211
789.454 51.097
789.752 56.769
790.051 49.128
790.349 46.156
790.647 51.633
790.946 49.048
791.244 42.426
791.542 46.108
791.841 49.603
792.139 45.201
792.437 42.398
792.736 47.294
793.034 38.981
793.332 28.427
793.631 31.304
793.929 40.302
794.227 40.132
794.526 43.608
794.824 41.978
795.122 29.959
795.421 18.947
795.719 11.618
796.017 6.311
796.316 10.006
796.614 16.786
796.912 16.194
797.211 16.621
797.509 23.016
797.807 25.712
798.105 21.196
798.404 17.698
798.702 17.723
799.000 11.322
799.299 -0.252
799.597 4.950
799.895 12.427
800.194 17.637
800.492 24.518
800.790 32.412
801.089 25.558
801.387 23.939
801.685 24.416
801.984 21.934
802.282 16.281
802.580 13.553
802.879 6.013
803.177 0.816
803.475 1.052
803.774 9.269
804.072 17.282
804.370 16.425
804.669 5.849
804.967 -1.760
805.265 -2.785
805.564 -4.660
805.862 -0.626
806.160 9.580
806.459 16.397
806.757 17.928
807.055 17.735
807.353 22.023
807.652 22.489
807.950 21.649
808.248 12.840
808.547 8.971
808.845 15.108
809.143 20.338
809.442 22.091
809.740 22.287
810.038 24.242
810.337 13.635
810.635 1.697
810.933 -5.270
811.232 1.947
811.530 4.603
811.831 6.163
812.132 13.446
812.432 22.720
812.733 24.329
813.034 26.376
813.335 25.290
813.636 16.170
813.936 11.096
814.237 9.353
814.538 0.199
814.839 -1.809
815.140 5.822
815.440 1.315
815.741 0.657
816.042 12.383
816.343 9.441
816.644 4.930
816.945 11.732
817.245 9.937
817.546 3.615
817.847 13.358
818.148 23.358
818.449 23.798
818.749 21.532
819.050 20.849
819.351 13.821
819.652 3.374
819.953 3.596
820.253 9.674
820.554 11.024
820.855 13.957
821.156 17.335
821.457 11.241
821.757 6.290
822.058 8.948
822.359 16.489
822.660 19.601
822.961 20.502
823.261 15.370
823.562 11.118
823.863 3.985
824.164 1.952
824.465 4.610
824.765 10.835
825.066 13.904
825.367 20.236
825.668 22.824
825.969 26.949
826.269 27.152
826.570 25.800
826.871 15.928
827.172 7.855
827.473 -4.969
827.774 -11.477
828.074 -19.916
828.375 -27.849
828.676 -29.757
828.977 -21.334
829.278 -21.055
829.578 -21.403
829.879 -9.844
830.180 0.174
830.481 -0.267
830.782 -2.127
831.082 -3.132
831.383 -6.738
831.684 -13.930
831.985 -14.785
832.286 -5.937
832.586 0.400
832.887 5.401
833.188 5.003
833.489 3.965
833.790 -2.039
834.090 -3.881
834.391 -10.301
834.692 -10.483
834.993 -7.003
835.294 2.413
835.594 6.912
835.895 9.973
836.196 13.230
836.497 14.398
836.798 10.888
837.099 11.253
837.399 17.405
837.700 23.923
838.001 22.463
838.302 22.025
838.603 21.596
838.903 13.841
839.204 3.149
839.505 2.366
839.806 3.771
840.107 4.203
840.407 7.612
840.708 13.198
841.009 15.686
841.310 13.332
841.611 12.371
841.911 13.072
842.212 13.584
842.513 12.251
842.814 15.451
843.115 15.716
843.415 19.680
843.716 25.149
844.017 23.293
844.318 16.019
844.619 14.758
844.919 11.026
845.220 2.646
845.521 0.679
845.822 5.522
846.123 8.004
846.423 6.963
846.724 11.923
847.025 19.810
847.326 15.984
847.627 12.158
847.928 16.047
848.228 16.113
848.529 12.309
848.830 8.629
849.131 7.477
849.432 -0.944
849.732 -7.331
850.033 -8.697
850.334 -6.629
850.635 -7.304
850.936 0.222
851.236 -1.821
851.537 -10.238
851.838 -5.905
852.139 -1.132
852.440 -9.761
852.740 -2.743
853.041 10.161
853.342 9.706
853.643 2.950
853.944 3.200
854.244 -3.306
854.545 -12.278
854.846 -11.839
855.147 -13.529
855.448 -15.680
855.748 -7.762
856.049 5.800
856.350 5.353
856.651 6.362
856.952 11.196
857.253 10.656
857.553 6.367
857.854 10.187
858.155 16.432
858.456 16.220
858.757 9.833
859.057 -0.759
859.358 -8.752
859.659 -12.293
859.960 -10.640
860.261 -9.370
860.561 -14.793
860.862 -18.986
861.163 -16.090
861.464 -18.342
861.765 -17.327
862.065 -5.930
862.366 3.809
862.667 4.796
862.968 2.029
863.269 -2.328
863.569 -3.936
863.870 -4.355
864.171 -3.009
864.472 0.371
864.773 4.122
865.073 9.714
865.374 12.195
865.675 10.234
865.976 7.365
866.277 5.458
866.577 -0.336
866.878 2.458
867.179 6.419
867.480 8.916
867.781 5.000
868.082 2.375
868.382 -5.200
868.683 -10.112
868.984 -11.784
869.285 -7.640
869.586 -2.789
869.886 -1.295
870.187 -0.736
870.488 1.869
870.789 0.600
871.090 -6.969
871.390 -10.838
871.691 -8.815
871.992 -9.183
872.293 -6.052
872.594 2.403
872.894 8.644
873.195 0.764
873.496 -1.068
873.797 -1.982
874.098 -1.632
874.398 -2.546
874.699 3.492
875.000 8.429
875.301 10.435
875.602 8.055
875.902 6.772
876.203 7.499
876.504 1.479
876.805 -3.071
877.106 -2.162
877.407 2.930
877.707 3.473
878.008 4.391
878.309 8.212
878.610 5.488
878.911 -4.493
879.211 -3.772
879.512 3.856
879.813 6.399
880.114 10.209
880.415 17.096
880.715 12.749
881.016 4.942
881.317 6.202
881.618 4.932
881.919 0.027
882.219 3.111
882.520 4.925
882.821 3.111
883.122 0.572
883.423 -3.577
883.723 -1.585
884.024 5.668
884.325 9.119
884.626 8.939
884.927 17.077
885.227 14.899
885.528 2.765
885.829 -1.048
886.130 8.355
886.431 7.633
886.731 5.277
887.032 7.070
887.333 1.636
887.634 -11.032
887.935 -9.219
888.236 -2.518
888.536 7.262
888.837 13.962
889.138 17.589
889.439 15.779
889.740 14.866
890.040 10.897
890.341 6.011
890.642 3.283
890.943 0.199
891.244 -2.865
891.544 0.402
891.845 6.935
892.146 6.580
892.447 11.671
892.748 15.313
893.048 13.502
893.349 8.238
893.650 15.509
893.951 16.977
894.252 8.783
894.552 2.229
894.853 3.510
895.154 -0.681
895.455 0.256
895.756 3.538
896.056 3.516
896.357 2.971
896.658 6.103
896.959 0.971
897.260 1.340
897.561 4.473
897.861 0.779
898.162 -6.241
898.463 -9.942
898.764 -10.867
899.065 -13.469
899.365 -15.340
899.666 -12.757
899.967 -7.553
900.268 -6.996
900.569 -3.453
900.869 3.062
901.170 9.235
901.471 12.810
901.772 16.570
902.073 12.619
902.373 6.039
902.674 0.785
902.975 -2.580
903.276 -2.369
903.577 -0.296
903.877 0.986
904.178 4.596
904.479 13.943
904.780 19.152
905.081 30.047
905.381 43.580
905.682 45.107
905.983 38.271
906.284 33.312
906.585 28.746
906.885 24.607
907.186 21.382
907.487 16.017
907.788 23.006
908.089 20.537
908.390 22.108
908.690 24.252
908.991 26.576
909.292 17.503
909.593 16.358
909.894 12.515
910.194 11.760
910.495 13.728
910.796 22.783
911.097 32.003
911.398 36.164
911.698 40.906
911.999 41.714
912.300 25.592
912.607 12.251
912.915 0.613
913.222 -10.634
913.529 -11.394
913.837 1.909
914.144 7.472
914.451 15.213
914.759 25.160
915.066 22.386
915.374 19.220
915.681 17.241
915.988 7.026
916.296 0.441
916.603 3.876
916.910 0.693
917.218 3.532
917.525 14.024
917.832 18.885
918.140 18.302
918.447 17.912
918.754 21.612
919.062 25.697
919.369 36.718
919.677 44.495
919.984 44.507
920.291 43.512
920.599 43.955
920.906 32.594
921.213 21.781
921.521 19.733
921.828 9.086
922.135 3.792
922.443 5.023
922.750 4.201
923.057 8.539
923.365 19.904
923.672 21.163
923.980 16.227
924.287 20.569
924.594 14.780
924.902 7.965
925.209 13.618
925.516 23.193
925.824 28.848
926.131 42.991
926.438 55.310
926.746 55.352
927.053 55.185
927.360 49.581
927.668 34.997
927.975 29.830
928.283 27.368
928.590 21.558
928.897 22.437
929.205 28.109
929.512 29.400
929.819 31.567
930.127 32.197
930.434 32.006
930.741 39.883
931.049 42.767
931.356 38.785
931.663 36.282
931.971 41.703
932.278 43.152
932.586 37.668
932.893 44.446
933.200 63.108
933.508 61.748
933.815 52.566
934.122 47.660
934.430 38.205
934.737 21.383
935.044 17.571
935.352 24.619
935.659 34.837
935.966 40.165
936.274 38.007
936.581 33.099
936.889 25.796
937.196 18.522
937.503 22.351
937.811 32.102
938.118 41.855
938.425 50.124
938.733 58.243
939.040 70.798
939.347 76.303
939.655 80.036
939.962 81.647
940.269 77.566
940.577 72.209
940.884 78.891
941.191 82.477
941.499 92.815
941.806 110.675
942.114 112.343
942.421 116.042
942.728 133.033
943.036 145.827
943.343 151.854
943.650 158.681
943.958 164.534
944.265 163.518
944.572 156.458
944.880 166.703
945.187 174.005
945.494 169.893
945.802 171.780
946.109 177.680
946.417 172.499
946.724 176.231
947.031 188.013
947.339 202.655
947.646 217.257
947.953 227.760
948.261 233.334
948.568 246.015
948.875 249.439
949.183 255.884
949.490 260.030
949.797 274.057
950.105 289.210
950.412 307.131
950.720 321.090
951.027 333.707
951.334 340.951
951.642 342.023
951.949 340.530
952.256 346.546
952.564 370.766
952.871 392.278
953.178 403.085
953.486 419.410
953.793 436.368
954.100 439.489
954.408 436.679
954.715 442.025
955.023 454.116
955.330 468.211
955.637 482.526
955.945 504.147
956.252 524.323
956.559 530.529
956.867 526.515
957.174 519.808
957.481 519.607
957.789 524.407
958.096 530.040
958.403 530.655
958.711 544.069
959.018 553.540
959.326 551.038
959.633 556.372
959.940 574.984
960.248 580.099
960.555 584.925
960.862 595.498
961.170 596.531
961.477 593.406
961.784 596.429
962.092 594.292
962.399 595.607
962.706 601.857
963.014 608.494
963.321 613.491
963.629 618.651
963.936 623.180
964.243 625.615
964.551 619.765
964.858 612.328
965.165 607.882
965.473 594.672
965.780 578.027
966.092 571.567
966.404 563.789
966.716 554.800
967.028 552.729
967.340 556.064
967.652 551.108
967.964 545.397
968.276 540.240
968.588 538.166
968.900 531.418
969.212 526.707
969.524 518.753
969.836 507.422
970.148 494.577
970.460 481.299
970.772 472.935
971.084 473.048
971.396 469.929
971.708 464.690
972.020 459.374
972.332 440.114
972.644 415.775
972.956 405.997
973.268 404.784
973.580 398.582
973.892 397.292
974.204 398.689
974.516 395.627
974.828 389.943
975.140 384.965
975.452 373.401
975.764 364.980
976.076 352.174
976.388 327.967
976.700 314.208
977.012 312.376
977.324 307.454
977.636 309.921
977.948 311.364
978.260 305.879
978.572 294.433
978.884 280.679
979.196 263.137
979.508 254.116
979.820 252.029
980.132 250.237
980.444 246.199
980.756 240.959
981.068 232.162
981.380 215.082
981.692 207.740
982.004 210.102
982.316 209.210
982.628 209.892
982.940 212.692
983.252 208.190
983.564 196.064
983.876 187.831
984.188 181.559
984.500 176.990
984.812 165.819
985.124 160.926
985.436 160.965
985.748 155.233
986.060 152.791
986.372 154.438
986.684 135.088
986.996 114.002
987.308 106.146
987.620 100.052
987.932 99.955
988.244 111.412
988.556 118.654
988.868 116.972
989.180 114.870
989.492 115.085
989.804 115.864
990.116 111.374
990.428 109.220
990.740 106.665
991.052 103.678
991.364 99.205
991.676 107.211
991.988 111.640
992.300 108.892
992.612 104.751
992.924 98.364
993.236 84.616
993.548 81.850
993.860 82.004
994.172 73.278
994.484 71.227
994.796 71.879
995.108 55.505
995.420 47.332
995.732 50.475
996.044 49.057
996.356 46.796
996.668 53.679
996.980 56.200
997.292 55.971
997.604 57.886
997.916 59.606
998.228 64.373
998.540 62.474
998.852 61.013
999.164 64.489
999.476 60.655
999.788 54.635
1000.100 54.506
1000.412 51.913
1000.724 47.905
1001.036 46.592
1001.348 43.165
1001.660 44.043
1001.972 44.532
1002.284 39.560
1002.596 39.155
1002.908 36.160
1003.220 28.368
1003.532 28.765
1003.844 34.335
1004.156 39.121
1004.468 47.161
1004.780 51.252
1005.092 44.562
1005.404 39.643
1005.716 33.117
1006.028 28.722
1006.340 36.930
1006.652 42.544
1006.964 44.900
1007.276 43.624
1007.588 37.162
1007.900 19.688
1008.212 14.689
1008.524 8.867
1008.836 3.284
1009.148 8.400
1009.460 17.167
1009.772 12.041
1010.084 8.183
1010.396 9.682
1010.708 7.511
1011.020 5.525
1011.332 10.801
1011.644 10.846
1011.956 11.912
1012.268 20.260
1012.580 21.071
1012.892 22.507
1013.204 30.278
1013.516 37.191
1013.828 29.834
1014.140 22.479
1014.452 20.746
1014.764 15.292
1015.076 7.563
1015.388 5.868
1015.700 2.583
1016.012 -6.906
1016.324 1.080
1016.636 9.121
1016.948 10.540
1017.260 23.244
1017.572 40.672
1017.884 38.239
1018.196 32.873
1018.508 30.816
1018.820 22.226
1019.132 7.277
1019.444 0.919
1019.756 3.339
1020.068 4.939
1020.380 6.156
1020.692 7.388
1021.004 9.214
1021.316 5.357
1021.628 2.332
1021.940 1.518
1022.252 8.195
1022.564 10.426
1022.876 6.989
1023.188 3.138
1023.500 4.748
1023.812 0.102
1024.124 -4.965
1024.436 -4.777
1024.748 -8.019
1025.060 -14.655
1025.372 -13.662
1025.684 -13.649
1025.996 -17.453
1026.308 -15.215
1026.620 -9.175
1026.932 -8.145
1027.244 -6.131
1027.556 -2.104
1027.868 1.942
1028.180 3.341
1028.492 2.714
1028.804 3.722
1029.116 7.756
1029.428 11.354
1029.740 3.735
1030.052 -5.667
1030.364 -7.075
1030.676 -8.676
1030.988 -11.273
1031.300 -6.070
1031.612 3.532
1031.924 6.918
1032.236 6.719
1032.548 -0.831
1032.860 0.554
1033.172 2.747
1033.484 2.963
1033.796 7.363
1034.108 15.317
1034.420 14.137
1034.732 14.938
1035.044 9.939
1035.356 2.140
1035.668 -6.459
1035.980 -14.457
1036.292 -22.856
1036.604 -15.255
1036.916 -13.054
1037.228 -14.853
1037.540 -11.652
1037.852 -5.051
1038.164 -6.050
1038.476 -1.649
1038.788 4.352
1039.100 9.153
1039.412 12.554
1039.724 13.555
1040.036 16.357
1040.348 23.358
1040.660 22.359
1040.972 14.560
1041.284 4.361
1041.596 -0.238
1041.908 -1.037
1042.220 0.764
1042.532 2.765
1042.844 4.767
1043.156 3.368
1043.468 1.769
1043.780 -2.430
1044.092 -6.429
1044.404 1.172
1044.716 3.773
1045.028 1.975
1045.340 3.176
1045.652 10.177
1045.964 9.978
1046.276 11.179
1046.588 11.980
1046.900 12.381
1047.212 8.383
1047.524 5.984
1047.836 5.185
1048.148 3.386
1048.460 1.587
1048.772 2.388
1049.084 1.190
1049.396 -0.609
1049.708 5.792
1050.020 13.793
1050.332 12.994
1050.644 9.396
1050.956 8.797
1051.268 -1.802
1051.580 -9.801
1051.892 -10.400
1052.204 -1.998
1052.516 3.203
1052.828 11.404
1053.140 15.005
1053.452 13.006
1053.764 5.208
1054.076 -0.991
1054.388 -6.390
1054.700 -11.789
1055.012 -11.187
1055.324 -5.186
1055.636 -2.785
1055.948 -0.384
1056.260 3.618
1056.572 5.819
1056.884 2.420
1057.196 -5.179
1057.508 -6.977
1057.820 -1.576
1058.132 3.025
1058.444 -2.573
1058.756 -1.772
1059.068 -0.971
1059.380 1.630
1059.692 6.232
1060.004 13.633
1060.316 14.034
1060.628 9.836
1060.940 -0.363
1061.252 -8.562
1061.564 -16.361
1061.876 -15.159
1062.188 -10.558
1062.500 -11.557
1062.812 -19.755
1063.124 -16.554
1063.436 -10.553
1063.748 -4.551
1064.060 0.050
1064.372 7.851
1064.684 12.453
1064.996 13.854
1065.308 6.455
1065.620 5.857
1065.932 0.858
1066.244 -6.740
1066.556 -13.539
1066.868 -16.338
1067.180 -16.336
1067.492 -12.135
1067.804 -9.934
1068.116 -5.932
1068.428 8.069
1068.740 8.871
1069.052 3.672
1069.364 2.673
1069.676 -0.725
1069.988 -17.924
1070.300 -25.122
1070.612 -24.121
1070.924 -21.920
1071.236 -17.918
1071.548 -11.517
1071.860 -7.315
1072.172 -3.514
1072.484 -2.912
1072.796 -6.111
1073.108 -2.910
1073.420 -0.308
1073.732 -0.907
1074.044 0.095
1074.356 4.496
1074.668 2.298
1074.980 -4.901
1075.292 -7.699
1075.604 -14.098
1075.916 -21.896
1076.228 -22.295
1076.540 -22.493
1076.852 -22.492
1077.164 -10.490
1077.476 -4.489
1077.788 -3.687
1078.100 6.114
1078.412 11.316
1078.724 3.117
1079.036 2.519
1079.348 4.920
1079.660 2.522
1079.972 5.923
1080.284 10.525
1080.596 12.726
1080.908 9.328
1081.220 3.529
1081.532 -9.469
1081.844 -15.468
1082.156 -20.066
1082.468 -19.864
1082.780 -16.463
1083.092 -5.661
1083.404 3.140
1083.716 8.342
1084.028 11.543
1084.340 13.145
1084.652 7.747
1084.964 -0.252
1085.276 -5.850
1085.588 -7.849
1085.900 -0.847
1086.212 11.355
1086.524 19.956
1086.836 24.758
1087.148 22.759
1087.460 11.161
1087.772 -1.437
1088.084 -10.036
1088.396 -13.834
1088.708 -9.832
1089.020 -0.231
1089.332 1.971
1089.644 6.972
1089.956 11.374
1090.268 4.776
1090.580 -6.623
1090.892 -10.021
1091.204 -12.619
1091.516 -16.018
1091.828 -11.616
1092.140 -3.014
1092.464 -4.212
1092.788 -9.811
1093.112 -13.009
1093.436 -14.007
1093.760 -19.006
1094.084 -16.804
1094.408 -6.602
1094.732 -1.001
1095.056 2.201
1095.380 9.003
1095.703 17.005
1096.027 15.206
1096.351 14.008
1096.675 7.010
1096.999 -6.788
1097.323 -15.587
1097.647 -17.785
1097.971 -22.383
1098.295 -23.381
1098.619 -10.380
1098.943 -6.378
1099.267 -15.576
1099.591 -13.974
1099.915 -6.372
1100.239 -12.771
1100.563 -14.969
1100.887 -8.767
1101.211 -7.565
1101.535 -8.563
1101.859 -4.762
1102.182 -6.160
1102.506 -11.158
1102.830 -10.556
1103.154 -11.754
1103.478 -14.352
1103.802 -4.751
1104.126 11.651
1104.450 16.053
1104.774 13.455
1105.098 14.657
1105.422 12.059
1105.746 2.061
1106.070 -4.337
1106.394 -1.936
1106.718 2.466
1107.042 0.468
1107.366 4.070
1107.690 10.872
1108.014 16.474
1108.338 18.276
1108.662 24.078
1108.985 17.080
1109.309 6.882
1109.633 0.483
1109.957 -2.315
1110.281 -12.713
1110.605 -8.111
1110.929 2.891
1111.253 4.093
1111.577 1.095
1111.901 5.097
1112.225 8.899
1112.549 2.501
1112.873 5.903
1113.197 9.705
1113.521 9.507
1113.845 7.309
1114.169 5.711
1114.493 4.313
1114.817 5.515
1115.141 1.117
1115.464 -2.881
1115.788 -5.479
1116.112 -13.877
1116.436 -15.675
1116.760 -9.673
1117.084 -10.471
1117.408 -4.069
1117.732 1.333
1118.056 -2.865
1118.380 -8.863
1118.704 -8.861
1119.028 -5.459
1119.352 -6.857
1119.676 -10.054
1120.000 -11.052
1120.324 -10.250
1120.648 -9.648
1120.972 1.354
1121.296 6.956
1121.620 14.958
1121.944 22.360
1122.267 19.362
1122.591 11.564
1122.915 9.767
1123.239 2.969
1123.563 -3.829
1123.887 -8.827
1124.211 -15.825
1124.535 -22.623
1124.859 -25.821
1125.183 -34.818
1125.507 -32.416
1125.831 -21.414
1126.155 -13.212
1126.479 -4.610
1126.803 9.792
1127.127 13.795
1127.451 11.397
1127.775 13.199
1128.099 9.201
1128.423 1.403
1128.746 -1.994
1129.070 4.408
1129.394 6.610
1129.718 11.412
1130.042 16.815
1130.366 20.217
1130.690 17.219
1131.014 9.621
1131.338 1.623
1131.662 2.626
1131.986 2.628
1132.310 -1.770
1132.634 4.233
1132.958 11.635
1133.282 9.237
1133.606 0.239
1133.930 -4.758
1134.254 -11.156
1134.578 -16.554
1134.902 -17.151
1135.226 -5.949
1135.549 1.253
1135.873 5.855
1136.197 12.658
1136.521 16.260
1136.845 12.262
1137.169 7.865
1137.493 8.667
1137.817 -1.931
1138.141 -9.728
1138.465 -11.126
1138.789 -9.723
1139.113 -8.521
1139.437 4.881
1139.761 17.084
1140.085 23.686
1140.409 24.088
1140.733 17.291
1141.057 11.693
1141.381 6.696
1141.705 -0.702
1142.028 -3.900
1142.352 -1.497
1142.676 -1.695
1143.000 0.508
1143.324 2.710
1143.648 9.112
1143.972 9.515
1144.296 6.517
1144.620 1.920
1144.944 -2.078
1145.268 -0.875
1145.592 4.327
1145.916 6.330
1146.240 10.332
1146.564 18.935
1146.888 17.937
1147.212 14.340
1147.536 17.142
1147.860 16.144
1148.184 14.347
1148.507 9.749
1148.831 10.752
1149.155 6.554
1149.479 4.157
1149.803 0.760
1150.127 -4.038
1150.451 -10.835
1150.775 -7.233
1151.099 -9.030
1151.423 -11.228
1151.747 -3.825
1152.071 2.977
1152.395 1.180
1152.719 4.382
1153.043 4.385
1153.367 3.587
1153.691 7.990
1154.015 11.993
1154.339 14.995
1154.663 21.198
1154.987 18.000
1155.310 9.603
1155.634 9.406
1155.958 6.008
1156.282 2.211
1156.606 6.413
1156.930 12.016
1157.254 15.419
1157.578 20.021
1157.902 22.624
1158.226 22.226
1158.550 17.629
1158.874 12.632
1159.198 5.434
1159.522 3.637
1159.846 1.440
1160.170 0.842
1160.494 -2.755
1160.818 -1.152
1161.142 0.250
1161.466 4.053
1161.790 5.056
1162.113 2.658
1162.437 4.261
1162.761 5.664
1163.085 -0.334
1163.409 -1.731
1163.733 1.072
1164.057 0.874
1164.381 2.677
1164.705 11.080
1165.029 12.282
1165.353 12.285
1165.677 13.688
1166.001 1.491
1166.325 -11.707
1166.649 -5.904
1166.973 -0.501
1167.297 -7.499
1167.621 -1.896
1167.945 6.707
1168.269 5.510
1168.592 3.112
1168.916 9.515
1169.240 7.718
1169.564 1.721
1169.888 -2.877
1170.212 -4.474
1170.536 -9.271
1170.860 -9.668
1171.184 -3.666
1171.508 -3.663
1171.832 -3.460
1172.156 -3.657
1172.480 -5.854
1172.804 -11.852
1173.128 -13.449
1173.452 -15.246
1173.776 -14.843
1174.100 -14.241
1174.424 -13.638
1174.748 -11.835
1175.072 -7.232
1175.395 -2.029
1175.719 1.973
1176.043 1.176
1176.367 -1.021
1176.691 -9.218
1177.015 -11.015
1177.339 -4.812
1177.663 -0.410
1177.987 5.793
1178.311 13.396
1178.635 12.399
1178.959 2.602
1179.283 -4.996
1179.607 -6.793
1179.931 -6.390
1180.255 -2.787
1180.579 5.216
1180.903 15.619
1181.227 19.421
1181.551 15.224
1181.874 9.427
1182.198 6.030
1182.522 8.233
1182.846 6.836
1183.170 9.838
1183.494 10.841
1183.818 8.844
1184.142 3.247
1184.466 1.050
1184.790 7.253
1185.114 6.456
1185.438 3.458
1185.762 1.061
1186.086 -5.136
1186.410 -16.733
1186.734 -14.730
1187.058 -7.527
1187.382 4.476
1187.706 15.478
1188.030 15.881
1188.353 17.484
1188.677 15.887
1189.001 10.290
1189.325 9.893
1189.649 8.696
1189.973 5.298
1190.297 3.101
1190.621 4.904
1190.945 -0.293
1191.269 1.710
1191.593 8.913
1191.917 13.716
1192.241 5.718
1192.565 1.321
1192.889 2.324
1193.213 -6.673
1193.537 -21.070
1193.861 -23.667
1194.185 -22.064
1194.509 -24.662
1194.833 -20.659
1195.156 -10.656
1195.480 -7.653
1195.804 -7.450
1196.128 -6.647
1196.452 -9.245
1196.776 -12.042
1197.100 -13.239
1197.424 -10.836
1197.748 -6.833
1198.072 -5.430
1198.396 -0.227
1198.720 6.375
1199.044 7.578
1199.368 6.781
1199.692 5.984
1200.016 4.587
1200.340 3.589
1200.664 0.392
1200.988 2.995
1201.312 10.198
1201.635 7.601
1201.959 0.404
1202.283 -1.794
1202.607 -8.591
1202.931 -16.988
1203.255 -19.785
1203.579 -19.782
1203.903 -20.180
1204.227 -17.377
1204.551 -22.574
1204.875 -20.171
1205.199 -11.568
1205.523 -2.766
1205.847 2.837
1206.171 8.240
1206.495 8.043
1206.819 5.445
1207.143 -1.952
1207.467 -9.949
1207.791 -12.546
1208.115 -11.544
1208.438 -8.541
1208.762 -8.938
1209.086 -6.935
1209.410 -5.133
1209.734 -3.530
1210.058 -7.927
1210.382 -4.324
1210.706 1.078
1211.030 5.281
1211.354 6.884
1211.678 6.686
1212.002 11.089
1212.326 8.692
1212.650 3.895
1212.974 -2.103
1213.298 -3.300
1213.622 -9.697
1213.946 -13.095
1214.270 -10.492
1214.594 -6.090
1214.917 -4.287
1215.241 -2.684
1215.565 1.118
1215.889 7.921
1216.213 15.524
1216.537 18.726
1216.861 18.129
1217.185 13.531
1217.509 14.734
1217.833 7.537
1218.157 8.139
1218.481 6.742
1218.805 7.944
1219.129 5.347
1219.453 5.749
1219.777 -0.048
1220.101 -1.245
1220.425 -3.443
1220.749 -5.440
1221.073 3.162
1221.397 9.565
1221.720 11.967
1222.044 15.170
1222.368 12.772
1222.692 2.575
1223.016 -0.223
1223.340 1.780
1223.664 1.582
1223.988 -2.816
1224.312 -6.013
1224.636 -10.411
1224.960 -21.408
1225.284 -34.406
1225.608 -36.204
1225.932 -39.401
1226.256 -36.799
1226.580 -23.196
1226.904 -8.394
1227.228 -1.392
1227.552 4.611
1227.876 4.013
1228.199 3.615
1228.523 1.618
1228.847 -1.780
1229.171 -0.578
1229.495 -3.776
1229.819 -0.173
1230.143 7.029
1230.467 14.031
1230.791 16.833
1231.115 28.036
1231.439 28.038
1231.763 26.839
1232.087 28.507
