181.241 3.148
181.495 8.065
181.749 14.215
182.003 21.615
182.257 25.015
182.511 25.215
182.765 26.015
183.019 25.215
183.273 26.414
183.528 30.614
183.782 35.814
184.036 36.614
184.290 32.214
184.544 29.214
184.798 28.014
185.052 26.814
185.306 25.014
185.560 27.614
185.814 23.013
186.068 20.413
186.322 28.613
186.576 26.613
186.830 25.013
187.084 31.613
187.339 31.813
187.593 25.413
187.847 35.013
188.101 40.413
188.355 43.412
188.609 45.012
188.863 50.812
189.117 54.212
189.371 47.612
189.625 36.612
189.879 36.212
190.133 28.412
190.387 18.812
190.641 23.212
190.895 34.011
191.150 43.611
191.404 46.811
191.658 42.211
191.912 42.411
192.166 44.211
192.420 38.411
192.674 33.611
192.928 40.211
193.182 42.011
193.436 41.010
193.690 33.810
193.944 37.210
194.198 38.410
194.452 33.210
194.706 26.610
194.961 25.010
195.215 22.610
195.469 20.210
195.723 21.610
195.977 22.409
196.231 27.809
196.485 31.409
196.739 35.009
196.993 34.009
197.247 34.609
197.501 32.809
197.755 27.609
198.009 29.209
198.263 33.209
198.517 26.608
198.772 25.208
199.026 28.008
199.280 25.808
199.534 24.408
199.788 37.208
200.042 44.208
200.296 46.808
200.550 40.008
200.804 42.808
201.058 41.207
201.312 43.407
201.566 48.207
201.820 53.207
202.074 51.607
202.328 45.807
202.583 34.607
202.837 23.407
203.091 15.807
203.345 7.207
203.599 11.806
203.853 17.806
204.107 18.806
204.361 26.406
204.615 37.806
204.869 40.006
205.123 44.006
205.377 44.206
205.631 37.006
205.885 28.605
206.139 23.405
206.394 18.405
206.648 22.005
206.902 23.605
207.156 22.805
207.410 22.205
207.664 23.805
207.918 21.805
208.172 25.405
208.426 33.004
208.680 36.004
208.934 32.804
209.188 36.204
209.442 42.804
209.696 42.604
209.950 40.604
210.205 44.004
210.459 43.404
210.713 39.403
210.967 34.203
211.221 38.403
211.475 39.403
211.729 41.603
211.983 41.603
212.237 40.803
212.491 38.203
212.745 31.403
212.999 15.803
213.253 5.402
213.507 10.002
213.761 8.402
214.016 11.802
214.270 21.602
214.524 26.202
214.778 21.402
215.032 26.202
215.286 27.402
215.540 26.401
215.794 28.201
216.048 32.801
216.302 36.801
216.556 40.601
216.810 36.401
217.064 33.601
217.318 31.801
217.572 22.001
217.827 17.401
218.081 25.000
218.335 27.200
218.589 25.400
218.843 31.200
219.097 35.000
219.351 36.200
219.605 37.800
219.859 41.200
220.113 38.800
220.367 33.799
220.621 29.599
220.875 31.399
221.129 33.199
221.383 32.799
221.638 33.199
221.892 36.799
222.146 33.799
222.400 35.999
222.654 40.598
222.908 35.598
223.162 25.198
223.416 26.398
223.670 27.998
223.924 22.998
224.178 26.398
224.432 39.198
224.686 37.998
224.940 31.397
225.195 32.397
225.449 28.397
225.703 18.397
225.957 17.197
226.211 13.797
226.465 12.597
226.719 18.797
226.973 25.997
227.227 28.396
227.481 27.796
227.735 33.196
227.989 40.196
228.243 37.796
228.497 37.596
228.751 41.396
229.006 36.196
229.260 25.196
229.514 28.795
229.768 31.595
230.022 32.195
230.276 23.995
230.530 27.195
230.784 22.995
231.038 21.595
231.292 27.795
231.546 35.195
231.800 25.994
232.054 22.594
232.308 14.794
232.562 4.194
232.817 3.594
233.071 18.394
233.325 36.794
233.579 43.394
233.833 39.994
234.087 35.593
234.341 28.393
234.595 9.393
234.849 8.393
235.103 16.393
235.357 23.593
235.611 32.993
235.865 47.393
236.119 45.793
236.373 38.792
236.628 26.192
236.882 11.792
237.136 5.392
237.390 10.992
237.644 22.992
237.898 33.592
238.152 32.592
238.406 22.191
238.660 9.991
238.914 -3.409
239.168 -14.009
239.422 -7.009
239.676 5.191
239.930 19.591
240.184 29.591
240.439 39.191
240.693 37.390
240.947 34.590
241.201 29.390
241.455 27.390
241.709 32.590
241.963 43.190
242.217 45.390
242.471 48.190
242.725 45.189
242.979 36.989
243.233 30.789
243.487 24.589
243.741 16.989
243.995 16.789
244.250 13.989
244.504 8.389
244.758 8.589
245.012 9.988
245.266 13.588
245.520 23.788
245.774 24.988
246.028 26.388
246.282 30.388
246.536 31.788
246.790 27.188
247.044 24.387
247.298 22.987
247.552 21.787
247.806 20.787
248.061 24.187
248.315 30.587
248.569 30.787
248.823 27.987
249.077 21.987
249.331 14.786
249.585 13.586
249.839 19.786
250.093 27.786
250.347 29.386
250.601 29.786
250.855 23.586
251.109 21.786
251.363 20.385
251.617 19.185
251.872 19.985
252.126 25.385
252.380 21.185
252.634 15.185
252.888 9.785
253.142 1.585
253.396 0.784
253.650 -1.416
253.904 1.984
254.159 12.984
254.413 20.184
254.667 20.584
254.922 23.584
255.176 24.384
255.431 24.584
255.685 23.383
255.939 17.383
256.194 10.983
256.448 8.783
256.702 6.183
256.957 8.583
257.211 14.783
257.465 29.583
257.720 33.182
257.974 35.582
258.228 29.382
258.483 24.182
258.737 7.582
258.992 0.582
259.246 -3.418
259.500 2.382
259.755 -0.819
260.009 8.781
260.263 18.181
260.518 23.181
260.772 32.581
261.026 51.981
261.281 56.381
261.535 55.781
261.789 52.380
262.044 48.780
262.298 42.380
262.553 42.180
262.807 42.780
263.061 34.580
263.316 19.380
263.570 12.580
263.824 11.379
264.079 7.579
264.333 14.979
264.587 22.779
264.842 15.179
265.096 5.779
265.351 6.779
265.605 12.179
265.859 18.978
266.114 27.578
266.368 28.378
266.622 22.778
266.877 19.778
267.131 13.778
267.385 13.178
267.640 14.578
267.894 18.577
268.148 19.177
268.403 27.777
268.657 36.177
268.912 45.577
269.166 48.577
269.420 47.577
269.675 35.977
269.929 30.976
270.183 31.576
270.438 33.376
270.692 30.176
270.946 27.576
271.201 26.376
271.455 23.976
271.709 13.576
271.964 8.775
272.218 18.375
272.473 17.975
272.727 9.575
272.981 6.975
273.236 8.175
273.490 5.575
273.744 7.974
273.999 15.574
274.253 25.574
274.507 38.774
274.762 47.374
275.016 49.174
275.271 50.574
275.525 52.774
275.779 49.773
276.034 44.773
276.288 42.973
276.542 35.973
276.797 28.573
277.051 23.173
277.305 24.173
277.560 23.173
277.814 28.972
278.068 33.572
278.323 32.772
278.577 22.172
278.832 19.772
279.086 17.172
279.340 15.772
279.595 18.971
279.849 26.171
280.103 23.571
280.358 23.371
280.612 24.571
280.866 24.971
281.121 21.971
281.375 20.571
281.629 12.370
281.884 10.770
282.138 9.970
282.393 11.970
282.647 16.770
282.901 26.570
283.156 25.770
283.410 24.369
283.664 25.169
283.919 22.369
284.173 20.169
284.427 28.369
284.682 30.969
284.936 30.969
285.191 30.569
285.445 32.768
285.699 27.168
285.954 24.368
286.208 21.368
286.462 17.968
286.717 13.368
286.971 8.168
287.225 10.167
287.480 10.767
287.734 11.967
287.988 3.767
288.243 3.767
288.497 5.967
288.752 6.367
289.006 13.366
289.260 25.166
289.515 33.166
289.769 33.966
290.023 35.566
290.278 28.566
290.532 22.966
290.786 10.566
291.041 5.165
291.295 8.165
291.549 15.565
291.804 26.565
292.058 35.165
292.313 34.965
292.567 28.565
292.821 25.364
293.076 16.364
293.330 7.164
293.584 -0.436
293.839 5.764
294.093 9.964
294.347 12.164
294.602 21.563
294.856 31.763
295.111 26.163
295.365 18.963
295.619 12.163
295.874 0.963
296.128 -6.637
296.382 -3.038
296.637 6.562
296.891 17.162
297.145 22.762
297.400 25.962
297.654 28.562
297.908 25.562
298.163 15.762
298.417 11.961
298.672 15.361
298.926 12.361
299.180 11.961
299.435 14.361
299.689 22.561
299.943 28.361
300.198 26.760
300.452 18.360
300.706 19.160
300.961 11.360
301.215 -2.440
301.469 -5.840
301.724 -6.040
301.978 -5.641
302.233 4.759
302.487 14.559
302.741 13.759
302.996 13.559
303.250 15.159
303.504 8.159
303.759 4.758
304.013 17.558
304.267 28.958
304.522 28.158
304.776 29.358
305.031 26.558
305.285 15.358
305.539 8.557
305.794 7.757
306.048 16.357
306.302 24.157
306.557 25.157
306.811 26.357
307.065 27.957
307.320 19.356
307.574 12.156
307.828 13.956
308.083 6.556
308.337 -0.244
308.592 4.156
308.846 6.955
309.100 7.355
309.355 19.555
309.609 27.155
309.863 21.555
310.118 17.555
310.372 17.355
310.626 15.354
310.881 7.354
311.135 2.354
311.389 2.354
311.644 -0.446
311.898 0.954
312.153 11.754
312.407 16.753
312.661 20.553
312.916 24.153
313.170 21.153
313.429 19.953
313.688 19.553
313.947 21.153
314.206 27.952
314.465 36.352
314.724 38.352
314.983 45.152
315.242 44.552
315.501 35.552
315.760 24.351
316.019 17.551
316.278 12.151
316.536 9.951
316.795 14.951
317.054 17.151
317.313 22.751
317.572 23.550
317.831 30.750
318.090 29.150
318.349 30.750
318.608 27.750
318.867 32.550
319.126 27.150
319.385 23.349
319.644 19.549
319.903 21.949
320.162 23.549
320.421 29.149
320.680 29.349
320.939 31.748
321.198 31.548
321.457 27.548
321.716 21.548
321.975 22.748
322.234 16.948
322.493 13.748
322.752 13.747
323.010 8.347
323.269 10.747
323.528 18.747
323.787 13.747
324.046 6.347
324.305 13.346
324.564 15.746
324.823 10.946
325.082 17.146
325.341 22.946
325.600 21.546
325.859 23.946
326.118 30.145
326.377 33.145
326.636 33.145
326.895 37.945
327.154 43.945
327.413 43.945
327.672 40.744
327.931 37.944
328.190 31.544
328.449 25.344
328.708 20.944
328.967 22.944
329.226 30.144
329.485 34.143
329.743 27.743
330.002 28.343
330.261 32.343
330.520 35.543
330.779 34.143
331.038 34.742
331.297 38.342
331.556 36.142
331.815 30.142
332.074 33.342
332.333 36.742
332.592 29.941
332.851 27.141
333.110 25.141
333.369 14.341
333.628 -0.259
333.887 -5.659
334.146 -9.859
334.405 -4.660
334.664 5.940
334.923 18.340
335.182 22.140
335.441 18.740
335.700 8.540
335.959 5.139
336.217 6.539
336.476 9.739
336.735 12.339
336.994 11.739
337.253 13.539
337.512 14.138
337.771 18.338
338.030 25.338
338.289 36.338
338.548 29.738
338.807 24.538
339.066 24.537
339.325 25.937
339.584 23.137
339.843 24.737
340.102 25.337
340.361 24.737
340.620 22.136
340.879 19.736
341.138 21.936
341.397 22.736
341.656 22.336
341.915 28.536
342.174 37.135
342.433 42.935
342.691 52.735
342.950 53.335
343.209 42.535
343.468 34.535
343.727 33.934
343.986 22.334
344.245 16.534
344.504 22.534
344.763 27.134
345.022 27.934
345.281 35.534
345.540 38.333
345.799 37.133
346.058 35.133
346.317 33.333
346.576 27.533
346.835 25.333
347.094 18.732
347.353 17.332
347.612 17.732
347.871 21.732
348.130 25.732
348.389 33.131
348.648 33.731
348.907 27.731
349.166 21.531
349.424 20.131
349.683 23.331
349.942 22.930
350.201 22.130
350.460 18.330
350.719 16.130
350.978 3.530
351.237 -0.070
351.496 1.729
351.755 7.529
352.014 13.729
352.273 26.329
352.532 36.129
352.791 41.729
353.050 42.728
353.309 37.928
353.568 32.928
353.827 25.728
354.086 22.928
354.345 20.328
354.604 20.327
354.863 18.927
355.122 14.527
355.381 6.527
355.640 7.527
355.898 10.127
356.157 7.726
356.416 8.726
356.675 11.526
356.934 12.526
357.193 14.726
357.452 15.726
357.711 13.325
357.970 12.125
358.229 13.325
358.488 11.325
358.747 9.725
359.006 16.524
359.265 18.924
359.524 9.524
359.783 -2.476
360.042 0.124
360.301 2.724
360.560 1.323
360.819 12.523
361.078 22.323
361.337 19.523
361.596 11.323
361.855 17.523
362.114 20.522
362.372 28.722
362.631 37.922
362.890 45.322
363.149 48.322
363.408 47.121
363.667 41.121
363.926 41.321
364.185 44.721
364.444 44.521
364.703 39.921
364.962 40.720
365.221 29.720
365.480 18.520
365.741 21.720
366.002 36.120
366.264 44.720
366.525 53.519
366.786 58.119
367.047 46.919
367.308 35.319
367.570 26.319
367.831 23.718
368.092 23.718
368.353 20.518
368.614 17.918
368.876 14.118
369.137 14.118
369.398 21.317
369.659 32.117
369.920 39.717
370.182 42.317
370.443 42.317
370.704 35.516
370.965 24.716
371.226 14.116
371.488 13.316
371.749 11.116
372.010 9.316
372.271 9.715
372.532 11.715
372.794 17.715
373.055 22.315
373.316 19.115
373.577 20.114
373.838 29.514
374.100 30.914
374.361 26.914
374.622 29.714
374.883 31.114
375.144 18.913
375.406 14.513
375.667 19.113
375.928 17.113
376.189 12.513
376.450 12.912
376.712 12.712
376.973 6.512
377.234 10.112
377.495 21.112
377.756 22.511
378.018 20.111
378.279 18.711
378.540 10.511
378.801 3.111
379.062 -5.289
379.324 -10.290
379.585 -3.890
379.846 4.710
380.107 13.710
380.368 28.710
380.630 27.309
380.891 25.709
381.152 28.909
381.413 21.109
381.674 17.509
381.936 27.908
382.197 21.908
382.458 15.708
382.719 17.108
382.980 11.908
383.242 6.907
383.503 14.507
383.764 18.707
384.025 16.507
384.286 18.307
384.548 26.307
384.809 27.506
385.070 23.106
385.331 24.306
385.592 21.106
385.854 15.706
386.115 13.305
386.376 11.105
386.637 6.905
386.898 10.905
387.160 7.705
387.421 3.504
387.682 9.904
387.943 14.104
388.204 16.304
388.466 24.104
388.727 32.303
388.988 26.503
389.249 21.703
389.510 19.903
389.772 9.903
390.033 11.102
390.294 21.502
390.555 30.302
390.816 28.902
391.078 33.702
391.339 26.901
391.600 14.501
391.861 9.901
392.122 12.101
392.384 5.901
392.645 8.301
392.906 23.700
393.167 31.700
393.428 34.900
393.690 47.500
393.951 50.900
394.212 37.699
394.473 28.899
394.734 22.299
394.996 9.099
395.257 0.699
395.518 4.098
395.779 8.298
396.040 9.898
396.302 5.098
396.563 3.698
396.824 7.297
397.085 3.697
397.346 4.697
397.608 13.297
397.869 18.097
398.130 18.296
398.391 20.696
398.652 18.896
398.914 18.496
399.175 13.895
399.436 6.895
399.697 7.695
399.958 13.295
400.220 13.495
400.481 15.294
400.742 19.694
401.003 15.294
401.264 8.894
401.526 6.294
401.787 7.493
402.048 11.093
402.309 16.893
402.570 18.893
402.832 21.093
403.093 18.892
403.354 14.892
403.615 14.092
403.876 12.492
404.138 24.692
404.399 35.491
404.660 33.491
404.931 33.291
405.202 36.691
405.473 26.291
405.745 19.890
406.016 24.890
406.287 25.290
406.558 27.290
406.829 27.290
407.100 23.889
407.371 19.489
407.642 22.689
407.914 26.089
408.185 27.888
408.456 36.088
408.727 45.288
408.998 40.288
409.269 31.088
409.540 23.887
409.811 10.887
410.083 6.487
410.354 11.487
410.625 15.287
410.896 25.886
411.167 39.686
411.438 42.686
411.709 35.886
411.981 26.086
412.252 14.485
412.523 -1.515
412.794 -10.115
413.065 -9.315
413.336 7.084
413.607 18.284
413.878 26.084
414.150 28.284
414.421 31.684
414.692 27.683
414.963 26.683
415.234 29.283
415.505 33.283
415.776 27.883
416.047 24.282
416.319 28.682
416.590 29.082
416.861 28.282
417.132 32.881
417.403 36.481
417.674 30.681
417.945 21.481
418.217 16.481
418.488 12.880
418.759 8.080
419.030 2.080
419.301 9.880
419.572 9.279
419.843 6.479
420.114 8.079
420.386 15.479
420.657 20.279
420.928 28.878
421.199 38.678
421.470 41.478
421.741 47.078
422.012 45.878
422.283 39.077
422.555 34.277
422.826 32.277
423.097 26.877
423.368 36.076
423.639 38.676
423.910 39.076
424.181 43.876
424.453 37.876
424.724 20.875
424.995 14.675
425.266 6.875
425.537 -3.325
425.808 0.474
426.079 10.674
426.350 14.674
426.622 17.874
426.893 22.474
427.164 21.273
427.435 14.073
427.706 16.073
427.977 18.073
428.248 14.272
428.519 6.072
428.791 7.472
429.062 12.072
429.333 18.271
429.604 20.471
429.875 27.271
430.146 30.671
430.417 24.871
430.689 18.470
430.960 19.670
431.231 22.070
431.502 20.670
431.773 23.069
432.044 28.069
432.315 27.269
432.586 26.469
432.858 25.469
433.129 27.268
433.400 25.668
433.671 30.068
433.942 30.268
434.213 29.867
434.484 27.867
434.755 29.867
435.027 28.267
435.298 18.466
435.569 9.866
435.840 5.866
436.114 3.266
436.388 2.266
436.663 5.865
436.937 13.865
437.211 14.465
437.485 9.265
437.759 5.464
438.034 15.664
438.308 17.064
438.582 11.064
438.856 10.663
439.130 15.463
439.405 11.263
439.679 11.063
439.953 18.662
440.227 23.062
440.501 26.462
440.776 28.062
441.050 21.662
441.324 18.261
441.598 10.061
441.872 -4.139
442.147 -5.139
442.421 6.660
442.695 25.860
442.969 38.460
443.244 41.260
443.518 37.459
443.792 33.059
444.066 18.659
444.340 20.659
444.615 26.258
444.889 33.258
445.163 40.458
445.437 35.458
445.711 26.457
445.986 20.657
446.260 7.457
446.534 -1.343
446.808 3.856
447.082 8.656
447.357 18.656
447.631 29.856
447.905 26.055
448.179 27.255
448.453 27.655
448.728 25.055
449.002 22.455
449.276 28.854
449.550 26.654
449.824 27.416
450.099 26.986
450.373 22.790
450.647 15.782
450.921 18.501
451.195 21.832
451.470 25.170
451.744 22.210
452.018 22.599
452.292 22.551
452.566 14.433
452.841 8.700
453.115 18.337
453.389 31.272
453.663 35.738
453.937 43.762
454.212 42.974
454.486 35.127
454.760 22.770
455.034 11.603
455.308 2.200
455.583 5.715
455.857 18.402
456.131 22.310
456.405 23.284
456.680 27.385
456.954 27.588
457.228 20.181
457.502 18.417
457.776 20.374
458.051 11.967
458.325 4.919
458.599 9.611
458.873 14.145
459.147 17.483
459.422 26.886
459.696 31.983
459.970 29.470
460.244 33.223
460.518 32.859
460.793 32.092
461.067 32.099
461.341 27.191
461.615 18.943
461.889 20.748
462.164 23.935
462.438 23.948
462.712 25.340
462.986 20.999
463.260 16.683
463.535 9.365
463.809 5.993
464.083 5.803
464.357 15.961
464.631 16.583
464.906 15.386
465.180 14.387
465.454 15.197
465.728 8.836
466.002 10.254
466.277 17.678
466.551 23.289
466.825 22.099
467.099 18.499
467.373 11.892
467.648 4.058
467.922 1.447
468.196 3.869
468.470 12.731
468.744 18.792
469.019 22.219
469.293 23.638
469.567 30.514
469.841 28.129
470.116 27.933
470.390 32.184
470.664 32.588
470.938 27.954
471.212 21.073
471.487 19.451
471.761 24.080
472.035 24.679
472.309 21.027
472.583 24.861
472.858 21.425
473.132 16.373
473.406 19.985
473.680 23.819
473.954 24.013
474.229 32.040
474.503 37.226
474.777 35.399
475.051 31.147
475.325 25.918
475.600 12.682
475.874 4.243
476.148 -2.170
476.422 3.007
476.696 5.406
476.971 7.616
477.245 11.773
477.519 19.512
477.793 17.670
478.067 22.403
478.342 25.181
478.616 21.583
478.890 18.586
479.164 14.220
479.438 9.870
479.713 18.512
479.987 28.297
480.261 30.429
480.535 40.598
480.809 59.518
481.084 60.430
481.358 46.123
481.632 39.865
481.906 31.234
482.180 24.548
482.455 21.391
482.729 29.544
483.003 32.843
483.277 28.958
483.551 10.309
483.826 4.675
484.100 0.983
484.374 5.610
484.648 14.905
484.923 24.398
485.197 31.543
485.471 36.754
485.745 34.440
486.019 29.983
486.294 31.336
486.568 30.756
486.842 34.826
487.116 38.098
487.390 41.572
487.665 42.152
487.939 41.780
488.213 39.266
488.487 39.676
488.761 41.433
489.036 35.243
489.310 27.886
489.584 26.565
489.858 26.210
490.132 26.819
490.407 30.900
490.681 33.040
490.955 26.249
491.229 21.199
491.503 18.695
491.778 18.515
492.052 18.717
492.326 19.891
492.600 18.732
492.874 15.432
493.149 16.221
493.423 18.381
493.697 21.135
493.971 25.849
494.245 28.609
494.520 31.382
494.794 30.025
495.068 25.130
495.342 22.593
495.616 16.516
495.891 14.944
496.165 17.903
496.439 22.635
496.713 31.720
496.987 42.756
497.262 41.984
497.536 41.405
497.810 42.981
498.084 36.662
498.359 32.334
498.633 37.072
498.907 35.301
499.181 28.800
499.455 25.259
499.730 27.231
500.004 26.048
500.278 24.073
500.552 28.022
500.826 27.432
501.101 15.595
501.375 13.240
501.649 16.013
501.923 15.231
502.197 10.683
502.472 23.339
502.746 26.519
503.020 27.502
503.294 31.260
503.568 44.724
503.843 42.555
504.117 40.575
504.391 42.962
504.665 39.994
504.939 23.558
505.214 16.230
505.488 16.816
505.762 16.207
506.036 17.184
506.310 24.108
506.585 26.674
506.859 22.713
507.133 17.372
507.407 14.602
507.681 18.532
507.956 16.161
508.230 10.046
508.504 10.620
508.778 9.824
509.052 6.855
509.327 8.216
509.601 13.888
509.875 16.410
510.149 25.331
510.423 30.342
510.698 35.946
510.972 39.016
511.246 41.267
511.520 45.054
511.795 53.059
512.069 51.653
512.343 44.878
512.617 36.015
512.891 20.003
513.166 6.711
513.440 6.079
513.714 10.266
513.988 11.794
514.262 10.096
514.537 7.232
514.811 6.622
515.085 6.027
515.359 5.270
515.633 14.909
515.908 22.825
516.182 21.491
516.456 24.120
516.730 27.894
517.004 24.123
517.279 22.809
517.553 27.356
517.827 29.249
518.101 30.573
518.375 32.839
518.650 29.831
518.924 23.972
519.198 21.546
519.472 21.180
519.746 23.853
520.021 23.674
520.295 26.537
520.569 29.222
520.843 32.103
521.117 24.903
521.392 21.297
521.666 18.836
521.940 14.286
522.214 5.899
522.488 3.601
522.763 12.238
523.037 23.015
523.311 20.921
523.585 20.720
523.859 23.603
524.134 15.158
524.408 2.096
524.682 8.488
524.956 14.289
525.231 11.192
525.505 11.968
525.779 16.625
526.053 9.473
526.327 10.855
526.602 22.513
526.876 24.468
527.150 21.568
527.424 24.693
527.698 21.007
527.973 16.367
528.247 15.200
528.521 10.903
528.795 12.486
529.069 18.382
529.344 22.529
529.618 33.344
529.892 44.534
530.166 46.915
530.440 44.183
530.715 33.777
530.989 21.596
531.263 22.805
531.537 24.416
531.811 28.380
532.086 41.407
532.360 51.476
532.634 47.357
532.908 44.606
533.182 39.286
533.457 29.422
533.731 18.562
534.005 8.079
534.279 3.927
534.553 7.903
534.828 13.262
535.102 21.395
535.376 31.114
535.650 36.674
535.924 39.253
536.199 41.842
536.473 42.231
536.747 42.429
537.021 36.876
537.295 22.987
537.570 18.810
537.844 15.846
538.118 5.721
538.392 -0.830
538.666 13.059
538.941 24.946
539.215 24.737
539.489 29.696
539.763 33.862
540.038 23.940
540.312 9.863
540.586 11.640
540.860 16.194
541.134 21.540
541.409 23.515
541.683 13.620
541.957 1.155
542.231 6.866
542.505 13.759
542.780 23.442
543.054 34.895
543.328 39.245
543.602 34.889
543.876 28.755
544.151 20.243
544.425 19.848
544.699 26.937
544.973 25.548
545.247 17.275
545.522 9.016
545.796 6.053
546.070 18.026
546.351 25.498
546.632 32.774
546.912 45.332
547.193 54.164
547.474 45.493
547.755 42.113
548.036 45.422
548.317 44.042
548.597 41.083
548.878 36.773
549.159 35.191
549.440 35.965
549.721 39.089
550.001 30.862
550.282 21.659
550.563 17.752
550.844 11.096
551.125 5.221
551.406 14.018
551.686 26.144
551.967 28.480
552.248 31.992
552.529 39.020
552.810 40.564
553.090 39.782
553.371 42.329
553.652 45.844
553.933 35.101
554.214 28.281
554.495 27.118
554.775 21.842
555.056 18.345
555.337 36.367
555.618 42.442
555.899 38.326
556.179 40.288
556.460 39.890
556.741 21.476
557.022 16.183
557.303 28.525
557.584 36.582
557.864 46.020
558.145 64.094
558.426 70.830
558.707 68.163
558.988 60.924
559.268 51.335
559.549 41.156
559.830 34.055
560.111 28.527
560.392 23.205
560.673 7.229
560.953 -1.852
561.234 1.500
561.515 1.319
561.796 3.693
562.077 14.147
562.357 18.101
562.638 15.959
562.919 22.154
563.200 28.951
563.481 43.096
563.762 55.461
564.042 60.260
564.323 52.319
564.604 50.326
564.885 38.172
565.166 21.839
565.446 16.655
565.727 16.448
566.008 14.649
566.289 16.837
566.570 20.817
566.851 21.628
567.131 22.445
567.412 21.691
567.693 29.964
567.974 34.417
568.255 38.080
568.535 41.526
568.816 46.582
569.097 41.376
569.378 34.133
569.659 28.686
569.940 20.639
570.220 11.367
570.501 10.929
570.782 18.143
571.063 19.345
571.344 26.767
571.624 36.027
571.905 39.706
572.186 39.755
572.467 41.413
572.748 43.926
573.029 48.096
573.309 42.289
573.590 42.752
573.871 51.523
574.152 54.998
574.433 45.439
574.713 45.221
574.994 44.569
575.275 36.397
575.556 28.433
575.837 21.541
576.118 24.354
576.398 29.624
576.679 29.036
576.960 29.676
577.245 37.183
577.531 32.766
577.816 23.681
578.102 26.377
578.387 31.940
578.672 33.610
578.958 34.425
579.243 35.835
579.529 31.516
579.814 18.249
580.099 17.515
580.385 17.639
580.670 18.940
580.956 25.027
581.241 34.789
581.526 39.087
581.812 49.997
582.097 56.575
582.382 52.396
582.668 55.595
582.953 51.623
583.239 40.874
583.524 39.964
583.809 51.079
584.095 56.766
584.380 56.054
584.666 51.111
584.951 48.208
585.236 43.124
585.522 37.923
585.807 33.237
586.093 38.480
586.378 40.828
586.663 42.406
586.949 39.709
587.234 49.397
587.520 52.683
587.805 48.568
588.090 40.395
588.376 41.908
588.661 38.018
588.947 37.035
589.232 37.414
589.517 39.923
589.803 37.980
590.088 39.325
590.374 42.014
590.659 43.551
590.944 40.446
591.230 42.185
591.515 46.629
591.800 47.198
592.086 43.712
592.371 52.386
592.657 51.594
592.942 40.383
593.227 34.014
593.513 29.582
593.798 18.390
594.084 17.803
594.369 24.745
594.654 23.394
594.940 30.330
595.225 30.717
595.511 22.432
595.796 20.098
596.081 27.403
596.367 27.196
596.652 30.068
596.938 37.567
597.223 43.925
597.508 44.491
597.794 43.145
598.079 44.119
598.365 45.840
598.650 42.356
598.935 40.635
599.221 38.711
599.506 36.979
599.792 38.141
600.077 35.842
600.362 32.968
600.648 34.126
600.933 35.473
601.218 32.019
601.504 29.523
601.789 27.017
602.075 29.912
602.360 36.071
602.645 33.959
602.931 36.268
603.216 38.006
603.502 31.262
603.787 15.469
604.072 7.370
604.358 5.657
604.643 5.662
604.929 13.965
605.214 19.179
605.499 20.722
605.785 18.212
606.070 12.030
606.356 11.090
606.641 22.917
606.926 38.030
607.212 48.124
607.497 64.056
607.783 65.839
608.068 59.084
608.353 51.550
608.639 44.972
608.924 30.589
609.210 17.947
609.495 15.827
609.780 19.367
610.066 21.547
610.351 27.418
610.636 37.196
610.922 39.562
611.207 44.894
611.493 53.366
611.778 55.158
612.063 51.647
612.349 48.136
612.634 35.400
612.920 21.077
613.205 19.918
613.490 17.372
613.776 17.581
614.061 24.686
614.347 32.582
614.632 35.557
614.917 43.278
615.203 55.571
615.488 61.763
615.774 54.876
616.059 48.380
616.344 39.678
616.630 22.844
616.915 10.763
617.201 18.339
617.486 24.912
617.771 31.096
618.057 34.484
618.342 31.504
618.627 26.547
618.913 22.584
619.198 21.187
619.484 25.396
619.769 31.797
620.054 31.609
620.340 34.629
620.625 33.253
620.911 32.465
621.196 30.084
621.481 28.295
621.767 23.306
622.052 24.322
622.338 22.734
622.623 28.376
622.908 31.816
623.194 31.018
623.479 36.073
623.765 35.487
624.050 30.674
624.335 28.267
624.621 27.266
624.906 20.218
625.192 18.404
625.477 13.157
625.762 12.164
626.048 22.910
626.333 32.439
626.619 40.552
626.904 47.463
627.189 49.717
627.475 41.427
627.760 34.770
628.045 32.814
628.331 37.332
628.616 45.515
628.902 54.100
629.187 65.948
629.472 70.619
629.758 63.863
630.043 50.792
630.329 43.190
630.614 28.256
630.899 20.625
631.185 24.153
631.470 28.514
631.756 28.812
632.041 33.109
632.326 31.819
632.612 33.584
632.897 31.897
633.183 27.882
633.468 30.420
633.753 38.006
634.039 35.483
634.324 38.812
634.610 46.730
634.895 44.242
635.180 39.278
635.466 37.795
635.751 35.588
636.037 34.823
636.322 39.115
636.607 45.251
636.893 48.450
637.178 50.917
637.463 45.663
637.749 35.284
638.034 31.828
638.320 31.708
638.605 25.824
638.890 26.333
639.176 35.374
639.461 34.392
639.747 28.203
640.032 31.442
640.317 34.306
640.603 25.431
640.888 17.488
641.174 18.747
641.459 16.946
641.744 18.395
642.030 20.565
642.315 27.626
642.601 36.160
642.886 39.613
643.171 34.945
643.457 35.145
643.742 35.180
644.028 32.318
644.313 31.261
644.598 33.658
644.884 34.961
645.169 27.325
645.455 24.475
645.740 33.140
646.025 35.024
646.311 39.287
646.596 52.930
646.881 58.338
647.167 55.497
647.452 55.742
647.738 59.715
648.023 59.075
648.308 52.651
648.594 52.912
648.879 55.389
649.165 50.799
649.450 40.044
649.735 32.040
650.021 21.058
650.306 20.941
650.592 20.809
650.877 24.965
651.162 36.438
651.448 43.983
651.733 37.070
652.019 39.772
652.304 40.763
652.589 38.930
652.875 40.883
653.160 50.220
653.446 50.675
653.731 48.242
654.016 46.183
654.302 50.454
654.587 45.367
654.873 42.936
655.158 37.026
655.443 33.039
655.729 22.560
656.014 26.849
656.299 28.461
656.585 33.085
656.870 39.273
657.156 48.361
657.441 48.034
657.726 44.996
658.012 46.376
658.297 41.952
658.583 31.351
658.868 28.114
659.153 30.498
659.439 32.668
659.724 36.207
660.010 37.968
660.295 42.104
660.580 47.216
660.866 45.299
661.151 42.385
661.437 49.665
661.722 46.391
662.007 42.537
662.293 52.597
662.578 58.933
662.864 55.041
663.149 59.808
663.434 55.915
663.720 52.221
664.005 48.487
664.290 44.572
664.576 37.918
664.861 35.568
665.147 29.266
665.432 30.491
665.717 35.070
666.003 37.677
666.288 40.475
666.574 38.505
666.859 36.934
667.144 33.971
667.430 26.222
667.715 24.657
668.001 32.048
668.286 31.867
668.571 36.888
668.857 43.098
669.142 45.511
669.428 43.932
669.713 44.945
669.998 42.761
670.284 38.971
670.569 31.574
670.855 25.383
671.140 27.203
671.425 35.034
671.711 40.275
671.996 47.312
672.282 54.766
672.567 58.213
672.852 47.804
673.138 45.617
673.423 49.058
673.708 47.869
673.994 48.297
674.279 58.802
674.565 59.028
674.850 50.175
675.135 44.133
675.421 43.350
675.706 35.496
675.992 33.271
676.277 37.325
676.562 45.428
676.848 40.797
677.133 31.494
677.419 31.714
677.704 34.375
677.989 33.191
678.275 31.989
678.560 39.294
678.846 47.813
679.131 47.812
679.416 45.789
679.702 53.540
679.987 55.180
680.273 42.203
680.558 31.031
680.843 29.418
681.129 22.296
681.414 21.896
681.700 27.396
681.985 35.549
682.270 36.991
682.556 41.286
682.841 44.136
683.126 44.747
683.412 51.881
683.697 64.513
683.983 71.018
684.268 75.105
684.553 85.548
684.839 87.806
685.124 74.554
685.410 62.537
685.695 53.356
685.980 41.289
686.266 32.506
686.551 30.874
686.837 32.102
687.122 37.612
687.407 47.380
687.693 59.592
687.978 61.817
688.264 63.846
688.549 58.335
688.834 45.903
689.120 34.286
689.405 30.410
689.691 31.996
689.976 34.813
690.261 40.291
690.547 39.259
690.832 43.504
691.118 48.356
691.403 52.197
691.688 47.104
691.974 55.770
692.259 63.032
692.544 55.106
692.830 51.635
693.115 55.476
693.401 51.206
693.686 49.731
693.971 50.119
694.257 53.338
694.542 69.443
694.828 78.301
695.113 75.908
695.398 85.952
695.684 92.958
695.969 89.689
696.255 92.218
696.540 100.591
696.834 99.349
697.127 96.515
697.421 97.455
697.715 88.204
698.008 77.350
698.302 75.728
698.596 76.882
698.889 73.834
699.183 77.427
699.477 81.585
699.771 81.923
700.064 81.671
700.358 79.435
700.652 80.383
700.945 74.787
701.239 73.973
701.533 78.724
701.826 81.264
702.120 76.840
702.414 81.995
702.707 82.348
703.001 80.932
703.295 86.659
703.588 94.945
703.882 97.686
704.176 106.569
704.469 111.846
704.763 106.240
705.057 104.788
705.351 109.274
705.644 104.889
705.938 94.343
706.232 96.285
706.525 102.422
706.819 106.006
707.113 111.654
707.406 125.458
707.700 134.111
707.994 138.770
708.287 146.793
708.581 157.291
708.875 167.370
709.168 174.214
709.462 171.224
709.756 170.994
710.049 171.120
710.343 163.942
710.637 155.039
710.931 148.880
711.224 148.848
711.518 148.777
711.812 146.548
712.105 148.518
712.399 161.903
712.693 172.345
712.986 180.219
713.280 188.055
713.574 194.915
713.867 194.161
714.161 193.291
714.455 191.674
714.748 192.891
715.042 199.583
715.336 219.823
715.629 221.326
715.923 218.096
716.217 223.410
716.511 227.045
716.804 213.740
717.098 207.625
717.392 204.108
717.685 202.699
717.979 203.582
718.273 208.011
718.566 220.631
718.860 231.428
719.154 228.420
719.447 223.847
719.741 215.572
720.035 203.133
720.328 192.637
720.622 196.051
720.916 206.076
721.209 216.612
721.503 224.122
721.797 238.974
722.091 248.116
722.384 243.936
722.678 241.733
722.972 250.542
723.265 250.343
723.559 245.603
723.853 245.052
724.146 246.895
724.440 245.307
724.734 250.207
725.027 253.650
725.321 251.497
725.615 248.744
725.908 235.305
726.202 224.061
726.496 217.710
726.789 211.109
727.083 216.509
727.377 229.146
727.671 226.989
727.964 229.788
728.258 233.831
728.552 224.513
728.845 224.865
729.139 235.822
729.433 241.326
729.726 250.694
730.020 258.657
730.314 263.125
730.607 264.382
730.901 259.562
731.195 256.198
731.488 259.063
731.782 260.726
732.076 269.486
732.369 281.356
732.663 283.015
732.957 283.819
733.251 284.193
733.544 275.594
733.838 262.609
734.132 270.917
734.425 283.993
734.719 290.508
735.013 291.368
735.306 309.982
735.600 319.858
735.894 319.924
736.187 321.200
736.481 332.690
736.775 331.875
737.068 333.432
737.362 341.813
737.656 358.102
737.949 373.072
738.243 383.699
738.537 388.179
738.831 390.971
739.124 400.061
739.418 404.503
739.712 404.375
740.005 409.289
740.299 422.776
740.593 422.664
740.886 421.441
741.180 433.214
741.474 444.712
741.767 449.079
742.061 453.048
742.355 467.812
742.648 479.837
742.942 487.379
743.236 497.711
743.529 504.447
743.823 510.886
744.117 528.164
744.411 544.829
744.704 556.172
744.998 575.971
745.292 591.431
745.585 597.281
745.879 607.839
746.173 621.192
746.466 631.927
746.760 647.765
747.054 662.093
747.347 677.327
747.641 695.715
747.935 719.805
748.228 742.285
748.522 761.389
748.816 781.041
749.109 792.651
749.403 802.711
749.697 819.335
749.991 853.442
750.284 883.215
750.578 912.424
750.872 937.671
751.165 961.538
751.459 976.510
751.753 982.255
752.046 997.443
752.340 1022.913
752.634 1044.929
752.927 1068.098
753.221 1107.563
753.515 1146.616
753.808 1177.308
754.102 1208.939
754.396 1235.922
754.689 1254.980
754.983 1271.977
755.277 1288.371
755.571 1308.644
755.864 1336.102
756.158 1370.074
756.452 1398.706
756.745 1429.646
757.039 1460.856
757.333 1493.329
757.626 1531.634
757.920 1564.145
758.214 1597.820
758.507 1631.967
758.801 1664.899
759.095 1690.708
759.388 1725.953
759.682 1759.666
759.976 1796.865
760.269 1840.112
760.563 1880.029
760.857 1918.557
761.151 1967.751
761.444 2003.960
761.738 2027.267
762.032 2054.020
762.325 2097.910
762.619 2137.629
762.913 2189.972
763.206 2239.419
763.500 2300.190
763.798 2359.172
764.097 2408.710
764.395 2449.663
764.693 2508.432
764.992 2567.352
765.290 2612.940
765.588 2667.647
765.887 2742.183
766.185 2813.379
766.483 2882.192
766.782 2963.131
767.080 3055.838
767.378 3142.044
767.677 3236.413
767.975 3340.917
768.273 3446.592
768.571 3542.761
768.870 3649.184
769.168 3754.046
769.466 3857.107
769.765 3973.365
770.063 4101.153
770.361 4233.014
770.660 4372.067
770.958 4515.343
771.256 4648.869
771.555 4782.179
771.853 4899.758
772.151 5030.962
772.450 5168.903
772.748 5317.084
773.046 5478.749
773.345 5661.942
773.643 5828.482
773.941 5987.266
774.240 6144.436
774.538 6306.980
774.836 6462.102
775.135 6619.015
775.433 6780.853
775.731 6951.313
776.030 7114.928
776.328 7270.113
776.626 7432.912
776.925 7601.661
777.223 7768.325
777.521 7944.878
777.819 8136.742
778.118 8319.960
778.416 8500.675
778.714 8672.272
779.013 8843.883
779.311 9025.288
779.609 9199.772
779.908 9375.858
780.206 9558.181
780.504 9725.319
780.803 9882.967
781.101 10059.506
781.399 10232.756
781.698 10415.554
781.996 10603.837
782.294 10765.957
782.593 10920.467
782.891 11101.541
783.189 11284.722
783.488 11458.651
783.786 11645.326
784.084 11858.658
784.383 12054.262
784.681 12250.317
784.979 12438.053
785.278 12645.231
785.576 12828.685
785.874 12995.672
786.173 13161.766
786.471 13348.026
786.769 13514.163
787.068 13676.957
787.366 13861.939
787.664 14031.466
787.962 14214.029
788.261 14423.360
788.559 14657.384
788.857 14875.720
789.156 15077.832
789.454 15288.828
789.752 15492.596
790.051 15660.973
790.349 15841.901
790.647 16041.930
790.946 16241.477
791.244 16434.667
791.542 16647.037
791.841 16847.265
792.139 17062.272
792.437 17272.127
792.736 17477.569
793.034 17676.576
793.332 17885.675
793.631 18077.399
793.929 18248.462
794.227 18411.872
794.526 18578.447
794.824 18763.330
795.122 18975.940
795.421 19178.022
795.719 19361.530
796.017 19553.855
796.316 19747.855
796.614 19925.530
796.912 20106.522
797.211 20328.056
797.509 20561.895
797.807 20753.371
798.105 20934.684
798.404 21134.796
798.702 21328.055
799.000 21499.599
799.299 21660.970
799.597 21851.549
799.895 22022.896
800.194 22156.187
800.492 22292.501
800.790 22495.947
801.089 22670.108
801.387 22804.534
801.685 22979.067
801.984 23156.591
802.282 23278.466
802.580 23379.071
802.879 23542.097
803.177 23691.045
803.475 23808.697
803.774 23927.881
804.072 24059.213
804.370 24148.127
804.669 24228.291
804.967 24323.022
805.265 24435.589
805.564 24524.940
805.862 24628.970
806.160 24700.555
806.459 24777.017
806.757 24804.885
807.055 24831.542
807.353 24817.720
807.652 24845.715
807.950 24843.632
808.248 24850.779
808.547 24855.289
808.845 24863.141
809.143 24840.685
809.442 24799.746
809.740 24704.054
810.038 24640.441
810.337 24591.209
810.635 24505.222
810.933 24426.815
811.232 24386.492
811.530 24281.298
811.831 24179.403
812.132 24109.387
812.432 24002.373
812.733 23861.174
813.034 23732.256
813.335 23558.630
813.636 23359.977
813.936 23167.651
814.237 22999.757
814.538 22787.476
814.839 22573.598
815.140 22352.663
815.440 22146.901
815.741 21896.090
816.042 21659.517
816.343 21422.520
816.644 21177.419
816.945 20917.369
817.245 20687.902
817.546 20444.923
817.847 20192.500
818.148 19944.471
818.449 19674.170
818.749 19377.216
819.050 19083.468
819.351 18781.363
819.652 18452.052
819.953 18154.062
820.253 17853.971
820.554 17533.589
820.855 17223.460
821.156 16924.365
821.457 16572.137
821.757 16231.943
822.058 15922.280
822.359 15588.100
822.660 15251.763
822.961 14935.088
823.261 14618.818
823.562 14267.156
823.863 13950.303
824.164 13635.947
824.465 13310.603
824.765 12969.705
825.066 12666.553
825.367 12346.540
825.668 12023.237
825.969 11703.564
826.269 11396.220
826.570 11095.414
826.871 10780.685
827.172 10460.239
827.473 10154.313
827.774 9872.700
828.074 9587.451
828.375 9307.247
828.676 9044.492
828.977 8788.780
829.278 8519.512
829.578 8263.518
829.879 8014.459
830.180 7769.149
830.481 7537.303
830.782 7306.222
831.082 7066.668
831.383 6847.206
831.684 6632.666
831.985 6409.646
832.286 6197.296
832.586 5996.889
832.887 5803.811
833.188 5601.048
833.489 5413.945
833.790 5234.526
834.090 5064.058
834.391 4889.930
834.692 4727.478
834.993 4573.786
835.294 4427.439
835.594 4271.069
835.895 4113.792
836.196 3969.621
836.497 3828.302
836.798 3687.843
837.099 3560.053
837.399 3448.117
837.700 3334.608
838.001 3216.718
838.302 3104.459
838.603 3007.991
838.903 2912.604
839.204 2820.324
839.505 2738.151
839.806 2656.171
840.107 2566.902
840.407 2473.465
840.708 2380.426
841.009 2302.059
841.310 2227.180
841.611 2142.908
841.911 2066.130
842.212 2012.173
842.513 1945.822
842.814 1877.743
843.115 1819.410
843.415 1769.844
843.716 1711.206
844.017 1647.687
844.318 1591.905
844.619 1548.848
844.919 1500.474
845.220 1451.980
845.521 1409.867
845.822 1360.703
846.123 1310.094
846.423 1270.069
846.724 1227.917
847.025 1186.498
847.326 1145.087
847.627 1104.060
847.928 1066.949
848.228 1033.356
848.529 1007.322
848.830 978.093
849.131 946.510
849.432 915.427
849.732 886.848
850.033 853.048
850.334 830.950
850.635 815.110
850.936 789.027
851.236 761.408
851.537 740.683
851.838 724.202
852.139 705.764
852.440 693.584
852.740 684.642
853.041 676.108
853.342 661.821
853.643 639.763
853.944 614.155
854.244 590.038
854.545 568.688
854.846 546.399
855.147 534.745
855.448 525.760
855.748 515.661
856.049 496.773
856.350 486.192
856.651 473.449
856.952 460.168
857.253 446.304
857.553 443.109
857.854 434.563
858.155 426.698
858.456 418.296
858.757 410.277
859.057 398.517
859.358 390.743
859.659 378.516
859.960 371.623
860.261 369.079
860.561 363.238
860.862 353.471
861.163 350.925
861.464 348.634
861.765 349.111
862.065 346.465
862.366 348.604
862.667 352.645
862.968 348.863
863.269 336.663
863.569 333.404
863.870 322.670
864.171 310.330
864.472 302.613
864.773 298.896
865.073 297.344
865.374 296.734
865.675 293.570
865.976 290.609
866.277 288.766
866.577 291.124
866.878 292.592
867.179 293.850
867.480 305.937
867.781 310.534
868.082 303.526
868.382 305.197
868.683 306.889
868.984 295.558
869.285 294.357
869.586 298.209
869.886 298.283
870.187 297.125
870.488 303.619
870.789 311.189
871.090 313.151
871.390 316.869
871.691 322.113
871.992 325.794
872.293 323.279
872.594 321.454
872.894 323.181
873.195 325.567
873.496 322.264
873.797 320.752
874.098 331.980
874.398 340.022
874.699 351.039
875.000 358.898
875.301 373.113
875.602 385.148
875.902 387.655
876.203 377.905
876.504 375.884
876.805 377.814
877.106 370.176
877.407 373.446
877.707 390.214
878.008 401.391
878.309 405.317
878.610 416.192
878.911 426.510
879.211 426.639
879.512 429.617
879.813 431.720
880.114 434.677
880.415 438.997
880.715 454.756
881.016 466.206
881.317 474.305
881.618 489.185
881.919 496.267
882.219 490.997
882.520 500.061
882.821 511.739
883.122 503.576
883.423 503.660
883.723 516.816
884.024 522.253
884.325 519.904
884.626 530.396
884.927 544.137
885.227 544.842
885.528 554.126
885.829 569.396
886.130 574.277
886.431 582.161
886.731 602.422
887.032 606.595
887.333 618.157
887.634 632.240
887.935 634.885
888.236 632.358
888.536 638.850
888.837 639.762
889.138 644.899
889.439 647.368
889.740 651.833
890.040 656.840
890.341 661.001
890.642 667.113
890.943 677.935
891.244 677.562
891.544 675.019
891.845 675.684
892.146 674.038
892.447 670.411
892.748 678.474
893.048 691.671
893.349 698.980
893.650 699.961
893.951 702.335
894.252 700.947
894.552 691.150
894.853 688.794
895.154 694.673
895.455 698.966
895.756 704.989
896.056 711.639
896.357 705.420
896.658 700.440
896.959 695.991
897.260 683.935
897.561 677.620
897.861 680.457
898.162 682.444
898.463 687.405
898.764 702.361
899.065 711.991
899.365 716.339
899.666 720.146
899.967 718.051
900.268 711.881
900.569 704.466
900.869 701.795
901.170 698.317
901.471 694.146
901.772 689.466
902.073 681.772
902.373 672.942
902.674 665.121
902.975 667.661
903.276 679.963
903.577 687.287
903.877 691.747
904.178 701.125
904.479 694.235
904.780 679.112
905.081 678.313
905.381 678.379
905.682 677.178
905.983 679.527
906.284 673.389
906.585 664.317
906.885 660.919
907.186 659.516
907.487 658.617
907.788 660.372
908.089 652.078
908.390 634.964
908.690 618.775
908.991 609.579
909.292 598.244
909.593 596.528
909.894 603.776
910.194 605.712
910.495 603.938
910.796 603.753
911.097 599.156
911.398 596.564
911.698 591.516
911.999 590.462
912.300 593.327
912.607 596.939
912.915 590.710
913.222 586.384
913.529 572.460
913.837 559.992
914.144 556.791
914.451 555.158
914.759 551.260
915.066 553.385
915.374 545.015
915.681 537.689
915.988 536.789
916.296 528.644
916.603 516.746
916.910 509.483
917.218 502.471
917.525 490.588
917.832 494.658
918.140 503.563
918.447 502.685
918.754 495.763
919.062 496.059
919.369 490.289
919.677 476.446
919.984 470.958
920.291 469.810
920.599 462.847
920.906 452.461
921.213 446.778
921.521 446.306
921.828 437.145
922.135 429.355
922.443 420.616
922.750 413.062
923.057 404.616
923.365 398.871
923.672 391.226
923.980 388.133
924.287 387.505
924.594 395.529
924.902 397.001
925.209 388.096
925.516 375.478
925.824 373.547
926.131 356.088
926.438 347.399
926.746 345.793
927.053 343.352
927.360 329.508
927.668 326.228
927.975 315.319
928.283 318.675
928.590 325.054
928.897 327.903
929.205 321.584
929.512 324.716
929.819 316.251
930.127 307.102
930.434 302.286
930.741 306.381
931.049 307.528
931.356 300.504
931.663 286.384
931.971 280.659
932.278 280.449
932.586 275.181
932.893 278.029
933.200 287.527
933.508 287.114
933.815 278.187
934.122 269.673
934.430 264.771
934.737 254.682
935.044 242.787
935.352 231.298
935.659 234.316
935.966 233.211
936.274 242.305
936.581 251.791
936.889 261.478
937.196 262.195
937.503 263.015
937.811 256.420
938.118 246.623
938.425 237.848
938.733 221.408
939.040 211.650
939.347 196.425
939.655 194.776
939.962 194.157
940.269 199.214
940.577 206.211
940.884 220.579
941.191 221.043
941.499 222.082
941.806 225.846
942.114 227.835
942.421 232.960
942.728 246.693
943.036 250.455
943.343 248.878
943.650 241.704
943.958 222.616
944.265 198.469
944.572 193.702
944.880 191.320
945.187 182.637
945.494 184.803
945.802 196.511
946.109 194.228
946.417 190.305
946.724 191.293
947.031 177.263
947.339 160.075
947.646 144.947
947.953 131.751
948.261 128.029
948.568 150.619
948.875 166.850
949.183 173.477
949.490 178.816
949.797 177.927
950.105 169.271
950.412 158.522
950.720 162.580
951.027 174.178
951.334 183.336
951.642 188.436
951.949 193.791
952.256 189.768
952.564 179.661
952.871 173.189
953.178 160.693
953.486 146.347
953.793 143.833
954.100 141.395
954.408 142.999
954.715 143.442
955.023 150.096
955.330 153.082
955.637 146.746
955.945 144.040
956.252 152.028
956.559 150.100
956.867 146.848
957.174 157.645
957.481 158.738
957.789 153.030
958.096 153.428
958.403 151.432
958.711 137.425
959.018 128.267
959.326 121.642
959.633 112.159
959.940 106.497
960.248 111.328
960.555 117.072
960.862 118.628
961.170 125.580
961.477 133.295
961.784 131.051
962.092 125.558
962.399 111.448
962.706 102.418
963.014 95.203
963.321 92.034
963.629 94.008
963.936 111.341
964.243 125.036
964.551 132.030
964.858 142.686
965.165 145.305
965.473 137.652
965.780 125.391
966.092 115.978
966.404 111.629
966.716 107.358
967.028 110.922
967.340 113.319
967.652 105.993
967.964 98.586
968.276 93.088
968.588 88.685
968.900 91.552
969.212 98.671
969.524 91.839
969.836 90.199
970.148 90.669
970.460 92.175
970.772 87.530
971.084 96.564
971.396 103.193
971.708 101.832
972.020 98.068
972.332 96.936
972.644 95.436
972.956 89.722
973.268 87.954
973.580 86.875
973.892 88.301
974.204 97.540
974.516 109.408
974.828 108.911
975.140 100.698
975.452 99.895
975.764 100.733
976.076 93.821
976.388 94.061
976.700 99.475
977.012 100.117
977.324 79.075
977.636 80.579
977.948 89.658
978.260 89.168
978.572 93.917
978.884 100.801
979.196 81.691
979.508 70.845
979.820 73.848
980.132 71.006
980.444 71.331
980.756 80.245
981.068 72.926
981.380 74.154
981.692 75.952
982.004 78.363
982.316 84.897
982.628 88.512
982.940 87.041
983.252 88.292
983.564 87.436
983.876 80.332
984.188 82.614
984.500 85.091
984.812 85.786
985.124 87.270
985.436 98.356
985.748 101.645
986.060 95.001
986.372 96.229
986.684 97.947
986.996 91.765
987.308 94.978
987.620 102.574
987.932 95.828
988.244 91.319
988.556 94.296
988.868 91.539
989.180 89.214
989.492 96.680
989.804 101.046
990.116 96.975
990.428 96.310
990.740 94.388
991.052 88.833
991.364 87.563
991.676 88.724
991.988 83.572
992.300 77.829
992.612 78.605
992.924 74.146
993.236 68.294
993.548 73.821
993.860 85.681
994.172 92.240
994.484 94.612
994.796 91.213
995.108 85.705
995.420 76.284
995.732 73.762
996.044 78.810
996.356 84.474
996.668 89.043
996.980 83.630
997.292 73.302
997.604 67.291
997.916 62.990
998.228 57.021
998.540 68.395
998.852 75.959
999.164 72.582
999.476 74.135
999.788 80.366
1000.100 76.840
1000.412 74.234
1000.724 81.665
1001.036 84.844
1001.348 81.214
1001.660 87.496
1001.972 94.277
1002.284 101.623
1002.596 106.654
1002.908 98.284
1003.220 87.657
1003.532 80.036
1003.844 74.945
1004.156 73.924
1004.468 87.606
1004.780 96.638
1005.092 108.859
1005.404 105.507
1005.716 99.344
1006.028 99.618
1006.340 103.303
1006.652 94.519
1006.964 78.939
1007.276 79.008
1007.588 76.492
1007.900 70.620
1008.212 73.665
1008.524 89.764
1008.836 94.029
1009.148 98.046
1009.460 101.531
1009.772 91.636
1010.084 87.075
1010.396 78.924
1010.708 68.762
1011.020 59.851
1011.332 65.458
1011.644 62.687
1011.956 71.841
1012.268 85.769
1012.580 93.052
1012.892 97.762
1013.204 101.721
1013.516 99.331
1013.828 94.379
1014.140 85.023
1014.452 75.859
1014.764 83.547
1015.076 90.474
1015.388 90.441
1015.700 99.952
1016.012 110.715
1016.324 107.568
1016.636 102.432
1016.948 96.384
1017.260 86.433
1017.572 80.027
1017.884 77.839
1018.196 75.498
1018.508 77.455
1018.820 80.459
1019.132 70.589
1019.444 72.367
1019.756 78.272
1020.068 78.941
1020.380 79.689
1020.692 89.968
1021.004 87.970
1021.316 83.682
1021.628 87.823
1021.940 91.192
1022.252 87.308
1022.564 84.851
1022.876 75.084
1023.188 68.956
1023.500 68.895
1023.812 64.872
1024.124 56.132
1024.436 68.362
1024.748 76.055
1025.060 79.631
1025.372 91.379
1025.684 104.216
1025.996 98.199
1026.308 88.238
1026.620 78.037
1026.932 67.068
1027.244 60.065
1027.556 59.683
1027.868 67.947
1028.180 72.707
1028.492 69.206
1028.804 67.151
1029.116 71.660
1029.428 69.024
1029.740 75.960
1030.052 92.304
1030.364 102.270
1030.676 106.763
1030.988 108.135
1031.300 102.834
1031.612 93.090
1031.924 86.779
1032.236 75.994
1032.548 70.129
1032.860 65.475
1033.172 66.229
1033.484 70.687
1033.796 78.705
1034.108 78.196
1034.420 77.908
1034.732 73.501
1035.044 68.494
1035.356 59.087
1035.668 63.680
1035.980 70.073
1036.292 78.867
1036.604 80.660
1036.916 85.253
1037.228 78.646
1037.540 66.439
1037.852 61.032
1038.164 63.425
1038.476 67.418
1038.788 70.611
1039.100 80.004
1039.412 77.796
1039.724 71.189
1040.036 67.982
1040.348 73.175
1040.660 75.368
1040.972 82.761
1041.284 94.754
1041.596 95.546
1041.908 94.139
1042.220 97.532
1042.532 96.125
1042.844 90.317
1043.156 90.710
1043.468 90.903
1043.780 88.095
1044.092 90.888
1044.404 94.081
1044.716 93.473
1045.028 97.266
1045.340 99.658
1045.652 93.651
1045.964 89.643
1046.276 97.036
1046.588 87.628
1046.900 76.621
1047.212 68.613
1047.524 62.606
1047.836 50.198
1048.148 51.190
1048.460 55.783
1048.772 65.575
1049.084 68.967
1049.396 71.760
1049.708 77.152
1050.020 81.144
1050.332 87.536
1050.644 98.129
1050.956 107.721
1051.268 108.113
1051.580 105.905
1051.892 98.497
1052.204 83.090
1052.516 70.482
1052.828 70.674
1053.140 74.466
1053.452 84.258
1053.764 94.450
1054.076 97.642
1054.388 98.234
1054.700 94.226
1055.012 81.818
1055.324 80.610
1055.636 81.401
1055.948 76.593
1056.260 83.185
1056.572 90.377
1056.884 90.969
1057.196 92.161
1057.508 87.552
1057.820 82.344
1058.132 86.736
1058.444 89.328
1058.756 86.719
1059.068 89.911
1059.380 89.302
1059.692 84.694
1060.004 81.686
1060.316 83.877
1060.628 84.069
1060.940 80.660
1061.252 76.852
1061.564 77.443
1061.876 76.035
1062.188 76.626
1062.500 69.618
1062.812 63.809
1063.124 64.400
1063.436 68.392
1063.748 70.783
1064.060 74.374
1064.372 75.766
1064.684 72.157
1064.996 74.948
1065.308 75.939
1065.620 79.731
1065.932 80.322
1066.244 77.113
1066.556 73.504
1066.868 73.295
1067.180 76.686
1067.492 80.877
1067.804 87.068
1068.116 85.059
1068.428 78.450
1068.740 77.641
1069.052 86.032
1069.364 92.423
1069.676 98.214
1069.988 109.005
1070.300 114.796
1070.612 109.986
1070.924 100.577
1071.236 101.768
1071.548 96.959
1071.860 96.749
1072.172 97.740
1072.484 91.731
1072.796 83.121
1073.108 82.912
1073.420 78.703
1073.732 81.893
1074.044 100.884
1074.356 108.274
1074.668 109.865
1074.980 107.655
1075.292 100.846
1075.604 86.436
1075.916 76.227
1076.228 78.817
1076.540 83.207
1076.852 87.998
1077.164 91.988
1077.476 93.178
1077.788 88.168
1078.100 91.759
1078.412 97.949
1078.724 97.739
1079.036 103.529
1079.348 106.719
1079.660 101.909
1079.972 93.300
1080.284 98.690
1080.596 98.280
1080.908 98.070
1081.220 93.260
1081.532 98.850
1081.844 103.039
1082.156 98.229
1082.468 91.619
1082.780 86.409
1083.092 75.799
1083.404 63.189
1083.716 67.178
1084.028 72.968
1084.340 84.358
1084.652 86.948
1084.964 90.737
1085.276 94.927
1085.588 96.516
1085.900 93.906
1086.212 98.296
1086.524 101.085
1086.836 101.275
1087.148 101.864
1087.460 105.854
1087.772 114.243
1088.084 114.032
1088.396 104.622
1088.708 95.411
1089.020 85.000
1089.332 70.590
1089.644 68.579
1089.956 77.768
1090.268 85.157
1090.580 90.747
1090.892 95.736
1091.204 98.925
1091.516 96.714
1091.828 91.303
1092.140 88.492
1092.464 91.281
1092.788 90.470
1093.112 89.659
1093.436 94.448
1093.760 100.237
1094.084 93.426
1094.408 85.014
1094.732 86.203
1095.056 85.392
1095.380 86.781
1095.703 95.970
1096.027 103.558
1096.351 100.747
1096.675 96.136
1096.999 90.724
1097.323 85.313
1097.647 84.901
1097.971 85.090
1098.295 90.278
1098.619 96.467
1098.943 101.455
1099.267 100.044
1099.591 104.432
1099.915 115.020
1100.239 116.809
1100.563 107.597
1100.887 99.185
1101.211 94.774
1101.535 82.762
1101.859 76.750
1102.182 83.738
1102.506 90.326
1102.830 92.914
1103.154 100.702
1103.478 100.690
1103.802 98.678
1104.126 102.066
1104.450 99.654
1104.774 87.242
1105.098 82.430
1105.422 80.418
1105.746 75.606
1106.070 73.394
1106.394 82.181
1106.718 87.769
1107.042 94.157
1107.366 98.345
1107.690 99.332
1108.014 90.120
1108.338 89.507
1108.662 85.695
1108.985 90.283
1109.309 92.670
1109.633 98.057
1109.957 103.845
1110.281 108.232
1110.605 106.620
1110.929 103.407
1111.253 97.594
1111.577 86.982
1111.901 79.369
1112.225 77.556
1112.549 86.343
1112.873 96.130
1113.197 103.918
1113.521 110.505
1113.845 111.092
1114.169 105.679
1114.493 102.266
1114.817 112.053
1115.141 114.040
1115.464 111.227
1115.788 109.214
1116.112 111.400
1116.436 99.587
1116.760 91.574
1117.084 84.161
1117.408 80.748
1117.732 77.534
1118.056 72.321
1118.380 71.108
1118.704 77.294
1119.028 88.881
1119.352 95.867
1119.676 99.454
1120.000 101.840
1120.324 105.427
1120.648 101.413
1120.972 94.000
1121.296 96.386
1121.620 102.372
1121.944 100.359
1122.267 94.745
1122.591 97.131
1122.915 92.917
1123.239 87.103
1123.563 84.890
1123.887 83.876
1124.211 83.262
1124.535 79.648
1124.859 78.034
1125.183 83.020
1125.507 85.806
1125.831 81.192
1126.155 89.578
1126.479 89.563
1126.803 86.549
1127.127 85.735
1127.451 89.921
1127.775 90.906
1128.099 92.092
1128.423 93.878
1128.746 95.263
1129.070 93.249
1129.394 91.035
1129.718 87.620
1130.042 87.406
1130.366 97.591
1130.690 102.377
1131.014 100.962
1131.338 107.347
1131.662 111.933
1131.986 109.718
1132.310 111.103
1132.634 107.689
1132.958 101.674
1133.282 93.859
1133.606 82.444
1133.930 81.229
1134.254 84.414
1134.578 81.400
1134.902 80.985
1135.226 88.570
1135.549 89.355
1135.873 85.740
1136.197 75.924
1136.521 74.909
1136.845 72.294
1137.169 62.279
1137.493 57.064
1137.817 71.449
1138.141 67.633
1138.465 50.418
1138.789 55.403
1139.113 67.387
1139.437 64.172
1139.761 66.956
1140.085 80.141
1140.409 79.525
1140.733 81.510
1141.057 89.494
1141.381 94.279
1141.705 96.663
1142.028 96.448
1142.352 84.432
1142.676 80.416
1143.000 85.000
1143.324 86.185
1143.648 94.769
1143.972 106.353
1144.296 113.537
1144.620 109.721
1144.944 108.505
1145.268 102.290
1145.592 96.274
1145.916 93.258
1146.240 84.842
1146.564 77.825
1146.888 71.409
1147.212 63.193
1147.536 51.577
1147.860 59.761
1148.184 63.345
1148.507 64.528
1148.831 68.912
1149.155 68.896
1149.479 65.280
1149.803 68.463
1150.127 76.447
1150.451 83.030
1150.775 88.214
1151.099 88.398
1151.423 83.781
1151.747 79.964
1152.071 77.948
1152.395 81.131
1152.719 76.315
1153.043 72.298
1153.367 72.081
1153.691 76.065
1154.015 80.848
1154.339 99.031
1154.663 110.815
1154.987 107.398
1155.310 107.581
1155.634 100.564
1155.958 88.947
1156.282 90.730
1156.606 94.313
1156.930 87.696
1157.254 85.879
1157.578 84.862
1157.902 80.845
1158.226 78.028
1158.550 80.011
1158.874 79.394
1159.198 83.377
1159.522 91.160
1159.846 100.342
1160.170 107.525
1160.494 110.908
1160.818 102.691
1161.142 90.473
1161.466 85.256
1161.790 74.439
1162.113 72.421
1162.437 81.604
1162.761 84.787
1163.085 85.369
1163.409 96.752
1163.733 100.734
1164.057 97.917
1164.381 100.699
1164.705 105.282
1165.029 96.664
1165.353 94.246
1165.677 89.629
1166.001 80.411
1166.325 62.993
1166.649 60.776
1166.973 64.958
1167.297 67.140
1167.621 76.523
1167.945 89.105
1168.269 91.887
1168.592 84.669
1168.916 86.651
1169.240 85.433
1169.564 85.616
1169.888 88.598
1170.212 93.180
1170.536 95.562
1170.860 94.944
1171.184 94.526
1171.508 100.308
1171.832 102.890
1172.156 95.872
1172.480 97.454
1172.804 104.636
1173.128 96.218
1173.452 94.200
1173.776 98.381
1174.100 96.763
1174.424 88.345
1174.748 88.527
1175.072 83.109
1175.395 71.691
1175.719 63.872
1176.043 61.654
1176.367 64.836
1176.691 71.818
1177.015 90.199
1177.339 100.981
1177.663 100.563
1177.987 99.745
1178.311 98.926
1178.635 92.908
1178.959 90.090
1179.283 91.271
1179.607 89.253
1179.931 86.234
1180.255 82.216
1180.579 86.798
1180.903 98.979
1181.227 99.161
1181.551 95.542
1181.874 100.124
1182.198 97.905
1182.522 89.487
1182.846 90.468
1183.170 94.250
1183.494 96.832
1183.818 101.013
1184.142 96.595
1184.466 95.976
1184.790 97.757
1185.114 97.339
1185.438 94.520
1185.762 92.302
1186.086 91.083
1186.410 86.665
1186.734 84.646
1187.058 81.428
1187.382 85.009
1187.706 89.191
1188.030 92.372
1188.353 95.353
1188.677 92.335
1189.001 90.316
1189.325 80.698
1189.649 70.879
1189.973 57.861
1190.297 59.242
1190.621 64.623
1190.945 74.005
1191.269 89.786
1191.593 100.168
1191.917 101.749
1192.241 105.531
1192.565 109.712
1192.889 104.293
1193.213 101.075
1193.537 101.256
1193.861 97.638
1194.185 89.019
1194.509 87.601
1194.833 84.582
1195.156 86.164
1195.480 88.145
1195.804 90.127
1196.128 92.908
1196.452 99.690
1196.776 103.471
1197.100 104.853
1197.424 104.634
1197.748 101.216
1198.072 99.597
1198.396 88.979
1198.720 82.160
1199.044 85.142
1199.368 90.723
1199.692 84.905
1200.016 84.287
1200.340 84.068
1200.664 78.250
1200.988 76.232
1201.312 81.613
1201.635 81.595
1201.959 81.377
1202.283 86.358
1202.607 93.340
1202.931 99.522
1203.255 105.904
1203.579 103.286
1203.903 99.667
1204.227 92.649
1204.551 85.031
1204.875 85.613
1205.199 85.795
1205.523 84.177
1205.847 89.959
1206.171 98.541
1206.495 98.123
1206.819 106.305
1207.143 109.887
1207.467 97.869
1207.791 86.051
1208.115 84.433
1208.438 79.815
1208.762 82.997
1209.086 90.580
1209.410 94.162
1209.734 97.144
1210.058 103.926
1210.382 111.909
1210.706 111.691
1211.030 113.873
1211.354 110.056
1211.678 105.038
1212.002 94.421
1212.326 89.603
1212.650 85.786
1212.974 87.568
1213.298 79.951
1213.622 75.534
1213.946 78.916
1214.270 79.699
1214.594 71.482
1214.917 72.265
1215.241 80.847
1215.565 84.430
1215.889 87.213
1216.213 83.996
1216.537 95.179
1216.861 92.362
1217.185 80.745
1217.509 82.129
1217.833 106.912
1218.157 110.695
1218.481 108.278
1218.805 112.662
1219.129 103.645
1219.453 79.628
1219.777 71.412
1220.101 76.995
1220.425 77.579
1220.749 87.562
1221.073 104.746
1221.397 105.730
1221.720 106.514
1222.044 107.497
1222.368 100.081
1222.692 90.265
1223.016 86.849
1223.340 77.833
1223.664 74.017
1223.988 82.201
1224.312 90.586
1224.636 93.970
1224.960 99.154
1225.284 106.339
1225.608 106.923
1225.932 102.908
1226.256 96.292
1226.580 86.477
1226.904 84.461
1227.228 75.246
1227.552 69.831
1227.876 73.816
1228.199 81.201
1228.523 83.386
1228.847 86.171
1229.171 79.556
1229.495 67.741
1229.819 67.126
1230.143 70.512
1230.467 72.697
1230.791 75.683
1231.115 82.868
1231.439 81.654
1231.763 71.797
1232.087 64.706
